820.829 150.822
911.738 150.822
1002.647 150.822
1093.557 150.822
1184.466 150.822
1275.375 150.822
639.011 241.731
729.920 241.731
820.829 241.731
911.738 241.731
1002.647 241.731
1093.557 241.731
1184.466 241.731
1275.375 241.731
1366.284 241.731
1457.193 241.731
457.193 332.641
548.102 332.641
639.011 332.641
729.920 332.641
820.829 332.641
911.738 332.641
1002.647 332.641
1093.557 332.641
1184.466 332.641
1275.375 332.641
1366.284 332.641
1457.193 332.641
1548.102 332.641
1639.011 332.641
366.284 423.550
457.193 423.550
548.102 423.550
639.011 423.550
729.920 423.550
820.829 423.550
911.738 423.550
1002.647 423.550
1093.557 423.550
1184.466 423.550
1275.375 423.550
1366.284 423.550
1457.193 423.550
1548.102 423.550
1639.011 423.550
1729.920 423.550
366.284 514.459
457.193 514.459
548.102 514.459
639.011 514.459
729.920 514.459
820.829 514.459
911.738 514.459
1002.647 514.459
1093.557 514.459
1184.466 514.459
1275.375 514.459
1366.284 514.459
1457.193 514.459
1548.102 514.459
1639.011 514.459
1729.920 514.459
275.375 605.368
366.284 605.368
457.193 605.368
548.102 605.368
639.011 605.368
729.920 605.368
820.829 605.368
911.738 605.368
1002.647 605.368
1093.557 605.368
1184.466 605.368
1275.375 605.368
1366.284 605.368
1457.193 605.368
1548.102 605.368
1639.011 605.368
1729.920 605.368
1820.829 605.368
275.375 696.277
366.284 696.277
457.193 696.277
548.102 696.277
639.011 696.277
729.920 696.277
820.829 696.277
911.738 696.277
1002.647 696.277
1093.557 696.277
1184.466 696.277
1275.375 696.277
1366.284 696.277
1457.193 696.277
1548.102 696.277
1639.011 696.277
1729.920 696.277
1820.829 696.277
184.466 787.186
275.375 787.186
366.284 787.186
457.193 787.186
548.102 787.186
639.011 787.186
729.920 787.186
820.829 787.186
911.738 787.186
1002.647 787.186
1093.557 787.186
1184.466 787.186
1275.375 787.186
1366.284 787.186
1457.193 787.186
1548.102 787.186
1639.011 787.186
1729.920 787.186
1820.829 787.186
1911.738 787.186
184.466 878.095
275.375 878.095
366.284 878.095
457.193 878.095
548.102 878.095
639.011 878.095
729.920 878.095
820.829 878.095
911.738 878.095
1002.647 878.095
1093.557 878.095
1184.466 878.095
1275.375 878.095
1366.284 878.095
1457.193 878.095
1548.102 878.095
1639.011 878.095
1729.920 878.095
1820.829 878.095
1911.738 878.095
184.466 969.004
275.375 969.004
366.284 969.004
457.193 969.004
548.102 969.004
639.011 969.004
729.920 969.004
820.829 969.004
911.738 969.004
1002.647 969.004
1093.557 969.004
1184.466 969.004
1275.375 969.004
1366.284 969.004
1457.193 969.004
1548.102 969.004
1639.011 969.004
1729.920 969.004
1820.829 969.004
1911.738 969.004
184.466 1059.913
275.375 1059.913
366.284 1059.913
457.193 1059.913
548.102 1059.913
639.011 1059.913
729.920 1059.913
820.829 1059.913
911.738 1059.913
1002.647 1059.913
1093.557 1059.913
1184.466 1059.913
1275.375 1059.913
1366.284 1059.913
1457.193 1059.913
1548.102 1059.913
1639.011 1059.913
1729.920 1059.913
1820.829 1059.913
1911.738 1059.913
184.466 1150.822
275.375 1150.822
366.284 1150.822
457.193 1150.822
548.102 1150.822
639.011 1150.822
729.920 1150.822
820.829 1150.822
911.738 1150.822
1002.647 1150.822
1093.557 1150.822
1184.466 1150.822
1275.375 1150.822
1366.284 1150.822
1457.193 1150.822
1548.102 1150.822
1639.011 1150.822
1729.920 1150.822
1820.829 1150.822
1911.738 1150.822
184.466 1241.731
275.375 1241.731
366.284 1241.731
457.193 1241.731
548.102 1241.731
639.011 1241.731
729.920 1241.731
820.829 1241.731
911.738 1241.731
1002.647 1241.731
1093.557 1241.731
1184.466 1241.731
1275.375 1241.731
1366.284 1241.731
1457.193 1241.731
1548.102 1241.731
1639.011 1241.731
1729.920 1241.731
1820.829 1241.731
1911.738 1241.731
275.375 1332.641
366.284 1332.641
457.193 1332.641
548.102 1332.641
639.011 1332.641
729.920 1332.641
820.829 1332.641
911.738 1332.641
1002.647 1332.641
1093.557 1332.641
1184.466 1332.641
1275.375 1332.641
1366.284 1332.641
1457.193 1332.641
1548.102 1332.641
1639.011 1332.641
1729.920 1332.641
1820.829 1332.641
275.375 1423.550
366.284 1423.550
457.193 1423.550
548.102 1423.550
639.011 1423.550
729.920 1423.550
820.829 1423.550
911.738 1423.550
1002.647 1423.550
1093.557 1423.550
1184.466 1423.550
1275.375 1423.550
1366.284 1423.550
1457.193 1423.550
1548.102 1423.550
1639.011 1423.550
1729.920 1423.550
1820.829 1423.550
366.284 1514.459
457.193 1514.459
548.102 1514.459
639.011 1514.459
729.920 1514.459
820.829 1514.459
911.738 1514.459
1002.647 1514.459
1093.557 1514.459
1184.466 1514.459
1275.375 1514.459
1366.284 1514.459
1457.193 1514.459
1548.102 1514.459
1639.011 1514.459
1729.920 1514.459
366.284 1605.368
457.193 1605.368
548.102 1605.368
639.011 1605.368
729.920 1605.368
820.829 1605.368
911.738 1605.368
1002.647 1605.368
1093.557 1605.368
1184.466 1605.368
1275.375 1605.368
1366.284 1605.368
1457.193 1605.368
1548.102 1605.368
1639.011 1605.368
1729.920 1605.368
457.193 1696.277
548.102 1696.277
639.011 1696.277
729.920 1696.277
820.829 1696.277
911.738 1696.277
1002.647 1696.277
1093.557 1696.277
1184.466 1696.277
1275.375 1696.277
1366.284 1696.277
1457.193 1696.277
1548.102 1696.277
1639.011 1696.277
639.011 1787.186
729.920 1787.186
820.829 1787.186
911.738 1787.186
1002.647 1787.186
1093.557 1787.186
1184.466 1787.186
1275.375 1787.186
1366.284 1787.186
1457.193 1787.186
820.829 1878.095
911.738 1878.095
1002.647 1878.095
1093.557 1878.095
1184.466 1878.095
1275.375 1878.095
