821.240 150.174
912.149 150.174
1003.059 150.174
1093.968 150.174
1184.877 150.174
1275.786 150.174
639.422 241.083
730.331 241.083
821.240 241.083
912.149 241.083
1003.059 241.083
1093.968 241.083
1184.877 241.083
1275.786 241.083
1366.695 241.083
1457.604 241.083
457.604 331.993
548.513 331.993
639.422 331.993
730.331 331.993
821.240 331.993
912.149 331.993
1003.059 331.993
1093.968 331.993
1184.877 331.993
1275.786 331.993
1366.695 331.993
1457.604 331.993
1548.513 331.993
1639.422 331.993
366.695 422.902
457.604 422.902
548.513 422.902
639.422 422.902
730.331 422.902
821.240 422.902
912.149 422.902
1003.059 422.902
1093.968 422.902
1184.877 422.902
1275.786 422.902
1366.695 422.902
1457.604 422.902
1548.513 422.902
1639.422 422.902
1730.331 422.902
366.695 513.811
457.604 513.811
548.513 513.811
639.422 513.811
730.331 513.811
821.240 513.811
912.149 513.811
1003.059 513.811
1093.968 513.811
1184.877 513.811
1275.786 513.811
1366.695 513.811
1457.604 513.811
1548.513 513.811
1639.422 513.811
1730.331 513.811
275.786 604.720
366.695 604.720
457.604 604.720
548.513 604.720
639.422 604.720
730.331 604.720
821.240 604.720
912.149 604.720
1003.059 604.720
1093.968 604.720
1184.877 604.720
1275.786 604.720
1366.695 604.720
1457.604 604.720
1548.513 604.720
1639.422 604.720
1730.331 604.720
1821.240 604.720
275.786 695.629
366.695 695.629
457.604 695.629
548.513 695.629
639.422 695.629
730.331 695.629
821.240 695.629
912.149 695.629
1003.059 695.629
1093.968 695.629
1184.877 695.629
1275.786 695.629
1366.695 695.629
1457.604 695.629
1548.513 695.629
1639.422 695.629
1730.331 695.629
1821.240 695.629
184.877 786.538
275.786 786.538
366.695 786.538
457.604 786.538
548.513 786.538
639.422 786.538
730.331 786.538
821.240 786.538
912.149 786.538
1003.059 786.538
1093.968 786.538
1184.877 786.538
1275.786 786.538
1366.695 786.538
1457.604 786.538
1548.513 786.538
1639.422 786.538
1730.331 786.538
1821.240 786.538
1912.149 786.538
184.877 877.447
275.786 877.447
366.695 877.447
457.604 877.447
548.513 877.447
639.422 877.447
730.331 877.447
821.240 877.447
912.149 877.447
1003.059 877.447
1093.968 877.447
1184.877 877.447
1275.786 877.447
1366.695 877.447
1457.604 877.447
1548.513 877.447
1639.422 877.447
1730.331 877.447
1821.240 877.447
1912.149 877.447
184.877 968.356
275.786 968.356
366.695 968.356
457.604 968.356
548.513 968.356
639.422 968.356
730.331 968.356
821.240 968.356
912.149 968.356
1003.059 968.356
1093.968 968.356
1184.877 968.356
1275.786 968.356
1366.695 968.356
1457.604 968.356
1548.513 968.356
1639.422 968.356
1730.331 968.356
1821.240 968.356
1912.149 968.356
184.877 1059.265
275.786 1059.265
366.695 1059.265
457.604 1059.265
548.513 1059.265
639.422 1059.265
730.331 1059.265
821.240 1059.265
912.149 1059.265
1003.059 1059.265
1093.968 1059.265
1184.877 1059.265
1275.786 1059.265
1366.695 1059.265
1457.604 1059.265
1548.513 1059.265
1639.422 1059.265
1730.331 1059.265
1821.240 1059.265
1912.149 1059.265
184.877 1150.174
275.786 1150.174
366.695 1150.174
457.604 1150.174
548.513 1150.174
639.422 1150.174
730.331 1150.174
821.240 1150.174
912.149 1150.174
1003.059 1150.174
1093.968 1150.174
1184.877 1150.174
1275.786 1150.174
1366.695 1150.174
1457.604 1150.174
1548.513 1150.174
1639.422 1150.174
1730.331 1150.174
1821.240 1150.174
1912.149 1150.174
184.877 1241.083
275.786 1241.083
366.695 1241.083
457.604 1241.083
548.513 1241.083
639.422 1241.083
730.331 1241.083
821.240 1241.083
912.149 1241.083
1003.059 1241.083
1093.968 1241.083
1184.877 1241.083
1275.786 1241.083
1366.695 1241.083
1457.604 1241.083
1548.513 1241.083
1639.422 1241.083
1730.331 1241.083
1821.240 1241.083
1912.149 1241.083
275.786 1331.993
366.695 1331.993
457.604 1331.993
548.513 1331.993
639.422 1331.993
730.331 1331.993
821.240 1331.993
912.149 1331.993
1003.059 1331.993
1093.968 1331.993
1184.877 1331.993
1275.786 1331.993
1366.695 1331.993
1457.604 1331.993
1548.513 1331.993
1639.422 1331.993
1730.331 1331.993
1821.240 1331.993
275.786 1422.902
366.695 1422.902
457.604 1422.902
548.513 1422.902
639.422 1422.902
730.331 1422.902
821.240 1422.902
912.149 1422.902
1003.059 1422.902
1093.968 1422.902
1184.877 1422.902
1275.786 1422.902
1366.695 1422.902
1457.604 1422.902
1548.513 1422.902
1639.422 1422.902
1730.331 1422.902
1821.240 1422.902
366.695 1513.811
457.604 1513.811
548.513 1513.811
639.422 1513.811
730.331 1513.811
821.240 1513.811
912.149 1513.811
1003.059 1513.811
1093.968 1513.811
1184.877 1513.811
1275.786 1513.811
1366.695 1513.811
1457.604 1513.811
1548.513 1513.811
1639.422 1513.811
1730.331 1513.811
366.695 1604.720
457.604 1604.720
548.513 1604.720
639.422 1604.720
730.331 1604.720
821.240 1604.720
912.149 1604.720
1003.059 1604.720
1093.968 1604.720
1184.877 1604.720
1275.786 1604.720
1366.695 1604.720
1457.604 1604.720
1548.513 1604.720
1639.422 1604.720
1730.331 1604.720
457.604 1695.629
548.513 1695.629
639.422 1695.629
730.331 1695.629
821.240 1695.629
912.149 1695.629
1003.059 1695.629
1093.968 1695.629
1184.877 1695.629
1275.786 1695.629
1366.695 1695.629
1457.604 1695.629
1548.513 1695.629
1639.422 1695.629
639.422 1786.538
730.331 1786.538
821.240 1786.538
912.149 1786.538
1003.059 1786.538
1093.968 1786.538
1184.877 1786.538
1275.786 1786.538
1366.695 1786.538
1457.604 1786.538
821.240 1877.447
912.149 1877.447
1003.059 1877.447
1093.968 1877.447
1184.877 1877.447
1275.786 1877.447
