820.822 150.840
911.731 150.840
1002.640 150.840
1093.550 150.840
1184.459 150.840
1275.368 150.840
639.004 241.749
729.913 241.749
820.822 241.749
911.731 241.749
1002.640 241.749
1093.550 241.749
1184.459 241.749
1275.368 241.749
1366.277 241.749
1457.186 241.749
457.186 332.658
548.095 332.658
639.004 332.658
729.913 332.658
820.822 332.658
911.731 332.658
1002.640 332.658
1093.550 332.658
1184.459 332.658
1275.368 332.658
1366.277 332.658
1457.186 332.658
1548.095 332.658
1639.004 332.658
366.277 423.568
457.186 423.568
548.095 423.568
639.004 423.568
729.913 423.568
820.822 423.568
911.731 423.568
1002.640 423.568
1093.550 423.568
1184.459 423.568
1275.368 423.568
1366.277 423.568
1457.186 423.568
1548.095 423.568
1639.004 423.568
1729.913 423.568
366.277 514.477
457.186 514.477
548.095 514.477
639.004 514.477
729.913 514.477
820.822 514.477
911.731 514.477
1002.640 514.477
1093.550 514.477
1184.459 514.477
1275.368 514.477
1366.277 514.477
1457.186 514.477
1548.095 514.477
1639.004 514.477
1729.913 514.477
275.368 605.386
366.277 605.386
457.186 605.386
548.095 605.386
639.004 605.386
729.913 605.386
820.822 605.386
911.731 605.386
1002.640 605.386
1093.550 605.386
1184.459 605.386
1275.368 605.386
1366.277 605.386
1457.186 605.386
1548.095 605.386
1639.004 605.386
1729.913 605.386
1820.822 605.386
275.368 696.295
366.277 696.295
457.186 696.295
548.095 696.295
639.004 696.295
729.913 696.295
820.822 696.295
911.731 696.295
1002.640 696.295
1093.550 696.295
1184.459 696.295
1275.368 696.295
1366.277 696.295
1457.186 696.295
1548.095 696.295
1639.004 696.295
1729.913 696.295
1820.822 696.295
184.459 787.204
275.368 787.204
366.277 787.204
457.186 787.204
548.095 787.204
639.004 787.204
729.913 787.204
820.822 787.204
911.731 787.204
1002.640 787.204
1093.550 787.204
1184.459 787.204
1275.368 787.204
1366.277 787.204
1457.186 787.204
1548.095 787.204
1639.004 787.204
1729.913 787.204
1820.822 787.204
1911.731 787.204
184.459 878.113
275.368 878.113
366.277 878.113
457.186 878.113
548.095 878.113
639.004 878.113
729.913 878.113
820.822 878.113
911.731 878.113
1002.640 878.113
1093.550 878.113
1184.459 878.113
1275.368 878.113
1366.277 878.113
1457.186 878.113
1548.095 878.113
1639.004 878.113
1729.913 878.113
1820.822 878.113
1911.731 878.113
184.459 969.022
275.368 969.022
366.277 969.022
457.186 969.022
548.095 969.022
639.004 969.022
729.913 969.022
820.822 969.022
911.731 969.022
1002.640 969.022
1093.550 969.022
1184.459 969.022
1275.368 969.022
1366.277 969.022
1457.186 969.022
1548.095 969.022
1639.004 969.022
1729.913 969.022
1820.822 969.022
1911.731 969.022
184.459 1059.931
275.368 1059.931
366.277 1059.931
457.186 1059.931
548.095 1059.931
639.004 1059.931
729.913 1059.931
820.822 1059.931
911.731 1059.931
1002.640 1059.931
1093.550 1059.931
1184.459 1059.931
1275.368 1059.931
1366.277 1059.931
1457.186 1059.931
1548.095 1059.931
1639.004 1059.931
1729.913 1059.931
1820.822 1059.931
1911.731 1059.931
184.459 1150.840
275.368 1150.840
366.277 1150.840
457.186 1150.840
548.095 1150.840
639.004 1150.840
729.913 1150.840
820.822 1150.840
911.731 1150.840
1002.640 1150.840
1093.550 1150.840
1184.459 1150.840
1275.368 1150.840
1366.277 1150.840
1457.186 1150.840
1548.095 1150.840
1639.004 1150.840
1729.913 1150.840
1820.822 1150.840
1911.731 1150.840
184.459 1241.749
275.368 1241.749
366.277 1241.749
457.186 1241.749
548.095 1241.749
639.004 1241.749
729.913 1241.749
820.822 1241.749
911.731 1241.749
1002.640 1241.749
1093.550 1241.749
1184.459 1241.749
1275.368 1241.749
1366.277 1241.749
1457.186 1241.749
1548.095 1241.749
1639.004 1241.749
1729.913 1241.749
1820.822 1241.749
1911.731 1241.749
275.368 1332.658
366.277 1332.658
457.186 1332.658
548.095 1332.658
639.004 1332.658
729.913 1332.658
820.822 1332.658
911.731 1332.658
1002.640 1332.658
1093.550 1332.658
1184.459 1332.658
1275.368 1332.658
1366.277 1332.658
1457.186 1332.658
1548.095 1332.658
1639.004 1332.658
1729.913 1332.658
1820.822 1332.658
275.368 1423.568
366.277 1423.568
457.186 1423.568
548.095 1423.568
639.004 1423.568
729.913 1423.568
820.822 1423.568
911.731 1423.568
1002.640 1423.568
1093.550 1423.568
1184.459 1423.568
1275.368 1423.568
1366.277 1423.568
1457.186 1423.568
1548.095 1423.568
1639.004 1423.568
1729.913 1423.568
1820.822 1423.568
366.277 1514.477
457.186 1514.477
548.095 1514.477
639.004 1514.477
729.913 1514.477
820.822 1514.477
911.731 1514.477
1002.640 1514.477
1093.550 1514.477
1184.459 1514.477
1275.368 1514.477
1366.277 1514.477
1457.186 1514.477
1548.095 1514.477
1639.004 1514.477
1729.913 1514.477
366.277 1605.386
457.186 1605.386
548.095 1605.386
639.004 1605.386
729.913 1605.386
820.822 1605.386
911.731 1605.386
1002.640 1605.386
1093.550 1605.386
1184.459 1605.386
1275.368 1605.386
1366.277 1605.386
1457.186 1605.386
1548.095 1605.386
1639.004 1605.386
1729.913 1605.386
457.186 1696.295
548.095 1696.295
639.004 1696.295
729.913 1696.295
820.822 1696.295
911.731 1696.295
1002.640 1696.295
1093.550 1696.295
1184.459 1696.295
1275.368 1696.295
1366.277 1696.295
1457.186 1696.295
1548.095 1696.295
1639.004 1696.295
639.004 1787.204
729.913 1787.204
820.822 1787.204
911.731 1787.204
1002.640 1787.204
1093.550 1787.204
1184.459 1787.204
1275.368 1787.204
1366.277 1787.204
1457.186 1787.204
820.822 1878.113
911.731 1878.113
1002.640 1878.113
1093.550 1878.113
1184.459 1878.113
1275.368 1878.113
