820.858 150.831
911.767 150.831
1002.676 150.831
1093.585 150.831
1184.494 150.831
1275.403 150.831
639.040 241.740
729.949 241.740
820.858 241.740
911.767 241.740
1002.676 241.740
1093.585 241.740
1184.494 241.740
1275.403 241.740
1366.312 241.740
1457.222 241.740
457.222 332.649
548.131 332.649
639.040 332.649
729.949 332.649
820.858 332.649
911.767 332.649
1002.676 332.649
1093.585 332.649
1184.494 332.649
1275.403 332.649
1366.312 332.649
1457.222 332.649
1548.131 332.649
1639.040 332.649
366.312 423.558
457.222 423.558
548.131 423.558
639.040 423.558
729.949 423.558
820.858 423.558
911.767 423.558
1002.676 423.558
1093.585 423.558
1184.494 423.558
1275.403 423.558
1366.312 423.558
1457.222 423.558
1548.131 423.558
1639.040 423.558
1729.949 423.558
366.312 514.468
457.222 514.468
548.131 514.468
639.040 514.468
729.949 514.468
820.858 514.468
911.767 514.468
1002.676 514.468
1093.585 514.468
1184.494 514.468
1275.403 514.468
1366.312 514.468
1457.222 514.468
1548.131 514.468
1639.040 514.468
1729.949 514.468
275.403 605.377
366.312 605.377
457.222 605.377
548.131 605.377
639.040 605.377
729.949 605.377
820.858 605.377
911.767 605.377
1002.676 605.377
1093.585 605.377
1184.494 605.377
1275.403 605.377
1366.312 605.377
1457.222 605.377
1548.131 605.377
1639.040 605.377
1729.949 605.377
1820.858 605.377
275.403 696.286
366.312 696.286
457.222 696.286
548.131 696.286
639.040 696.286
729.949 696.286
820.858 696.286
911.767 696.286
1002.676 696.286
1093.585 696.286
1184.494 696.286
1275.403 696.286
1366.312 696.286
1457.222 696.286
1548.131 696.286
1639.040 696.286
1729.949 696.286
1820.858 696.286
184.494 787.195
275.403 787.195
366.312 787.195
457.222 787.195
548.131 787.195
639.040 787.195
729.949 787.195
820.858 787.195
911.767 787.195
1002.676 787.195
1093.585 787.195
1184.494 787.195
1275.403 787.195
1366.312 787.195
1457.222 787.195
1548.131 787.195
1639.040 787.195
1729.949 787.195
1820.858 787.195
1911.767 787.195
184.494 878.104
275.403 878.104
366.312 878.104
457.222 878.104
548.131 878.104
639.040 878.104
729.949 878.104
820.858 878.104
911.767 878.104
1002.676 878.104
1093.585 878.104
1184.494 878.104
1275.403 878.104
1366.312 878.104
1457.222 878.104
1548.131 878.104
1639.040 878.104
1729.949 878.104
1820.858 878.104
1911.767 878.104
184.494 969.013
275.403 969.013
366.312 969.013
457.222 969.013
548.131 969.013
639.040 969.013
729.949 969.013
820.858 969.013
911.767 969.013
1002.676 969.013
1093.585 969.013
1184.494 969.013
1275.403 969.013
1366.312 969.013
1457.222 969.013
1548.131 969.013
1639.040 969.013
1729.949 969.013
1820.858 969.013
1911.767 969.013
184.494 1059.922
275.403 1059.922
366.312 1059.922
457.222 1059.922
548.131 1059.922
639.040 1059.922
729.949 1059.922
820.858 1059.922
911.767 1059.922
1002.676 1059.922
1093.585 1059.922
1184.494 1059.922
1275.403 1059.922
1366.312 1059.922
1457.222 1059.922
1548.131 1059.922
1639.040 1059.922
1729.949 1059.922
1820.858 1059.922
1911.767 1059.922
184.494 1150.831
275.403 1150.831
366.312 1150.831
457.222 1150.831
548.131 1150.831
639.040 1150.831
729.949 1150.831
820.858 1150.831
911.767 1150.831
1002.676 1150.831
1093.585 1150.831
1184.494 1150.831
1275.403 1150.831
1366.312 1150.831
1457.222 1150.831
1548.131 1150.831
1639.040 1150.831
1729.949 1150.831
1820.858 1150.831
1911.767 1150.831
184.494 1241.740
275.403 1241.740
366.312 1241.740
457.222 1241.740
548.131 1241.740
639.040 1241.740
729.949 1241.740
820.858 1241.740
911.767 1241.740
1002.676 1241.740
1093.585 1241.740
1184.494 1241.740
1275.403 1241.740
1366.312 1241.740
1457.222 1241.740
1548.131 1241.740
1639.040 1241.740
1729.949 1241.740
1820.858 1241.740
1911.767 1241.740
275.403 1332.649
366.312 1332.649
457.222 1332.649
548.131 1332.649
639.040 1332.649
729.949 1332.649
820.858 1332.649
911.767 1332.649
1002.676 1332.649
1093.585 1332.649
1184.494 1332.649
1275.403 1332.649
1366.312 1332.649
1457.222 1332.649
1548.131 1332.649
1639.040 1332.649
1729.949 1332.649
1820.858 1332.649
275.403 1423.558
366.312 1423.558
457.222 1423.558
548.131 1423.558
639.040 1423.558
729.949 1423.558
820.858 1423.558
911.767 1423.558
1002.676 1423.558
1093.585 1423.558
1184.494 1423.558
1275.403 1423.558
1366.312 1423.558
1457.222 1423.558
1548.131 1423.558
1639.040 1423.558
1729.949 1423.558
1820.858 1423.558
366.312 1514.468
457.222 1514.468
548.131 1514.468
639.040 1514.468
729.949 1514.468
820.858 1514.468
911.767 1514.468
1002.676 1514.468
1093.585 1514.468
1184.494 1514.468
1275.403 1514.468
1366.312 1514.468
1457.222 1514.468
1548.131 1514.468
1639.040 1514.468
1729.949 1514.468
366.312 1605.377
457.222 1605.377
548.131 1605.377
639.040 1605.377
729.949 1605.377
820.858 1605.377
911.767 1605.377
1002.676 1605.377
1093.585 1605.377
1184.494 1605.377
1275.403 1605.377
1366.312 1605.377
1457.222 1605.377
1548.131 1605.377
1639.040 1605.377
1729.949 1605.377
457.222 1696.286
548.131 1696.286
639.040 1696.286
729.949 1696.286
820.858 1696.286
911.767 1696.286
1002.676 1696.286
1093.585 1696.286
1184.494 1696.286
1275.403 1696.286
1366.312 1696.286
1457.222 1696.286
1548.131 1696.286
1639.040 1696.286
639.040 1787.195
729.949 1787.195
820.858 1787.195
911.767 1787.195
1002.676 1787.195
1093.585 1787.195
1184.494 1787.195
1275.403 1787.195
1366.312 1787.195
1457.222 1787.195
820.858 1878.104
911.767 1878.104
1002.676 1878.104
1093.585 1878.104
1184.494 1878.104
1275.403 1878.104
