822.727 151.364
913.636 151.364
1004.545 151.364
1095.455 151.364
1186.364 151.364
1277.273 151.364
640.909 242.273
731.818 242.273
822.727 242.273
913.636 242.273
1004.545 242.273
1095.455 242.273
1186.364 242.273
1277.273 242.273
1368.182 242.273
1459.091 242.273
459.091 333.182
550.000 333.182
640.909 333.182
731.818 333.182
822.727 333.182
913.636 333.182
1004.545 333.182
1095.455 333.182
1186.364 333.182
1277.273 333.182
1368.182 333.182
1459.091 333.182
1550.000 333.182
1640.909 333.182
368.182 424.091
459.091 424.091
550.000 424.091
640.909 424.091
731.818 424.091
822.727 424.091
913.636 424.091
1004.545 424.091
1095.455 424.091
1186.364 424.091
1277.273 424.091
1368.182 424.091
1459.091 424.091
1550.000 424.091
1640.909 424.091
1731.818 424.091
368.182 515.000
459.091 515.000
550.000 515.000
640.909 515.000
731.818 515.000
822.727 515.000
913.636 515.000
1004.545 515.000
1095.455 515.000
1186.364 515.000
1277.273 515.000
1368.182 515.000
1459.091 515.000
1550.000 515.000
1640.909 515.000
1731.818 515.000
277.273 605.909
368.182 605.909
459.091 605.909
550.000 605.909
640.909 605.909
731.818 605.909
822.727 605.909
913.636 605.909
1004.545 605.909
1095.455 605.909
1186.364 605.909
1277.273 605.909
1368.182 605.909
1459.091 605.909
1550.000 605.909
1640.909 605.909
1731.818 605.909
1822.727 605.909
277.273 696.818
368.182 696.818
459.091 696.818
550.000 696.818
640.909 696.818
731.818 696.818
822.727 696.818
913.636 696.818
1004.545 696.818
1095.455 696.818
1186.364 696.818
1277.273 696.818
1368.182 696.818
1459.091 696.818
1550.000 696.818
1640.909 696.818
1731.818 696.818
1822.727 696.818
186.364 787.727
277.273 787.727
368.182 787.727
459.091 787.727
550.000 787.727
640.909 787.727
731.818 787.727
822.727 787.727
913.636 787.727
1004.545 787.727
1095.455 787.727
1186.364 787.727
1277.273 787.727
1368.182 787.727
1459.091 787.727
1550.000 787.727
1640.909 787.727
1731.818 787.727
1822.727 787.727
1913.636 787.727
186.364 878.636
277.273 878.636
368.182 878.636
459.091 878.636
550.000 878.636
640.909 878.636
731.818 878.636
822.727 878.636
913.636 878.636
1004.545 878.636
1095.455 878.636
1186.364 878.636
1277.273 878.636
1368.182 878.636
1459.091 878.636
1550.000 878.636
1640.909 878.636
1731.818 878.636
1822.727 878.636
1913.636 878.636
186.364 969.545
277.273 969.545
368.182 969.545
459.091 969.545
550.000 969.545
640.909 969.545
731.818 969.545
822.727 969.545
913.636 969.545
1004.545 969.545
1095.455 969.545
1186.364 969.545
1277.273 969.545
1368.182 969.545
1459.091 969.545
1550.000 969.545
1640.909 969.545
1731.818 969.545
1822.727 969.545
1913.636 969.545
186.364 1060.455
277.273 1060.455
368.182 1060.455
459.091 1060.455
550.000 1060.455
640.909 1060.455
731.818 1060.455
822.727 1060.455
913.636 1060.455
1004.545 1060.455
1095.455 1060.455
1186.364 1060.455
1277.273 1060.455
1368.182 1060.455
1459.091 1060.455
1550.000 1060.455
1640.909 1060.455
1731.818 1060.455
1822.727 1060.455
1913.636 1060.455
186.364 1151.364
277.273 1151.364
368.182 1151.364
459.091 1151.364
550.000 1151.364
640.909 1151.364
731.818 1151.364
822.727 1151.364
913.636 1151.364
1004.545 1151.364
1095.455 1151.364
1186.364 1151.364
1277.273 1151.364
1368.182 1151.364
1459.091 1151.364
1550.000 1151.364
1640.909 1151.364
1731.818 1151.364
1822.727 1151.364
1913.636 1151.364
186.364 1242.273
277.273 1242.273
368.182 1242.273
459.091 1242.273
550.000 1242.273
640.909 1242.273
731.818 1242.273
822.727 1242.273
913.636 1242.273
1004.545 1242.273
1095.455 1242.273
1186.364 1242.273
1277.273 1242.273
1368.182 1242.273
1459.091 1242.273
1550.000 1242.273
1640.909 1242.273
1731.818 1242.273
1822.727 1242.273
1913.636 1242.273
277.273 1333.182
368.182 1333.182
459.091 1333.182
550.000 1333.182
640.909 1333.182
731.818 1333.182
822.727 1333.182
913.636 1333.182
1004.545 1333.182
1095.455 1333.182
1186.364 1333.182
1277.273 1333.182
1368.182 1333.182
1459.091 1333.182
1550.000 1333.182
1640.909 1333.182
1731.818 1333.182
1822.727 1333.182
277.273 1424.091
368.182 1424.091
459.091 1424.091
550.000 1424.091
640.909 1424.091
731.818 1424.091
822.727 1424.091
913.636 1424.091
1004.545 1424.091
1095.455 1424.091
1186.364 1424.091
1277.273 1424.091
1368.182 1424.091
1459.091 1424.091
1550.000 1424.091
1640.909 1424.091
1731.818 1424.091
1822.727 1424.091
368.182 1515.000
459.091 1515.000
550.000 1515.000
640.909 1515.000
731.818 1515.000
822.727 1515.000
913.636 1515.000
1004.545 1515.000
1095.455 1515.000
1186.364 1515.000
1277.273 1515.000
1368.182 1515.000
1459.091 1515.000
1550.000 1515.000
1640.909 1515.000
1731.818 1515.000
368.182 1605.909
459.091 1605.909
550.000 1605.909
640.909 1605.909
731.818 1605.909
822.727 1605.909
913.636 1605.909
1004.545 1605.909
1095.455 1605.909
1186.364 1605.909
1277.273 1605.909
1368.182 1605.909
1459.091 1605.909
1550.000 1605.909
1640.909 1605.909
1731.818 1605.909
459.091 1696.818
550.000 1696.818
640.909 1696.818
731.818 1696.818
822.727 1696.818
913.636 1696.818
1004.545 1696.818
1095.455 1696.818
1186.364 1696.818
1277.273 1696.818
1368.182 1696.818
1459.091 1696.818
1550.000 1696.818
1640.909 1696.818
640.909 1787.727
731.818 1787.727
822.727 1787.727
913.636 1787.727
1004.545 1787.727
1095.455 1787.727
1186.364 1787.727
1277.273 1787.727
1368.182 1787.727
1459.091 1787.727
822.727 1878.636
913.636 1878.636
1004.545 1878.636
1095.455 1878.636
1186.364 1878.636
1277.273 1878.636
