912.877 150.074
1003.786 150.074
640.149 240.983
731.058 240.983
821.968 240.983
912.877 240.983
1003.786 240.983
1094.695 240.983
1185.604 240.983
1276.513 240.983
458.331 331.892
549.240 331.892
640.149 331.892
731.058 331.892
821.968 331.892
912.877 331.892
1003.786 331.892
1094.695 331.892
1185.604 331.892
1276.513 331.892
1367.422 331.892
1458.331 331.892
367.422 422.801
458.331 422.801
549.240 422.801
640.149 422.801
731.058 422.801
821.968 422.801
912.877 422.801
1003.786 422.801
1094.695 422.801
1185.604 422.801
1276.513 422.801
1367.422 422.801
1458.331 422.801
1549.240 422.801
276.513 513.710
367.422 513.710
458.331 513.710
549.240 513.710
640.149 513.710
731.058 513.710
821.968 513.710
912.877 513.710
1003.786 513.710
1094.695 513.710
1185.604 513.710
1276.513 513.710
1367.422 513.710
1458.331 513.710
1549.240 513.710
1640.149 513.710
276.513 604.619
367.422 604.619
458.331 604.619
549.240 604.619
640.149 604.619
731.058 604.619
821.968 604.619
912.877 604.619
1003.786 604.619
1094.695 604.619
1185.604 604.619
1276.513 604.619
1367.422 604.619
1458.331 604.619
1549.240 604.619
1640.149 604.619
185.604 695.528
276.513 695.528
367.422 695.528
458.331 695.528
549.240 695.528
640.149 695.528
731.058 695.528
821.968 695.528
912.877 695.528
1003.786 695.528
1094.695 695.528
1185.604 695.528
1276.513 695.528
1367.422 695.528
1458.331 695.528
1549.240 695.528
1640.149 695.528
1731.058 695.528
185.604 786.437
276.513 786.437
367.422 786.437
458.331 786.437
549.240 786.437
640.149 786.437
731.058 786.437
821.968 786.437
912.877 786.437
1003.786 786.437
1094.695 786.437
1185.604 786.437
1276.513 786.437
1367.422 786.437
1458.331 786.437
1549.240 786.437
1640.149 786.437
1731.058 786.437
185.604 877.346
276.513 877.346
367.422 877.346
458.331 877.346
549.240 877.346
640.149 877.346
731.058 877.346
821.968 877.346
912.877 877.346
1003.786 877.346
1094.695 877.346
1185.604 877.346
1276.513 877.346
1367.422 877.346
1458.331 877.346
1549.240 877.346
1640.149 877.346
1731.058 877.346
94.695 968.255
185.604 968.255
276.513 968.255
367.422 968.255
458.331 968.255
549.240 968.255
640.149 968.255
731.058 968.255
821.968 968.255
912.877 968.255
1003.786 968.255
1094.695 968.255
1185.604 968.255
1276.513 968.255
1367.422 968.255
1458.331 968.255
1549.240 968.255
1640.149 968.255
1731.058 968.255
1821.968 968.255
94.695 1059.164
185.604 1059.164
276.513 1059.164
367.422 1059.164
458.331 1059.164
549.240 1059.164
640.149 1059.164
731.058 1059.164
821.968 1059.164
912.877 1059.164
1003.786 1059.164
1094.695 1059.164
1185.604 1059.164
1276.513 1059.164
1367.422 1059.164
1458.331 1059.164
1549.240 1059.164
1640.149 1059.164
1731.058 1059.164
1821.968 1059.164
185.604 1150.074
276.513 1150.074
367.422 1150.074
458.331 1150.074
549.240 1150.074
640.149 1150.074
731.058 1150.074
821.968 1150.074
912.877 1150.074
1003.786 1150.074
1094.695 1150.074
1185.604 1150.074
1276.513 1150.074
1367.422 1150.074
1458.331 1150.074
1549.240 1150.074
1640.149 1150.074
1731.058 1150.074
185.604 1240.983
276.513 1240.983
367.422 1240.983
458.331 1240.983
549.240 1240.983
640.149 1240.983
731.058 1240.983
821.968 1240.983
912.877 1240.983
1003.786 1240.983
1094.695 1240.983
1185.604 1240.983
1276.513 1240.983
1367.422 1240.983
1458.331 1240.983
1549.240 1240.983
1640.149 1240.983
1731.058 1240.983
185.604 1331.892
276.513 1331.892
367.422 1331.892
458.331 1331.892
549.240 1331.892
640.149 1331.892
731.058 1331.892
821.968 1331.892
912.877 1331.892
1003.786 1331.892
1094.695 1331.892
1185.604 1331.892
1276.513 1331.892
1367.422 1331.892
1458.331 1331.892
1549.240 1331.892
1640.149 1331.892
1731.058 1331.892
276.513 1422.801
367.422 1422.801
458.331 1422.801
549.240 1422.801
640.149 1422.801
731.058 1422.801
821.968 1422.801
912.877 1422.801
1003.786 1422.801
1094.695 1422.801
1185.604 1422.801
1276.513 1422.801
1367.422 1422.801
1458.331 1422.801
1549.240 1422.801
1640.149 1422.801
276.513 1513.710
367.422 1513.710
458.331 1513.710
549.240 1513.710
640.149 1513.710
731.058 1513.710
821.968 1513.710
912.877 1513.710
1003.786 1513.710
1094.695 1513.710
1185.604 1513.710
1276.513 1513.710
1367.422 1513.710
1458.331 1513.710
1549.240 1513.710
1640.149 1513.710
367.422 1604.619
458.331 1604.619
549.240 1604.619
640.149 1604.619
731.058 1604.619
821.968 1604.619
912.877 1604.619
1003.786 1604.619
1094.695 1604.619
1185.604 1604.619
1276.513 1604.619
1367.422 1604.619
1458.331 1604.619
1549.240 1604.619
458.331 1695.528
549.240 1695.528
640.149 1695.528
731.058 1695.528
821.968 1695.528
912.877 1695.528
1003.786 1695.528
1094.695 1695.528
1185.604 1695.528
1276.513 1695.528
1367.422 1695.528
1458.331 1695.528
640.149 1786.437
731.058 1786.437
821.968 1786.437
912.877 1786.437
1003.786 1786.437
1094.695 1786.437
1185.604 1786.437
1276.513 1786.437
912.877 1877.346
1003.786 1877.346
