912.841 150.116
1003.750 150.116
640.114 241.025
731.023 241.025
821.932 241.025
912.841 241.025
1003.750 241.025
1094.659 241.025
1185.569 241.025
1276.478 241.025
458.296 331.934
549.205 331.934
640.114 331.934
731.023 331.934
821.932 331.934
912.841 331.934
1003.750 331.934
1094.659 331.934
1185.569 331.934
1276.478 331.934
1367.387 331.934
1458.296 331.934
367.387 422.843
458.296 422.843
549.205 422.843
640.114 422.843
731.023 422.843
821.932 422.843
912.841 422.843
1003.750 422.843
1094.659 422.843
1185.569 422.843
1276.478 422.843
1367.387 422.843
1458.296 422.843
1549.205 422.843
276.478 513.752
367.387 513.752
458.296 513.752
549.205 513.752
640.114 513.752
731.023 513.752
821.932 513.752
912.841 513.752
1003.750 513.752
1094.659 513.752
1185.569 513.752
1276.478 513.752
1367.387 513.752
1458.296 513.752
1549.205 513.752
1640.114 513.752
276.478 604.661
367.387 604.661
458.296 604.661
549.205 604.661
640.114 604.661
731.023 604.661
821.932 604.661
912.841 604.661
1003.750 604.661
1094.659 604.661
1185.569 604.661
1276.478 604.661
1367.387 604.661
1458.296 604.661
1549.205 604.661
1640.114 604.661
185.569 695.571
276.478 695.571
367.387 695.571
458.296 695.571
549.205 695.571
640.114 695.571
731.023 695.571
821.932 695.571
912.841 695.571
1003.750 695.571
1094.659 695.571
1185.569 695.571
1276.478 695.571
1367.387 695.571
1458.296 695.571
1549.205 695.571
1640.114 695.571
1731.023 695.571
185.569 786.480
276.478 786.480
367.387 786.480
458.296 786.480
549.205 786.480
640.114 786.480
731.023 786.480
821.932 786.480
912.841 786.480
1003.750 786.480
1094.659 786.480
1185.569 786.480
1276.478 786.480
1367.387 786.480
1458.296 786.480
1549.205 786.480
1640.114 786.480
1731.023 786.480
185.569 877.389
276.478 877.389
367.387 877.389
458.296 877.389
549.205 877.389
640.114 877.389
731.023 877.389
821.932 877.389
912.841 877.389
1003.750 877.389
1094.659 877.389
1185.569 877.389
1276.478 877.389
1367.387 877.389
1458.296 877.389
1549.205 877.389
1640.114 877.389
1731.023 877.389
94.659 968.298
185.569 968.298
276.478 968.298
367.387 968.298
458.296 968.298
549.205 968.298
640.114 968.298
731.023 968.298
821.932 968.298
912.841 968.298
1003.750 968.298
1094.659 968.298
1185.569 968.298
1276.478 968.298
1367.387 968.298
1458.296 968.298
1549.205 968.298
1640.114 968.298
1731.023 968.298
1821.932 968.298
94.659 1059.207
185.569 1059.207
276.478 1059.207
367.387 1059.207
458.296 1059.207
549.205 1059.207
640.114 1059.207
731.023 1059.207
821.932 1059.207
912.841 1059.207
1003.750 1059.207
1094.659 1059.207
1185.569 1059.207
1276.478 1059.207
1367.387 1059.207
1458.296 1059.207
1549.205 1059.207
1640.114 1059.207
1731.023 1059.207
1821.932 1059.207
185.569 1150.116
276.478 1150.116
367.387 1150.116
458.296 1150.116
549.205 1150.116
640.114 1150.116
731.023 1150.116
821.932 1150.116
912.841 1150.116
1003.750 1150.116
1094.659 1150.116
1185.569 1150.116
1276.478 1150.116
1367.387 1150.116
1458.296 1150.116
1549.205 1150.116
1640.114 1150.116
1731.023 1150.116
185.569 1241.025
276.478 1241.025
367.387 1241.025
458.296 1241.025
549.205 1241.025
640.114 1241.025
731.023 1241.025
821.932 1241.025
912.841 1241.025
1003.750 1241.025
1094.659 1241.025
1185.569 1241.025
1276.478 1241.025
1367.387 1241.025
1458.296 1241.025
1549.205 1241.025
1640.114 1241.025
1731.023 1241.025
185.569 1331.934
276.478 1331.934
367.387 1331.934
458.296 1331.934
549.205 1331.934
640.114 1331.934
731.023 1331.934
821.932 1331.934
912.841 1331.934
1003.750 1331.934
1094.659 1331.934
1185.569 1331.934
1276.478 1331.934
1367.387 1331.934
1458.296 1331.934
1549.205 1331.934
1640.114 1331.934
1731.023 1331.934
276.478 1422.843
367.387 1422.843
458.296 1422.843
549.205 1422.843
640.114 1422.843
731.023 1422.843
821.932 1422.843
912.841 1422.843
1003.750 1422.843
1094.659 1422.843
1185.569 1422.843
1276.478 1422.843
1367.387 1422.843
1458.296 1422.843
1549.205 1422.843
1640.114 1422.843
276.478 1513.752
367.387 1513.752
458.296 1513.752
549.205 1513.752
640.114 1513.752
731.023 1513.752
821.932 1513.752
912.841 1513.752
1003.750 1513.752
1094.659 1513.752
1185.569 1513.752
1276.478 1513.752
1367.387 1513.752
1458.296 1513.752
1549.205 1513.752
1640.114 1513.752
367.387 1604.661
458.296 1604.661
549.205 1604.661
640.114 1604.661
731.023 1604.661
821.932 1604.661
912.841 1604.661
1003.750 1604.661
1094.659 1604.661
1185.569 1604.661
1276.478 1604.661
1367.387 1604.661
1458.296 1604.661
1549.205 1604.661
458.296 1695.571
549.205 1695.571
640.114 1695.571
731.023 1695.571
821.932 1695.571
912.841 1695.571
1003.750 1695.571
1094.659 1695.571
1185.569 1695.571
1276.478 1695.571
1367.387 1695.571
1458.296 1695.571
640.114 1786.480
731.023 1786.480
821.932 1786.480
912.841 1786.480
1003.750 1786.480
1094.659 1786.480
1185.569 1786.480
1276.478 1786.480
912.841 1877.389
1003.750 1877.389
