912.764 150.082
1003.673 150.082
640.037 240.991
730.946 240.991
821.855 240.991
912.764 240.991
1003.673 240.991
1094.582 240.991
1185.492 240.991
1276.401 240.991
458.219 331.900
549.128 331.900
640.037 331.900
730.946 331.900
821.855 331.900
912.764 331.900
1003.673 331.900
1094.582 331.900
1185.492 331.900
1276.401 331.900
1367.310 331.900
1458.219 331.900
367.310 422.809
458.219 422.809
549.128 422.809
640.037 422.809
730.946 422.809
821.855 422.809
912.764 422.809
1003.673 422.809
1094.582 422.809
1185.492 422.809
1276.401 422.809
1367.310 422.809
1458.219 422.809
1549.128 422.809
276.401 513.718
367.310 513.718
458.219 513.718
549.128 513.718
640.037 513.718
730.946 513.718
821.855 513.718
912.764 513.718
1003.673 513.718
1094.582 513.718
1185.492 513.718
1276.401 513.718
1367.310 513.718
1458.219 513.718
1549.128 513.718
1640.037 513.718
276.401 604.628
367.310 604.628
458.219 604.628
549.128 604.628
640.037 604.628
730.946 604.628
821.855 604.628
912.764 604.628
1003.673 604.628
1094.582 604.628
1185.492 604.628
1276.401 604.628
1367.310 604.628
1458.219 604.628
1549.128 604.628
1640.037 604.628
185.492 695.537
276.401 695.537
367.310 695.537
458.219 695.537
549.128 695.537
640.037 695.537
730.946 695.537
821.855 695.537
912.764 695.537
1003.673 695.537
1094.582 695.537
1185.492 695.537
1276.401 695.537
1367.310 695.537
1458.219 695.537
1549.128 695.537
1640.037 695.537
1730.946 695.537
185.492 786.446
276.401 786.446
367.310 786.446
458.219 786.446
549.128 786.446
640.037 786.446
730.946 786.446
821.855 786.446
912.764 786.446
1003.673 786.446
1094.582 786.446
1185.492 786.446
1276.401 786.446
1367.310 786.446
1458.219 786.446
1549.128 786.446
1640.037 786.446
1730.946 786.446
185.492 877.355
276.401 877.355
367.310 877.355
458.219 877.355
549.128 877.355
640.037 877.355
730.946 877.355
821.855 877.355
912.764 877.355
1003.673 877.355
1094.582 877.355
1185.492 877.355
1276.401 877.355
1367.310 877.355
1458.219 877.355
1549.128 877.355
1640.037 877.355
1730.946 877.355
94.582 968.264
185.492 968.264
276.401 968.264
367.310 968.264
458.219 968.264
549.128 968.264
640.037 968.264
730.946 968.264
821.855 968.264
912.764 968.264
1003.673 968.264
1094.582 968.264
1185.492 968.264
1276.401 968.264
1367.310 968.264
1458.219 968.264
1549.128 968.264
1640.037 968.264
1730.946 968.264
1821.855 968.264
94.582 1059.173
185.492 1059.173
276.401 1059.173
367.310 1059.173
458.219 1059.173
549.128 1059.173
640.037 1059.173
730.946 1059.173
821.855 1059.173
912.764 1059.173
1003.673 1059.173
1094.582 1059.173
1185.492 1059.173
1276.401 1059.173
1367.310 1059.173
1458.219 1059.173
1549.128 1059.173
1640.037 1059.173
1730.946 1059.173
1821.855 1059.173
185.492 1150.082
276.401 1150.082
367.310 1150.082
458.219 1150.082
549.128 1150.082
640.037 1150.082
730.946 1150.082
821.855 1150.082
912.764 1150.082
1003.673 1150.082
1094.582 1150.082
1185.492 1150.082
1276.401 1150.082
1367.310 1150.082
1458.219 1150.082
1549.128 1150.082
1640.037 1150.082
1730.946 1150.082
185.492 1240.991
276.401 1240.991
367.310 1240.991
458.219 1240.991
549.128 1240.991
640.037 1240.991
730.946 1240.991
821.855 1240.991
912.764 1240.991
1003.673 1240.991
1094.582 1240.991
1185.492 1240.991
1276.401 1240.991
1367.310 1240.991
1458.219 1240.991
1549.128 1240.991
1640.037 1240.991
1730.946 1240.991
185.492 1331.900
276.401 1331.900
367.310 1331.900
458.219 1331.900
549.128 1331.900
640.037 1331.900
730.946 1331.900
821.855 1331.900
912.764 1331.900
1003.673 1331.900
1094.582 1331.900
1185.492 1331.900
1276.401 1331.900
1367.310 1331.900
1458.219 1331.900
1549.128 1331.900
1640.037 1331.900
1730.946 1331.900
276.401 1422.809
367.310 1422.809
458.219 1422.809
549.128 1422.809
640.037 1422.809
730.946 1422.809
821.855 1422.809
912.764 1422.809
1003.673 1422.809
1094.582 1422.809
1185.492 1422.809
1276.401 1422.809
1367.310 1422.809
1458.219 1422.809
1549.128 1422.809
1640.037 1422.809
276.401 1513.718
367.310 1513.718
458.219 1513.718
549.128 1513.718
640.037 1513.718
730.946 1513.718
821.855 1513.718
912.764 1513.718
1003.673 1513.718
1094.582 1513.718
1185.492 1513.718
1276.401 1513.718
1367.310 1513.718
1458.219 1513.718
1549.128 1513.718
1640.037 1513.718
367.310 1604.628
458.219 1604.628
549.128 1604.628
640.037 1604.628
730.946 1604.628
821.855 1604.628
912.764 1604.628
1003.673 1604.628
1094.582 1604.628
1185.492 1604.628
1276.401 1604.628
1367.310 1604.628
1458.219 1604.628
1549.128 1604.628
458.219 1695.537
549.128 1695.537
640.037 1695.537
730.946 1695.537
821.855 1695.537
912.764 1695.537
1003.673 1695.537
1094.582 1695.537
1185.492 1695.537
1276.401 1695.537
1367.310 1695.537
1458.219 1695.537
640.037 1786.446
730.946 1786.446
821.855 1786.446
912.764 1786.446
1003.673 1786.446
1094.582 1786.446
1185.492 1786.446
1276.401 1786.446
912.764 1877.355
1003.673 1877.355
