912.880 150.144
1003.789 150.144
640.153 241.053
731.062 241.053
821.971 241.053
912.880 241.053
1003.789 241.053
1094.698 241.053
1185.607 241.053
1276.517 241.053
458.335 331.962
549.244 331.962
640.153 331.962
731.062 331.962
821.971 331.962
912.880 331.962
1003.789 331.962
1094.698 331.962
1185.607 331.962
1276.517 331.962
1367.426 331.962
1458.335 331.962
367.426 422.872
458.335 422.872
549.244 422.872
640.153 422.872
731.062 422.872
821.971 422.872
912.880 422.872
1003.789 422.872
1094.698 422.872
1185.607 422.872
1276.517 422.872
1367.426 422.872
1458.335 422.872
1549.244 422.872
276.517 513.781
367.426 513.781
458.335 513.781
549.244 513.781
640.153 513.781
731.062 513.781
821.971 513.781
912.880 513.781
1003.789 513.781
1094.698 513.781
1185.607 513.781
1276.517 513.781
1367.426 513.781
1458.335 513.781
1549.244 513.781
1640.153 513.781
276.517 604.690
367.426 604.690
458.335 604.690
549.244 604.690
640.153 604.690
731.062 604.690
821.971 604.690
912.880 604.690
1003.789 604.690
1094.698 604.690
1185.607 604.690
1276.517 604.690
1367.426 604.690
1458.335 604.690
1549.244 604.690
1640.153 604.690
185.607 695.599
276.517 695.599
367.426 695.599
458.335 695.599
549.244 695.599
640.153 695.599
731.062 695.599
821.971 695.599
912.880 695.599
1003.789 695.599
1094.698 695.599
1185.607 695.599
1276.517 695.599
1367.426 695.599
1458.335 695.599
1549.244 695.599
1640.153 695.599
1731.062 695.599
185.607 786.508
276.517 786.508
367.426 786.508
458.335 786.508
549.244 786.508
640.153 786.508
731.062 786.508
821.971 786.508
912.880 786.508
1003.789 786.508
1094.698 786.508
1185.607 786.508
1276.517 786.508
1367.426 786.508
1458.335 786.508
1549.244 786.508
1640.153 786.508
1731.062 786.508
185.607 877.417
276.517 877.417
367.426 877.417
458.335 877.417
549.244 877.417
640.153 877.417
731.062 877.417
821.971 877.417
912.880 877.417
1003.789 877.417
1094.698 877.417
1185.607 877.417
1276.517 877.417
1367.426 877.417
1458.335 877.417
1549.244 877.417
1640.153 877.417
1731.062 877.417
94.698 968.326
185.607 968.326
276.517 968.326
367.426 968.326
458.335 968.326
549.244 968.326
640.153 968.326
731.062 968.326
821.971 968.326
912.880 968.326
1003.789 968.326
1094.698 968.326
1185.607 968.326
1276.517 968.326
1367.426 968.326
1458.335 968.326
1549.244 968.326
1640.153 968.326
1731.062 968.326
1821.971 968.326
94.698 1059.235
185.607 1059.235
276.517 1059.235
367.426 1059.235
458.335 1059.235
549.244 1059.235
640.153 1059.235
731.062 1059.235
821.971 1059.235
912.880 1059.235
1003.789 1059.235
1094.698 1059.235
1185.607 1059.235
1276.517 1059.235
1367.426 1059.235
1458.335 1059.235
1549.244 1059.235
1640.153 1059.235
1731.062 1059.235
1821.971 1059.235
185.607 1150.144
276.517 1150.144
367.426 1150.144
458.335 1150.144
549.244 1150.144
640.153 1150.144
731.062 1150.144
821.971 1150.144
912.880 1150.144
1003.789 1150.144
1094.698 1150.144
1185.607 1150.144
1276.517 1150.144
1367.426 1150.144
1458.335 1150.144
1549.244 1150.144
1640.153 1150.144
1731.062 1150.144
185.607 1241.053
276.517 1241.053
367.426 1241.053
458.335 1241.053
549.244 1241.053
640.153 1241.053
731.062 1241.053
821.971 1241.053
912.880 1241.053
1003.789 1241.053
1094.698 1241.053
1185.607 1241.053
1276.517 1241.053
1367.426 1241.053
1458.335 1241.053
1549.244 1241.053
1640.153 1241.053
1731.062 1241.053
185.607 1331.962
276.517 1331.962
367.426 1331.962
458.335 1331.962
549.244 1331.962
640.153 1331.962
731.062 1331.962
821.971 1331.962
912.880 1331.962
1003.789 1331.962
1094.698 1331.962
1185.607 1331.962
1276.517 1331.962
1367.426 1331.962
1458.335 1331.962
1549.244 1331.962
1640.153 1331.962
1731.062 1331.962
276.517 1422.872
367.426 1422.872
458.335 1422.872
549.244 1422.872
640.153 1422.872
731.062 1422.872
821.971 1422.872
912.880 1422.872
1003.789 1422.872
1094.698 1422.872
1185.607 1422.872
1276.517 1422.872
1367.426 1422.872
1458.335 1422.872
1549.244 1422.872
1640.153 1422.872
276.517 1513.781
367.426 1513.781
458.335 1513.781
549.244 1513.781
640.153 1513.781
731.062 1513.781
821.971 1513.781
912.880 1513.781
1003.789 1513.781
1094.698 1513.781
1185.607 1513.781
1276.517 1513.781
1367.426 1513.781
1458.335 1513.781
1549.244 1513.781
1640.153 1513.781
367.426 1604.690
458.335 1604.690
549.244 1604.690
640.153 1604.690
731.062 1604.690
821.971 1604.690
912.880 1604.690
1003.789 1604.690
1094.698 1604.690
1185.607 1604.690
1276.517 1604.690
1367.426 1604.690
1458.335 1604.690
1549.244 1604.690
458.335 1695.599
549.244 1695.599
640.153 1695.599
731.062 1695.599
821.971 1695.599
912.880 1695.599
1003.789 1695.599
1094.698 1695.599
1185.607 1695.599
1276.517 1695.599
1367.426 1695.599
1458.335 1695.599
640.153 1786.508
731.062 1786.508
821.971 1786.508
912.880 1786.508
1003.789 1786.508
1094.698 1786.508
1185.607 1786.508
1276.517 1786.508
912.880 1877.417
1003.789 1877.417
