1094.160 149.958
1185.069 149.958
821.433 240.867
912.342 240.867
1003.251 240.867
1094.160 240.867
1185.069 240.867
1275.978 240.867
1366.887 240.867
1457.796 240.867
639.615 331.776
730.524 331.776
821.433 331.776
912.342 331.776
1003.251 331.776
1094.160 331.776
1185.069 331.776
1275.978 331.776
1366.887 331.776
1457.796 331.776
1548.705 331.776
1639.615 331.776
548.705 422.685
639.615 422.685
730.524 422.685
821.433 422.685
912.342 422.685
1003.251 422.685
1094.160 422.685
1185.069 422.685
1275.978 422.685
1366.887 422.685
1457.796 422.685
1548.705 422.685
1639.615 422.685
1730.524 422.685
457.796 513.594
548.705 513.594
639.615 513.594
730.524 513.594
821.433 513.594
912.342 513.594
1003.251 513.594
1094.160 513.594
1185.069 513.594
1275.978 513.594
1366.887 513.594
1457.796 513.594
1548.705 513.594
1639.615 513.594
1730.524 513.594
1821.433 513.594
457.796 604.503
548.705 604.503
639.615 604.503
730.524 604.503
821.433 604.503
912.342 604.503
1003.251 604.503
1094.160 604.503
1185.069 604.503
1275.978 604.503
1366.887 604.503
1457.796 604.503
1548.705 604.503
1639.615 604.503
1730.524 604.503
1821.433 604.503
366.887 695.412
457.796 695.412
548.705 695.412
639.615 695.412
730.524 695.412
821.433 695.412
912.342 695.412
1003.251 695.412
1094.160 695.412
1185.069 695.412
1275.978 695.412
1366.887 695.412
1457.796 695.412
1548.705 695.412
1639.615 695.412
1730.524 695.412
1821.433 695.412
1912.342 695.412
366.887 786.322
457.796 786.322
548.705 786.322
639.615 786.322
730.524 786.322
821.433 786.322
912.342 786.322
1003.251 786.322
1094.160 786.322
1185.069 786.322
1275.978 786.322
1366.887 786.322
1457.796 786.322
1548.705 786.322
1639.615 786.322
1730.524 786.322
1821.433 786.322
1912.342 786.322
366.887 877.231
457.796 877.231
548.705 877.231
639.615 877.231
730.524 877.231
821.433 877.231
912.342 877.231
1003.251 877.231
1094.160 877.231
1185.069 877.231
1275.978 877.231
1366.887 877.231
1457.796 877.231
1548.705 877.231
1639.615 877.231
1730.524 877.231
1821.433 877.231
1912.342 877.231
275.978 968.140
366.887 968.140
457.796 968.140
548.705 968.140
639.615 968.140
730.524 968.140
821.433 968.140
912.342 968.140
1003.251 968.140
1094.160 968.140
1185.069 968.140
1275.978 968.140
1366.887 968.140
1457.796 968.140
1548.705 968.140
1639.615 968.140
1730.524 968.140
1821.433 968.140
1912.342 968.140
2003.251 968.140
275.978 1059.049
366.887 1059.049
457.796 1059.049
548.705 1059.049
639.615 1059.049
730.524 1059.049
821.433 1059.049
912.342 1059.049
1003.251 1059.049
1094.160 1059.049
1185.069 1059.049
1275.978 1059.049
1366.887 1059.049
1457.796 1059.049
1548.705 1059.049
1639.615 1059.049
1730.524 1059.049
1821.433 1059.049
1912.342 1059.049
2003.251 1059.049
366.887 1149.958
457.796 1149.958
548.705 1149.958
639.615 1149.958
730.524 1149.958
821.433 1149.958
912.342 1149.958
1003.251 1149.958
1094.160 1149.958
1185.069 1149.958
1275.978 1149.958
1366.887 1149.958
1457.796 1149.958
1548.705 1149.958
1639.615 1149.958
1730.524 1149.958
1821.433 1149.958
1912.342 1149.958
366.887 1240.867
457.796 1240.867
548.705 1240.867
639.615 1240.867
730.524 1240.867
821.433 1240.867
912.342 1240.867
1003.251 1240.867
1094.160 1240.867
1185.069 1240.867
1275.978 1240.867
1366.887 1240.867
1457.796 1240.867
1548.705 1240.867
1639.615 1240.867
1730.524 1240.867
1821.433 1240.867
1912.342 1240.867
366.887 1331.776
457.796 1331.776
548.705 1331.776
639.615 1331.776
730.524 1331.776
821.433 1331.776
912.342 1331.776
1003.251 1331.776
1094.160 1331.776
1185.069 1331.776
1275.978 1331.776
1366.887 1331.776
1457.796 1331.776
1548.705 1331.776
1639.615 1331.776
1730.524 1331.776
1821.433 1331.776
1912.342 1331.776
457.796 1422.685
548.705 1422.685
639.615 1422.685
730.524 1422.685
821.433 1422.685
912.342 1422.685
1003.251 1422.685
1094.160 1422.685
1185.069 1422.685
1275.978 1422.685
1366.887 1422.685
1457.796 1422.685
1548.705 1422.685
1639.615 1422.685
1730.524 1422.685
1821.433 1422.685
457.796 1513.594
548.705 1513.594
639.615 1513.594
730.524 1513.594
821.433 1513.594
912.342 1513.594
1003.251 1513.594
1094.160 1513.594
1185.069 1513.594
1275.978 1513.594
1366.887 1513.594
1457.796 1513.594
1548.705 1513.594
1639.615 1513.594
1730.524 1513.594
1821.433 1513.594
548.705 1604.503
639.615 1604.503
730.524 1604.503
821.433 1604.503
912.342 1604.503
1003.251 1604.503
1094.160 1604.503
1185.069 1604.503
1275.978 1604.503
1366.887 1604.503
1457.796 1604.503
1548.705 1604.503
1639.615 1604.503
1730.524 1604.503
639.615 1695.412
730.524 1695.412
821.433 1695.412
912.342 1695.412
1003.251 1695.412
1094.160 1695.412
1185.069 1695.412
1275.978 1695.412
1366.887 1695.412
1457.796 1695.412
1548.705 1695.412
1639.615 1695.412
821.433 1786.322
912.342 1786.322
1003.251 1786.322
1094.160 1786.322
1185.069 1786.322
1275.978 1786.322
1366.887 1786.322
1457.796 1786.322
1094.160 1877.231
1185.069 1877.231
