1003.518 150.016
1094.427 150.016
730.791 240.925
821.700 240.925
912.609 240.925
1003.518 240.925
1094.427 240.925
1185.337 240.925
1276.246 240.925
1367.155 240.925
548.973 331.834
639.882 331.834
730.791 331.834
821.700 331.834
912.609 331.834
1003.518 331.834
1094.427 331.834
1185.337 331.834
1276.246 331.834
1367.155 331.834
1458.064 331.834
1548.973 331.834
458.064 422.743
548.973 422.743
639.882 422.743
730.791 422.743
821.700 422.743
912.609 422.743
1003.518 422.743
1094.427 422.743
1185.337 422.743
1276.246 422.743
1367.155 422.743
1458.064 422.743
1548.973 422.743
1639.882 422.743
367.155 513.652
458.064 513.652
548.973 513.652
639.882 513.652
730.791 513.652
821.700 513.652
912.609 513.652
1003.518 513.652
1094.427 513.652
1185.337 513.652
1276.246 513.652
1367.155 513.652
1458.064 513.652
1548.973 513.652
1639.882 513.652
1730.791 513.652
367.155 604.561
458.064 604.561
548.973 604.561
639.882 604.561
730.791 604.561
821.700 604.561
912.609 604.561
1003.518 604.561
1094.427 604.561
1185.337 604.561
1276.246 604.561
1367.155 604.561
1458.064 604.561
1548.973 604.561
1639.882 604.561
1730.791 604.561
276.246 695.470
367.155 695.470
458.064 695.470
548.973 695.470
639.882 695.470
730.791 695.470
821.700 695.470
912.609 695.470
1003.518 695.470
1094.427 695.470
1185.337 695.470
1276.246 695.470
1367.155 695.470
1458.064 695.470
1548.973 695.470
1639.882 695.470
1730.791 695.470
1821.700 695.470
276.246 786.379
367.155 786.379
458.064 786.379
548.973 786.379
639.882 786.379
730.791 786.379
821.700 786.379
912.609 786.379
1003.518 786.379
1094.427 786.379
1185.337 786.379
1276.246 786.379
1367.155 786.379
1458.064 786.379
1548.973 786.379
1639.882 786.379
1730.791 786.379
1821.700 786.379
276.246 877.288
367.155 877.288
458.064 877.288
548.973 877.288
639.882 877.288
730.791 877.288
821.700 877.288
912.609 877.288
1003.518 877.288
1094.427 877.288
1185.337 877.288
1276.246 877.288
1367.155 877.288
1458.064 877.288
1548.973 877.288
1639.882 877.288
1730.791 877.288
1821.700 877.288
185.337 968.197
276.246 968.197
367.155 968.197
458.064 968.197
548.973 968.197
639.882 968.197
730.791 968.197
821.700 968.197
912.609 968.197
1003.518 968.197
1094.427 968.197
1185.337 968.197
1276.246 968.197
1367.155 968.197
1458.064 968.197
1548.973 968.197
1639.882 968.197
1730.791 968.197
1821.700 968.197
1912.609 968.197
185.337 1059.107
276.246 1059.107
367.155 1059.107
458.064 1059.107
548.973 1059.107
639.882 1059.107
730.791 1059.107
821.700 1059.107
912.609 1059.107
1003.518 1059.107
1094.427 1059.107
1185.337 1059.107
1276.246 1059.107
1367.155 1059.107
1458.064 1059.107
1548.973 1059.107
1639.882 1059.107
1730.791 1059.107
1821.700 1059.107
1912.609 1059.107
276.246 1150.016
367.155 1150.016
458.064 1150.016
548.973 1150.016
639.882 1150.016
730.791 1150.016
821.700 1150.016
912.609 1150.016
1003.518 1150.016
1094.427 1150.016
1185.337 1150.016
1276.246 1150.016
1367.155 1150.016
1458.064 1150.016
1548.973 1150.016
1639.882 1150.016
1730.791 1150.016
1821.700 1150.016
276.246 1240.925
367.155 1240.925
458.064 1240.925
548.973 1240.925
639.882 1240.925
730.791 1240.925
821.700 1240.925
912.609 1240.925
1003.518 1240.925
1094.427 1240.925
1185.337 1240.925
1276.246 1240.925
1367.155 1240.925
1458.064 1240.925
1548.973 1240.925
1639.882 1240.925
1730.791 1240.925
1821.700 1240.925
276.246 1331.834
367.155 1331.834
458.064 1331.834
548.973 1331.834
639.882 1331.834
730.791 1331.834
821.700 1331.834
912.609 1331.834
1003.518 1331.834
1094.427 1331.834
1185.337 1331.834
1276.246 1331.834
1367.155 1331.834
1458.064 1331.834
1548.973 1331.834
1639.882 1331.834
1730.791 1331.834
1821.700 1331.834
367.155 1422.743
458.064 1422.743
548.973 1422.743
639.882 1422.743
730.791 1422.743
821.700 1422.743
912.609 1422.743
1003.518 1422.743
1094.427 1422.743
1185.337 1422.743
1276.246 1422.743
1367.155 1422.743
1458.064 1422.743
1548.973 1422.743
1639.882 1422.743
1730.791 1422.743
367.155 1513.652
458.064 1513.652
548.973 1513.652
639.882 1513.652
730.791 1513.652
821.700 1513.652
912.609 1513.652
1003.518 1513.652
1094.427 1513.652
1185.337 1513.652
1276.246 1513.652
1367.155 1513.652
1458.064 1513.652
1548.973 1513.652
1639.882 1513.652
1730.791 1513.652
458.064 1604.561
548.973 1604.561
639.882 1604.561
730.791 1604.561
821.700 1604.561
912.609 1604.561
1003.518 1604.561
1094.427 1604.561
1185.337 1604.561
1276.246 1604.561
1367.155 1604.561
1458.064 1604.561
1548.973 1604.561
1639.882 1604.561
548.973 1695.470
639.882 1695.470
730.791 1695.470
821.700 1695.470
912.609 1695.470
1003.518 1695.470
1094.427 1695.470
1185.337 1695.470
1276.246 1695.470
1367.155 1695.470
1458.064 1695.470
1548.973 1695.470
730.791 1786.379
821.700 1786.379
912.609 1786.379
1003.518 1786.379
1094.427 1786.379
1185.337 1786.379
1276.246 1786.379
1367.155 1786.379
1003.518 1877.288
1094.427 1877.288
