1003.416 150.008
1094.325 150.008
730.688 240.917
821.597 240.917
912.507 240.917
1003.416 240.917
1094.325 240.917
1185.234 240.917
1276.143 240.917
1367.052 240.917
548.870 331.826
639.779 331.826
730.688 331.826
821.597 331.826
912.507 331.826
1003.416 331.826
1094.325 331.826
1185.234 331.826
1276.143 331.826
1367.052 331.826
1457.961 331.826
1548.870 331.826
457.961 422.735
548.870 422.735
639.779 422.735
730.688 422.735
821.597 422.735
912.507 422.735
1003.416 422.735
1094.325 422.735
1185.234 422.735
1276.143 422.735
1367.052 422.735
1457.961 422.735
1548.870 422.735
1639.779 422.735
367.052 513.644
457.961 513.644
548.870 513.644
639.779 513.644
730.688 513.644
821.597 513.644
912.507 513.644
1003.416 513.644
1094.325 513.644
1185.234 513.644
1276.143 513.644
1367.052 513.644
1457.961 513.644
1548.870 513.644
1639.779 513.644
1730.688 513.644
367.052 604.554
457.961 604.554
548.870 604.554
639.779 604.554
730.688 604.554
821.597 604.554
912.507 604.554
1003.416 604.554
1094.325 604.554
1185.234 604.554
1276.143 604.554
1367.052 604.554
1457.961 604.554
1548.870 604.554
1639.779 604.554
1730.688 604.554
276.143 695.463
367.052 695.463
457.961 695.463
548.870 695.463
639.779 695.463
730.688 695.463
821.597 695.463
912.507 695.463
1003.416 695.463
1094.325 695.463
1185.234 695.463
1276.143 695.463
1367.052 695.463
1457.961 695.463
1548.870 695.463
1639.779 695.463
1730.688 695.463
1821.597 695.463
276.143 786.372
367.052 786.372
457.961 786.372
548.870 786.372
639.779 786.372
730.688 786.372
821.597 786.372
912.507 786.372
1003.416 786.372
1094.325 786.372
1185.234 786.372
1276.143 786.372
1367.052 786.372
1457.961 786.372
1548.870 786.372
1639.779 786.372
1730.688 786.372
1821.597 786.372
276.143 877.281
367.052 877.281
457.961 877.281
548.870 877.281
639.779 877.281
730.688 877.281
821.597 877.281
912.507 877.281
1003.416 877.281
1094.325 877.281
1185.234 877.281
1276.143 877.281
1367.052 877.281
1457.961 877.281
1548.870 877.281
1639.779 877.281
1730.688 877.281
1821.597 877.281
185.234 968.190
276.143 968.190
367.052 968.190
457.961 968.190
548.870 968.190
639.779 968.190
730.688 968.190
821.597 968.190
912.507 968.190
1003.416 968.190
1094.325 968.190
1185.234 968.190
1276.143 968.190
1367.052 968.190
1457.961 968.190
1548.870 968.190
1639.779 968.190
1730.688 968.190
1821.597 968.190
1912.507 968.190
185.234 1059.099
276.143 1059.099
367.052 1059.099
457.961 1059.099
548.870 1059.099
639.779 1059.099
730.688 1059.099
821.597 1059.099
912.507 1059.099
1003.416 1059.099
1094.325 1059.099
1185.234 1059.099
1276.143 1059.099
1367.052 1059.099
1457.961 1059.099
1548.870 1059.099
1639.779 1059.099
1730.688 1059.099
1821.597 1059.099
1912.507 1059.099
276.143 1150.008
367.052 1150.008
457.961 1150.008
548.870 1150.008
639.779 1150.008
730.688 1150.008
821.597 1150.008
912.507 1150.008
1003.416 1150.008
1094.325 1150.008
1185.234 1150.008
1276.143 1150.008
1367.052 1150.008
1457.961 1150.008
1548.870 1150.008
1639.779 1150.008
1730.688 1150.008
1821.597 1150.008
276.143 1240.917
367.052 1240.917
457.961 1240.917
548.870 1240.917
639.779 1240.917
730.688 1240.917
821.597 1240.917
912.507 1240.917
1003.416 1240.917
1094.325 1240.917
1185.234 1240.917
1276.143 1240.917
1367.052 1240.917
1457.961 1240.917
1548.870 1240.917
1639.779 1240.917
1730.688 1240.917
1821.597 1240.917
276.143 1331.826
367.052 1331.826
457.961 1331.826
548.870 1331.826
639.779 1331.826
730.688 1331.826
821.597 1331.826
912.507 1331.826
1003.416 1331.826
1094.325 1331.826
1185.234 1331.826
1276.143 1331.826
1367.052 1331.826
1457.961 1331.826
1548.870 1331.826
1639.779 1331.826
1730.688 1331.826
1821.597 1331.826
367.052 1422.735
457.961 1422.735
548.870 1422.735
639.779 1422.735
730.688 1422.735
821.597 1422.735
912.507 1422.735
1003.416 1422.735
1094.325 1422.735
1185.234 1422.735
1276.143 1422.735
1367.052 1422.735
1457.961 1422.735
1548.870 1422.735
1639.779 1422.735
1730.688 1422.735
367.052 1513.644
457.961 1513.644
548.870 1513.644
639.779 1513.644
730.688 1513.644
821.597 1513.644
912.507 1513.644
1003.416 1513.644
1094.325 1513.644
1185.234 1513.644
1276.143 1513.644
1367.052 1513.644
1457.961 1513.644
1548.870 1513.644
1639.779 1513.644
1730.688 1513.644
457.961 1604.554
548.870 1604.554
639.779 1604.554
730.688 1604.554
821.597 1604.554
912.507 1604.554
1003.416 1604.554
1094.325 1604.554
1185.234 1604.554
1276.143 1604.554
1367.052 1604.554
1457.961 1604.554
1548.870 1604.554
1639.779 1604.554
548.870 1695.463
639.779 1695.463
730.688 1695.463
821.597 1695.463
912.507 1695.463
1003.416 1695.463
1094.325 1695.463
1185.234 1695.463
1276.143 1695.463
1367.052 1695.463
1457.961 1695.463
1548.870 1695.463
730.688 1786.372
821.597 1786.372
912.507 1786.372
1003.416 1786.372
1094.325 1786.372
1185.234 1786.372
1276.143 1786.372
1367.052 1786.372
1003.416 1877.281
1094.325 1877.281
