1.004175179550934104e+03 1.534073232486128973e+02
1.095084270460024982e+03 1.534073232486128973e+02
7.314479068236613557e+02 2.443164141577037753e+02
8.223569977327522338e+02 2.443164141577037753e+02
9.132660886418432256e+02 2.443164141577037753e+02
1.004175179550934104e+03 2.443164141577037753e+02
1.095084270460024982e+03 2.443164141577037753e+02
1.185993361369115974e+03 2.443164141577037753e+02
1.276902452278206738e+03 2.443164141577037753e+02
1.367811543187297730e+03 2.443164141577037753e+02
5.496297250054794858e+02 3.352255050667947671e+02
6.405388159145704776e+02 3.352255050667947671e+02
7.314479068236613557e+02 3.352255050667947671e+02
8.223569977327522338e+02 3.352255050667947671e+02
9.132660886418432256e+02 3.352255050667947671e+02
1.004175179550934104e+03 3.352255050667947671e+02
1.095084270460024982e+03 3.352255050667947671e+02
1.185993361369115974e+03 3.352255050667947671e+02
1.276902452278206738e+03 3.352255050667947671e+02
1.367811543187297730e+03 3.352255050667947671e+02
1.458720634096388494e+03 3.352255050667947671e+02
1.549629725005479486e+03 3.352255050667947671e+02
4.587206340963886078e+02 4.261345959758856452e+02
5.496297250054794858e+02 4.261345959758856452e+02
6.405388159145704776e+02 4.261345959758856452e+02
7.314479068236613557e+02 4.261345959758856452e+02
8.223569977327522338e+02 4.261345959758856452e+02
9.132660886418432256e+02 4.261345959758856452e+02
1.004175179550934104e+03 4.261345959758856452e+02
1.095084270460024982e+03 4.261345959758856452e+02
1.185993361369115974e+03 4.261345959758856452e+02
1.276902452278206738e+03 4.261345959758856452e+02
1.367811543187297730e+03 4.261345959758856452e+02
1.458720634096388494e+03 4.261345959758856452e+02
1.549629725005479486e+03 4.261345959758856452e+02
1.640538815914570478e+03 4.261345959758856452e+02
3.678115431872977297e+02 5.170436868849765233e+02
4.587206340963886078e+02 5.170436868849765233e+02
5.496297250054794858e+02 5.170436868849765233e+02
6.405388159145704776e+02 5.170436868849765233e+02
7.314479068236613557e+02 5.170436868849765233e+02
8.223569977327522338e+02 5.170436868849765233e+02
9.132660886418432256e+02 5.170436868849765233e+02
1.004175179550934104e+03 5.170436868849765233e+02
1.095084270460024982e+03 5.170436868849765233e+02
1.185993361369115974e+03 5.170436868849765233e+02
1.276902452278206738e+03 5.170436868849765233e+02
1.367811543187297730e+03 5.170436868849765233e+02
1.458720634096388494e+03 5.170436868849765233e+02
1.549629725005479486e+03 5.170436868849765233e+02
1.640538815914570478e+03 5.170436868849765233e+02
1.731447906823661469e+03 5.170436868849765233e+02
3.678115431872977297e+02 6.079527777940675151e+02
4.587206340963886078e+02 6.079527777940675151e+02
5.496297250054794858e+02 6.079527777940675151e+02
6.405388159145704776e+02 6.079527777940675151e+02
7.314479068236613557e+02 6.079527777940675151e+02
8.223569977327522338e+02 6.079527777940675151e+02
9.132660886418432256e+02 6.079527777940675151e+02
1.004175179550934104e+03 6.079527777940675151e+02
1.095084270460024982e+03 6.079527777940675151e+02
1.185993361369115974e+03 6.079527777940675151e+02
1.276902452278206738e+03 6.079527777940675151e+02
1.367811543187297730e+03 6.079527777940675151e+02
1.458720634096388494e+03 6.079527777940675151e+02
1.549629725005479486e+03 6.079527777940675151e+02
1.640538815914570478e+03 6.079527777940675151e+02
1.731447906823661469e+03 6.079527777940675151e+02
2.769024522782067379e+02 6.988618687031583931e+02
3.678115431872977297e+02 6.988618687031583931e+02
4.587206340963886078e+02 6.988618687031583931e+02
5.496297250054794858e+02 6.988618687031583931e+02
6.405388159145704776e+02 6.988618687031583931e+02
7.314479068236613557e+02 6.988618687031583931e+02
8.223569977327522338e+02 6.988618687031583931e+02
9.132660886418432256e+02 6.988618687031583931e+02
1.004175179550934104e+03 6.988618687031583931e+02
1.095084270460024982e+03 6.988618687031583931e+02
1.185993361369115974e+03 6.988618687031583931e+02
1.276902452278206738e+03 6.988618687031583931e+02
1.367811543187297730e+03 6.988618687031583931e+02
1.458720634096388494e+03 6.988618687031583931e+02
1.549629725005479486e+03 6.988618687031583931e+02
1.640538815914570478e+03 6.988618687031583931e+02
1.731447906823661469e+03 6.988618687031583931e+02
1.822356997732752234e+03 6.988618687031583931e+02
2.769024522782067379e+02 7.897709596122492712e+02
3.678115431872977297e+02 7.897709596122492712e+02
4.587206340963886078e+02 7.897709596122492712e+02
5.496297250054794858e+02 7.897709596122492712e+02
6.405388159145704776e+02 7.897709596122492712e+02
7.314479068236613557e+02 7.897709596122492712e+02
8.223569977327522338e+02 7.897709596122492712e+02
9.132660886418432256e+02 7.897709596122492712e+02
1.004175179550934104e+03 7.897709596122492712e+02
1.095084270460024982e+03 7.897709596122492712e+02
1.185993361369115974e+03 7.897709596122492712e+02
1.276902452278206738e+03 7.897709596122492712e+02
1.367811543187297730e+03 7.897709596122492712e+02
1.458720634096388494e+03 7.897709596122492712e+02
1.549629725005479486e+03 7.897709596122492712e+02
1.640538815914570478e+03 7.897709596122492712e+02
1.731447906823661469e+03 7.897709596122492712e+02
1.822356997732752234e+03 7.897709596122492712e+02
2.769024522782067379e+02 8.806800505213402630e+02
3.678115431872977297e+02 8.806800505213402630e+02
4.587206340963886078e+02 8.806800505213402630e+02
5.496297250054794858e+02 8.806800505213402630e+02
6.405388159145704776e+02 8.806800505213402630e+02
7.314479068236613557e+02 8.806800505213402630e+02
8.223569977327522338e+02 8.806800505213402630e+02
9.132660886418432256e+02 8.806800505213402630e+02
1.004175179550934104e+03 8.806800505213402630e+02
1.095084270460024982e+03 8.806800505213402630e+02
1.185993361369115974e+03 8.806800505213402630e+02
1.276902452278206738e+03 8.806800505213402630e+02
1.367811543187297730e+03 8.806800505213402630e+02
1.458720634096388494e+03 8.806800505213402630e+02
1.549629725005479486e+03 8.806800505213402630e+02
1.640538815914570478e+03 8.806800505213402630e+02
1.731447906823661469e+03 8.806800505213402630e+02
1.822356997732752234e+03 8.806800505213402630e+02
1.859933613691158598e+02 9.715891414304311411e+02
2.769024522782067379e+02 9.715891414304311411e+02
3.678115431872977297e+02 9.715891414304311411e+02
4.587206340963886078e+02 9.715891414304311411e+02
5.496297250054794858e+02 9.715891414304311411e+02
6.405388159145704776e+02 9.715891414304311411e+02
7.314479068236613557e+02 9.715891414304311411e+02
8.223569977327522338e+02 9.715891414304311411e+02
9.132660886418432256e+02 9.715891414304311411e+02
1.004175179550934104e+03 9.715891414304311411e+02
1.095084270460024982e+03 9.715891414304311411e+02
1.185993361369115974e+03 9.715891414304311411e+02
1.276902452278206738e+03 9.715891414304311411e+02
1.367811543187297730e+03 9.715891414304311411e+02
1.458720634096388494e+03 9.715891414304311411e+02
1.549629725005479486e+03 9.715891414304311411e+02
1.640538815914570478e+03 9.715891414304311411e+02
1.731447906823661469e+03 9.715891414304311411e+02
1.822356997732752234e+03 9.715891414304311411e+02
1.913266088641843226e+03 9.715891414304311411e+02
1.859933613691158598e+02 1.062498232339522019e+03
2.769024522782067379e+02 1.062498232339522019e+03
3.678115431872977297e+02 1.062498232339522019e+03
4.587206340963886078e+02 1.062498232339522019e+03
5.496297250054794858e+02 1.062498232339522019e+03
6.405388159145704776e+02 1.062498232339522019e+03
7.314479068236613557e+02 1.062498232339522019e+03
8.223569977327522338e+02 1.062498232339522019e+03
9.132660886418432256e+02 1.062498232339522019e+03
1.004175179550934104e+03 1.062498232339522019e+03
1.095084270460024982e+03 1.062498232339522019e+03
1.185993361369115974e+03 1.062498232339522019e+03
1.276902452278206738e+03 1.062498232339522019e+03
1.367811543187297730e+03 1.062498232339522019e+03
1.458720634096388494e+03 1.062498232339522019e+03
1.549629725005479486e+03 1.062498232339522019e+03
1.640538815914570478e+03 1.062498232339522019e+03
1.731447906823661469e+03 1.062498232339522019e+03
1.822356997732752234e+03 1.062498232339522019e+03
1.913266088641843226e+03 1.062498232339522019e+03
2.769024522782067379e+02 1.153407323248613011e+03
3.678115431872977297e+02 1.153407323248613011e+03
4.587206340963886078e+02 1.153407323248613011e+03
5.496297250054794858e+02 1.153407323248613011e+03
6.405388159145704776e+02 1.153407323248613011e+03
7.314479068236613557e+02 1.153407323248613011e+03
8.223569977327522338e+02 1.153407323248613011e+03
9.132660886418432256e+02 1.153407323248613011e+03
1.004175179550934104e+03 1.153407323248613011e+03
1.095084270460024982e+03 1.153407323248613011e+03
1.185993361369115974e+03 1.153407323248613011e+03
1.276902452278206738e+03 1.153407323248613011e+03
1.367811543187297730e+03 1.153407323248613011e+03
1.458720634096388494e+03 1.153407323248613011e+03
1.549629725005479486e+03 1.153407323248613011e+03
1.640538815914570478e+03 1.153407323248613011e+03
1.731447906823661469e+03 1.153407323248613011e+03
1.822356997732752234e+03 1.153407323248613011e+03
2.769024522782067379e+02 1.244316414157703775e+03
3.678115431872977297e+02 1.244316414157703775e+03
4.587206340963886078e+02 1.244316414157703775e+03
5.496297250054794858e+02 1.244316414157703775e+03
6.405388159145704776e+02 1.244316414157703775e+03
7.314479068236613557e+02 1.244316414157703775e+03
8.223569977327522338e+02 1.244316414157703775e+03
9.132660886418432256e+02 1.244316414157703775e+03
1.004175179550934104e+03 1.244316414157703775e+03
1.095084270460024982e+03 1.244316414157703775e+03
1.185993361369115974e+03 1.244316414157703775e+03
1.276902452278206738e+03 1.244316414157703775e+03
1.367811543187297730e+03 1.244316414157703775e+03
1.458720634096388494e+03 1.244316414157703775e+03
1.549629725005479486e+03 1.244316414157703775e+03
1.640538815914570478e+03 1.244316414157703775e+03
1.731447906823661469e+03 1.244316414157703775e+03
1.822356997732752234e+03 1.244316414157703775e+03
2.769024522782067379e+02 1.335225505066794767e+03
3.678115431872977297e+02 1.335225505066794767e+03
4.587206340963886078e+02 1.335225505066794767e+03
5.496297250054794858e+02 1.335225505066794767e+03
6.405388159145704776e+02 1.335225505066794767e+03
7.314479068236613557e+02 1.335225505066794767e+03
8.223569977327522338e+02 1.335225505066794767e+03
9.132660886418432256e+02 1.335225505066794767e+03
1.004175179550934104e+03 1.335225505066794767e+03
1.095084270460024982e+03 1.335225505066794767e+03
1.185993361369115974e+03 1.335225505066794767e+03
1.276902452278206738e+03 1.335225505066794767e+03
1.367811543187297730e+03 1.335225505066794767e+03
1.458720634096388494e+03 1.335225505066794767e+03
1.549629725005479486e+03 1.335225505066794767e+03
1.640538815914570478e+03 1.335225505066794767e+03
1.731447906823661469e+03 1.335225505066794767e+03
1.822356997732752234e+03 1.335225505066794767e+03
3.678115431872977297e+02 1.426134595975885532e+03
4.587206340963886078e+02 1.426134595975885532e+03
5.496297250054794858e+02 1.426134595975885532e+03
6.405388159145704776e+02 1.426134595975885532e+03
7.314479068236613557e+02 1.426134595975885532e+03
8.223569977327522338e+02 1.426134595975885532e+03
9.132660886418432256e+02 1.426134595975885532e+03
1.004175179550934104e+03 1.426134595975885532e+03
1.095084270460024982e+03 1.426134595975885532e+03
1.185993361369115974e+03 1.426134595975885532e+03
1.276902452278206738e+03 1.426134595975885532e+03
1.367811543187297730e+03 1.426134595975885532e+03
1.458720634096388494e+03 1.426134595975885532e+03
1.549629725005479486e+03 1.426134595975885532e+03
1.640538815914570478e+03 1.426134595975885532e+03
1.731447906823661469e+03 1.426134595975885532e+03
3.678115431872977297e+02 1.517043686884976523e+03
4.587206340963886078e+02 1.517043686884976523e+03
5.496297250054794858e+02 1.517043686884976523e+03
6.405388159145704776e+02 1.517043686884976523e+03
7.314479068236613557e+02 1.517043686884976523e+03
8.223569977327522338e+02 1.517043686884976523e+03
9.132660886418432256e+02 1.517043686884976523e+03
1.004175179550934104e+03 1.517043686884976523e+03
1.095084270460024982e+03 1.517043686884976523e+03
1.185993361369115974e+03 1.517043686884976523e+03
1.276902452278206738e+03 1.517043686884976523e+03
1.367811543187297730e+03 1.517043686884976523e+03
1.458720634096388494e+03 1.517043686884976523e+03
1.549629725005479486e+03 1.517043686884976523e+03
1.640538815914570478e+03 1.517043686884976523e+03
1.731447906823661469e+03 1.517043686884976523e+03
4.587206340963886078e+02 1.607952777794067515e+03
5.496297250054794858e+02 1.607952777794067515e+03
6.405388159145704776e+02 1.607952777794067515e+03
7.314479068236613557e+02 1.607952777794067515e+03
8.223569977327522338e+02 1.607952777794067515e+03
9.132660886418432256e+02 1.607952777794067515e+03
1.004175179550934104e+03 1.607952777794067515e+03
1.095084270460024982e+03 1.607952777794067515e+03
1.185993361369115974e+03 1.607952777794067515e+03
1.276902452278206738e+03 1.607952777794067515e+03
1.367811543187297730e+03 1.607952777794067515e+03
1.458720634096388494e+03 1.607952777794067515e+03
1.549629725005479486e+03 1.607952777794067515e+03
1.640538815914570478e+03 1.607952777794067515e+03
5.496297250054794858e+02 1.698861868703158507e+03
6.405388159145704776e+02 1.698861868703158507e+03
7.314479068236613557e+02 1.698861868703158507e+03
8.223569977327522338e+02 1.698861868703158507e+03
9.132660886418432256e+02 1.698861868703158507e+03
1.004175179550934104e+03 1.698861868703158507e+03
1.095084270460024982e+03 1.698861868703158507e+03
1.185993361369115974e+03 1.698861868703158507e+03
1.276902452278206738e+03 1.698861868703158507e+03
1.367811543187297730e+03 1.698861868703158507e+03
1.458720634096388494e+03 1.698861868703158507e+03
1.549629725005479486e+03 1.698861868703158507e+03
7.314479068236613557e+02 1.789770959612249271e+03
8.223569977327522338e+02 1.789770959612249271e+03
9.132660886418432256e+02 1.789770959612249271e+03
1.004175179550934104e+03 1.789770959612249271e+03
1.095084270460024982e+03 1.789770959612249271e+03
1.185993361369115974e+03 1.789770959612249271e+03
1.276902452278206738e+03 1.789770959612249271e+03
1.367811543187297730e+03 1.789770959612249271e+03
1.004175179550934104e+03 1.880680050521340263e+03
1.095084270460024982e+03 1.880680050521340263e+03
