913.545 153.455
1004.455 153.455
640.818 244.364
731.727 244.364
822.636 244.364
913.545 244.364
1004.455 244.364
1095.364 244.364
1186.273 244.364
1277.182 244.364
459.000 335.273
549.909 335.273
640.818 335.273
731.727 335.273
822.636 335.273
913.545 335.273
1004.455 335.273
1095.364 335.273
1186.273 335.273
1277.182 335.273
1368.091 335.273
1459.000 335.273
368.091 426.182
459.000 426.182
549.909 426.182
640.818 426.182
731.727 426.182
822.636 426.182
913.545 426.182
1004.455 426.182
1095.364 426.182
1186.273 426.182
1277.182 426.182
1368.091 426.182
1459.000 426.182
1549.909 426.182
277.182 517.091
368.091 517.091
459.000 517.091
549.909 517.091
640.818 517.091
731.727 517.091
822.636 517.091
913.545 517.091
1004.455 517.091
1095.364 517.091
1186.273 517.091
1277.182 517.091
1368.091 517.091
1459.000 517.091
1549.909 517.091
1640.818 517.091
277.182 608.000
368.091 608.000
459.000 608.000
549.909 608.000
640.818 608.000
731.727 608.000
822.636 608.000
913.545 608.000
1004.455 608.000
1095.364 608.000
1186.273 608.000
1277.182 608.000
1368.091 608.000
1459.000 608.000
1549.909 608.000
1640.818 608.000
186.273 698.909
277.182 698.909
368.091 698.909
459.000 698.909
549.909 698.909
640.818 698.909
731.727 698.909
822.636 698.909
913.545 698.909
1004.455 698.909
1095.364 698.909
1186.273 698.909
1277.182 698.909
1368.091 698.909
1459.000 698.909
1549.909 698.909
1640.818 698.909
1731.727 698.909
186.273 789.818
277.182 789.818
368.091 789.818
459.000 789.818
549.909 789.818
640.818 789.818
731.727 789.818
822.636 789.818
913.545 789.818
1004.455 789.818
1095.364 789.818
1186.273 789.818
1277.182 789.818
1368.091 789.818
1459.000 789.818
1549.909 789.818
1640.818 789.818
1731.727 789.818
186.273 880.727
277.182 880.727
368.091 880.727
459.000 880.727
549.909 880.727
640.818 880.727
731.727 880.727
822.636 880.727
913.545 880.727
1004.455 880.727
1095.364 880.727
1186.273 880.727
1277.182 880.727
1368.091 880.727
1459.000 880.727
1549.909 880.727
1640.818 880.727
1731.727 880.727
95.364 971.636
186.273 971.636
277.182 971.636
368.091 971.636
459.000 971.636
549.909 971.636
640.818 971.636
731.727 971.636
822.636 971.636
913.545 971.636
1004.455 971.636
1095.364 971.636
1186.273 971.636
1277.182 971.636
1368.091 971.636
1459.000 971.636
1549.909 971.636
1640.818 971.636
1731.727 971.636
1822.636 971.636
95.364 1062.545
186.273 1062.545
277.182 1062.545
368.091 1062.545
459.000 1062.545
549.909 1062.545
640.818 1062.545
731.727 1062.545
822.636 1062.545
913.545 1062.545
1004.455 1062.545
1095.364 1062.545
1186.273 1062.545
1277.182 1062.545
1368.091 1062.545
1459.000 1062.545
1549.909 1062.545
1640.818 1062.545
1731.727 1062.545
1822.636 1062.545
186.273 1153.455
277.182 1153.455
368.091 1153.455
459.000 1153.455
549.909 1153.455
640.818 1153.455
731.727 1153.455
822.636 1153.455
913.545 1153.455
1004.455 1153.455
1095.364 1153.455
1186.273 1153.455
1277.182 1153.455
1368.091 1153.455
1459.000 1153.455
1549.909 1153.455
1640.818 1153.455
1731.727 1153.455
186.273 1244.364
277.182 1244.364
368.091 1244.364
459.000 1244.364
549.909 1244.364
640.818 1244.364
731.727 1244.364
822.636 1244.364
913.545 1244.364
1004.455 1244.364
1095.364 1244.364
1186.273 1244.364
1277.182 1244.364
1368.091 1244.364
1459.000 1244.364
1549.909 1244.364
1640.818 1244.364
1731.727 1244.364
186.273 1335.273
277.182 1335.273
368.091 1335.273
459.000 1335.273
549.909 1335.273
640.818 1335.273
731.727 1335.273
822.636 1335.273
913.545 1335.273
1004.455 1335.273
1095.364 1335.273
1186.273 1335.273
1277.182 1335.273
1368.091 1335.273
1459.000 1335.273
1549.909 1335.273
1640.818 1335.273
1731.727 1335.273
277.182 1426.182
368.091 1426.182
459.000 1426.182
549.909 1426.182
640.818 1426.182
731.727 1426.182
822.636 1426.182
913.545 1426.182
1004.455 1426.182
1095.364 1426.182
1186.273 1426.182
1277.182 1426.182
1368.091 1426.182
1459.000 1426.182
1549.909 1426.182
1640.818 1426.182
277.182 1517.091
368.091 1517.091
459.000 1517.091
549.909 1517.091
640.818 1517.091
731.727 1517.091
822.636 1517.091
913.545 1517.091
1004.455 1517.091
1095.364 1517.091
1186.273 1517.091
1277.182 1517.091
1368.091 1517.091
1459.000 1517.091
1549.909 1517.091
1640.818 1517.091
368.091 1608.000
459.000 1608.000
549.909 1608.000
640.818 1608.000
731.727 1608.000
822.636 1608.000
913.545 1608.000
1004.455 1608.000
1095.364 1608.000
1186.273 1608.000
1277.182 1608.000
1368.091 1608.000
1459.000 1608.000
1549.909 1608.000
459.000 1698.909
549.909 1698.909
640.818 1698.909
731.727 1698.909
822.636 1698.909
913.545 1698.909
1004.455 1698.909
1095.364 1698.909
1186.273 1698.909
1277.182 1698.909
1368.091 1698.909
1459.000 1698.909
640.818 1789.818
731.727 1789.818
822.636 1789.818
913.545 1789.818
1004.455 1789.818
1095.364 1789.818
1186.273 1789.818
1277.182 1789.818
913.545 1880.727
1004.455 1880.727
