142.366 31.762
154.866 31.762
104.866 44.262
117.366 44.262
129.866 44.262
142.366 44.262
154.866 44.262
167.366 44.262
179.866 44.262
192.366 44.262
79.866 56.762
92.366 56.762
104.866 56.762
117.366 56.762
129.866 56.762
142.366 56.762
154.866 56.762
167.366 56.762
179.866 56.762
192.366 56.762
204.866 56.762
217.366 56.762
67.366 69.262
79.866 69.262
92.366 69.262
104.866 69.262
117.366 69.262
129.866 69.262
142.366 69.262
154.866 69.262
167.366 69.262
179.866 69.262
192.366 69.262
204.866 69.262
217.366 69.262
229.866 69.262
54.866 81.762
67.366 81.762
79.866 81.762
92.366 81.762
104.866 81.762
117.366 81.762
129.866 81.762
142.366 81.762
154.866 81.762
167.366 81.762
179.866 81.762
192.366 81.762
204.866 81.762
217.366 81.762
229.866 81.762
242.366 81.762
54.866 94.262
67.366 94.262
79.866 94.262
92.366 94.262
104.866 94.262
117.366 94.262
129.866 94.262
142.366 94.262
154.866 94.262
167.366 94.262
179.866 94.262
192.366 94.262
204.866 94.262
217.366 94.262
229.866 94.262
242.366 94.262
42.366 106.762
54.866 106.762
67.366 106.762
79.866 106.762
92.366 106.762
104.866 106.762
117.366 106.762
129.866 106.762
142.366 106.762
154.866 106.762
167.366 106.762
179.866 106.762
192.366 106.762
204.866 106.762
217.366 106.762
229.866 106.762
242.366 106.762
254.866 106.762
42.366 119.262
54.866 119.262
67.366 119.262
79.866 119.262
92.366 119.262
104.866 119.262
117.366 119.262
129.866 119.262
142.366 119.262
154.866 119.262
167.366 119.262
179.866 119.262
192.366 119.262
204.866 119.262
217.366 119.262
229.866 119.262
242.366 119.262
254.866 119.262
42.366 131.762
54.866 131.762
67.366 131.762
79.866 131.762
92.366 131.762
104.866 131.762
117.366 131.762
129.866 131.762
142.366 131.762
154.866 131.762
167.366 131.762
179.866 131.762
192.366 131.762
204.866 131.762
217.366 131.762
229.866 131.762
242.366 131.762
254.866 131.762
29.866 144.262
42.366 144.262
54.866 144.262
67.366 144.262
79.866 144.262
92.366 144.262
104.866 144.262
117.366 144.262
129.866 144.262
142.366 144.262
154.866 144.262
167.366 144.262
179.866 144.262
192.366 144.262
204.866 144.262
217.366 144.262
229.866 144.262
242.366 144.262
254.866 144.262
267.366 144.262
29.866 156.762
42.366 156.762
54.866 156.762
67.366 156.762
79.866 156.762
92.366 156.762
104.866 156.762
117.366 156.762
129.866 156.762
142.366 156.762
154.866 156.762
167.366 156.762
179.866 156.762
192.366 156.762
204.866 156.762
217.366 156.762
229.866 156.762
242.366 156.762
254.866 156.762
267.366 156.762
42.366 169.262
54.866 169.262
67.366 169.262
79.866 169.262
92.366 169.262
104.866 169.262
117.366 169.262
129.866 169.262
142.366 169.262
154.866 169.262
167.366 169.262
179.866 169.262
192.366 169.262
204.866 169.262
217.366 169.262
229.866 169.262
242.366 169.262
254.866 169.262
42.366 181.762
54.866 181.762
67.366 181.762
79.866 181.762
92.366 181.762
104.866 181.762
117.366 181.762
129.866 181.762
142.366 181.762
154.866 181.762
167.366 181.762
179.866 181.762
192.366 181.762
204.866 181.762
217.366 181.762
229.866 181.762
242.366 181.762
254.866 181.762
42.366 194.262
54.866 194.262
67.366 194.262
79.866 194.262
92.366 194.262
104.866 194.262
117.366 194.262
129.866 194.262
142.366 194.262
154.866 194.262
167.366 194.262
179.866 194.262
192.366 194.262
204.866 194.262
217.366 194.262
229.866 194.262
242.366 194.262
254.866 194.262
54.866 206.762
67.366 206.762
79.866 206.762
92.366 206.762
104.866 206.762
117.366 206.762
129.866 206.762
142.366 206.762
154.866 206.762
167.366 206.762
179.866 206.762
192.366 206.762
204.866 206.762
217.366 206.762
229.866 206.762
242.366 206.762
54.866 219.262
67.366 219.262
79.866 219.262
92.366 219.262
104.866 219.262
117.366 219.262
129.866 219.262
142.366 219.262
154.866 219.262
167.366 219.262
179.866 219.262
192.366 219.262
204.866 219.262
217.366 219.262
229.866 219.262
242.366 219.262
67.366 231.762
79.866 231.762
92.366 231.762
104.866 231.762
117.366 231.762
129.866 231.762
142.366 231.762
154.866 231.762
167.366 231.762
179.866 231.762
192.366 231.762
204.866 231.762
217.366 231.762
229.866 231.762
79.866 244.262
92.366 244.262
104.866 244.262
117.366 244.262
129.866 244.262
142.366 244.262
154.866 244.262
167.366 244.262
179.866 244.262
192.366 244.262
204.866 244.262
217.366 244.262
104.866 256.762
117.366 256.762
129.866 256.762
142.366 256.762
154.866 256.762
167.366 256.762
179.866 256.762
192.366 256.762
142.366 269.262
154.866 269.262
