142.750 32.250
155.250 32.250
105.250 44.750
117.750 44.750
130.250 44.750
142.750 44.750
155.250 44.750
167.750 44.750
180.250 44.750
192.750 44.750
80.250 57.250
92.750 57.250
105.250 57.250
117.750 57.250
130.250 57.250
142.750 57.250
155.250 57.250
167.750 57.250
180.250 57.250
192.750 57.250
205.250 57.250
217.750 57.250
67.750 69.750
80.250 69.750
92.750 69.750
105.250 69.750
117.750 69.750
130.250 69.750
142.750 69.750
155.250 69.750
167.750 69.750
180.250 69.750
192.750 69.750
205.250 69.750
217.750 69.750
230.250 69.750
55.250 82.250
67.750 82.250
80.250 82.250
92.750 82.250
105.250 82.250
117.750 82.250
130.250 82.250
142.750 82.250
155.250 82.250
167.750 82.250
180.250 82.250
192.750 82.250
205.250 82.250
217.750 82.250
230.250 82.250
242.750 82.250
55.250 94.750
67.750 94.750
80.250 94.750
92.750 94.750
105.250 94.750
117.750 94.750
130.250 94.750
142.750 94.750
155.250 94.750
167.750 94.750
180.250 94.750
192.750 94.750
205.250 94.750
217.750 94.750
230.250 94.750
242.750 94.750
42.750 107.250
55.250 107.250
67.750 107.250
80.250 107.250
92.750 107.250
105.250 107.250
117.750 107.250
130.250 107.250
142.750 107.250
155.250 107.250
167.750 107.250
180.250 107.250
192.750 107.250
205.250 107.250
217.750 107.250
230.250 107.250
242.750 107.250
255.250 107.250
42.750 119.750
55.250 119.750
67.750 119.750
80.250 119.750
92.750 119.750
105.250 119.750
117.750 119.750
130.250 119.750
142.750 119.750
155.250 119.750
167.750 119.750
180.250 119.750
192.750 119.750
205.250 119.750
217.750 119.750
230.250 119.750
242.750 119.750
255.250 119.750
42.750 132.250
55.250 132.250
67.750 132.250
80.250 132.250
92.750 132.250
105.250 132.250
117.750 132.250
130.250 132.250
142.750 132.250
155.250 132.250
167.750 132.250
180.250 132.250
192.750 132.250
205.250 132.250
217.750 132.250
230.250 132.250
242.750 132.250
255.250 132.250
30.250 144.750
42.750 144.750
55.250 144.750
67.750 144.750
80.250 144.750
92.750 144.750
105.250 144.750
117.750 144.750
130.250 144.750
142.750 144.750
155.250 144.750
167.750 144.750
180.250 144.750
192.750 144.750
205.250 144.750
217.750 144.750
230.250 144.750
242.750 144.750
255.250 144.750
267.750 144.750
30.250 157.250
42.750 157.250
55.250 157.250
67.750 157.250
80.250 157.250
92.750 157.250
105.250 157.250
117.750 157.250
130.250 157.250
142.750 157.250
155.250 157.250
167.750 157.250
180.250 157.250
192.750 157.250
205.250 157.250
217.750 157.250
230.250 157.250
242.750 157.250
255.250 157.250
267.750 157.250
42.750 169.750
55.250 169.750
67.750 169.750
80.250 169.750
92.750 169.750
105.250 169.750
117.750 169.750
130.250 169.750
142.750 169.750
155.250 169.750
167.750 169.750
180.250 169.750
192.750 169.750
205.250 169.750
217.750 169.750
230.250 169.750
242.750 169.750
255.250 169.750
42.750 182.250
55.250 182.250
67.750 182.250
80.250 182.250
92.750 182.250
105.250 182.250
117.750 182.250
130.250 182.250
142.750 182.250
155.250 182.250
167.750 182.250
180.250 182.250
192.750 182.250
205.250 182.250
217.750 182.250
230.250 182.250
242.750 182.250
255.250 182.250
42.750 194.750
55.250 194.750
67.750 194.750
80.250 194.750
92.750 194.750
105.250 194.750
117.750 194.750
130.250 194.750
142.750 194.750
155.250 194.750
167.750 194.750
180.250 194.750
192.750 194.750
205.250 194.750
217.750 194.750
230.250 194.750
242.750 194.750
255.250 194.750
55.250 207.250
67.750 207.250
80.250 207.250
92.750 207.250
105.250 207.250
117.750 207.250
130.250 207.250
142.750 207.250
155.250 207.250
167.750 207.250
180.250 207.250
192.750 207.250
205.250 207.250
217.750 207.250
230.250 207.250
242.750 207.250
55.250 219.750
67.750 219.750
80.250 219.750
92.750 219.750
105.250 219.750
117.750 219.750
130.250 219.750
142.750 219.750
155.250 219.750
167.750 219.750
180.250 219.750
192.750 219.750
205.250 219.750
217.750 219.750
230.250 219.750
242.750 219.750
67.750 232.250
80.250 232.250
92.750 232.250
105.250 232.250
117.750 232.250
130.250 232.250
142.750 232.250
155.250 232.250
167.750 232.250
180.250 232.250
192.750 232.250
205.250 232.250
217.750 232.250
230.250 232.250
80.250 244.750
92.750 244.750
105.250 244.750
117.750 244.750
130.250 244.750
142.750 244.750
155.250 244.750
167.750 244.750
180.250 244.750
192.750 244.750
205.250 244.750
217.750 244.750
105.250 257.250
117.750 257.250
130.250 257.250
142.750 257.250
155.250 257.250
167.750 257.250
180.250 257.250
192.750 257.250
142.750 269.750
155.250 269.750
