-7.447884879403106340e-02
-9.356126997848825122e-02
-2.809368272452810594e-02
-5.380360926659213949e-02
-5.085219305372825488e-02
-1.027125734021986925e-01
4.067404902293279140e-02
8.200973299606396927e-02
8.154023480093740284e-02
1.150770309262194729e-01
3.729887325748885984e-02
-3.271836604076148319e-02
-2.562434819890547014e-02
2.959448728638088694e-02
8.497535616940607439e-02
8.929676014757634284e-02
9.365284689722808142e-02
9.769724855440968525e-02
1.079780619565691990e-01
6.048170932303861130e-02
-1.046308834637838248e-01
-7.257122207235154610e-02
4.789056629410570406e-03
7.127926139864509958e-02
5.328474275031454960e-02
1.085872434759024147e-01
1.101116810530686635e-01
1.291066072098484285e-01
6.465806565994845767e-02
9.071856981578166335e-02
8.901263686998084346e-02
-7.854719209186314388e-02
-7.142642011043878747e-02
5.678423784222962761e-02
6.070683098737747474e-02
8.905910201780080360e-02
1.008630403463631475e-01
1.202945317551642052e-01
1.227305694130642055e-01
1.157131408103598547e-01
8.628978859437980153e-02
1.044239277104624386e-01
-1.078436606952848376e-01
2.503088837063986716e-02
2.831434840777667314e-02
3.120930876428437695e-02
5.894218616966821062e-02
9.370367854272655672e-02
1.129658906428613330e-01
9.757371117930581372e-02
8.754082035444973875e-02
6.540091903848099797e-02
3.918331311666194139e-02
-1.077619492258660716e-02
-1.511294446269617064e-01
1.793403593007058053e-02
2.961300543963672413e-02
6.478507350507638207e-02
4.530574270822346900e-02
8.674241401718532640e-02
7.201921078332024218e-02
6.731798088797148749e-02
8.692746149713115322e-02
7.746194277998137701e-02
-1.431562037455205993e-01
-1.414993228414731519e-01
-3.310585204356043809e-02
-1.055993173091255774e-02
2.849474383864036842e-02
5.050926815091718453e-02
5.847915800397102820e-02
4.963585870021393343e-02
3.936041657753044237e-02
4.861698519147931996e-02
-3.788202505720260349e-02
-1.662213640546572335e-01
-1.611488832679542904e-01
-9.398399278333083307e-02
-5.263117343793038971e-02
-7.943264212663772236e-03
-9.037582691597014200e-04
-1.212441493969629649e-02
-2.050504071283130308e-02
1.164648789564456900e-03
-1.189584485087343962e-01
7.526529940034852595e-02
-2.741314818361498609e-02
-5.526439919490232222e-02
-4.001164577533092986e-02
-3.854391841800380858e-02
-9.066684555553483627e-02
-5.377057070072913114e-02
2.919174328531700530e-02
8.932035306417940301e-02
1.392496015015090294e-01
7.366834148404036164e-02
-1.135250973395284316e-02
