-8.715100138389939022e-02
-1.059645871831662589e-01
-1.749946942910269448e-02
-6.911034030965716723e-02
-6.725281708760888488e-02
-6.503660308909195442e-02
4.099622858729509711e-02
8.324012040908601584e-02
8.763287667756676502e-02
1.377366785452075471e-01
3.659603295350394303e-02
-2.924882327028024628e-02
-6.332894509104719516e-02
2.777971344682677798e-02
8.897569411503339354e-02
8.760006149422665256e-02
9.632515459460022633e-02
1.003819930025906665e-01
1.113600834218229224e-01
5.695481008022779817e-02
-1.091816679786749567e-01
-7.896541954170706312e-02
5.222578790994183984e-02
6.598421260930519006e-02
6.157644618062014380e-02
1.158363479422341302e-01
1.119953837875213160e-01
1.270952522819340236e-01
8.058018562918221883e-02
9.240284602813003678e-02
8.981836408614518596e-02
-8.356482437401993590e-02
-9.880678291152512893e-02
4.339445530497083175e-02
6.417124009659133654e-02
8.641719236297037976e-02
1.046431286001960892e-01
1.187772194449990826e-01
1.248972325051349169e-01
1.138246307343619840e-01
9.128712110011087677e-02
1.195467830907706586e-01
-1.106608701970660663e-01
5.534250336711416668e-02
3.792220737074388642e-02
5.313079375534526805e-02
6.446264982588177650e-02
9.963599667808517579e-02
1.171737261691921522e-01
1.085624983660947451e-01
8.446405331213302503e-02
7.094518855320423867e-02
3.804769980888107056e-02
-2.409053900441680395e-03
-1.213002032556109583e-01
3.519745295890270090e-03
2.233133883356051147e-02
5.690277286198155982e-02
5.453352064231902635e-02
8.665878647614967678e-02
7.436854496480112264e-02
6.960796156287926695e-02
8.622269246858699221e-02
8.555853814008659852e-02
-1.407170044467445924e-01
-1.302994356994543745e-01
6.331369942867166173e-04
2.184285716726768953e-02
4.003836564642184598e-02
4.431940746124967551e-02
5.988112520245855719e-02
4.923251705879343187e-02
3.955195048194146135e-02
4.618364674070280645e-02
-3.229042695220180753e-02
-1.637134151785115399e-01
-2.132626695188703791e-01
-1.179069478806664545e-01
-5.401055500864512110e-02
1.085718288314993681e-02
5.666708417284230075e-03
6.928611770599063177e-03
-4.507893128909065510e-03
1.393933692805867687e-02
-1.148384657135367859e-01
1.496261845710888105e-01
-1.084399430589512853e-01
-6.113590366081721184e-02
-5.653504457626187113e-02
-5.631018945801052195e-02
-1.239866984664182159e-01
-8.802849739279851315e-02
5.318478426549707629e-03
5.194941730300080274e-02
9.134573305648882591e-02
1.082432604047098568e-01
1.160296947786037744e-02
