1.907402890671718032e-02
4.309579756390650995e-02
1.095060319176525410e-01
5.146267466676082009e-02
1.933259871252004589e-02
4.335298567020587357e-02
1.238548122081169559e-02
-3.622359100287317335e-02
3.812009937676680282e-02
1.138924051177293145e-02
6.090800864172002393e-02
-1.642870303144150501e-02
3.959647091927488705e-02
-4.570687485414956855e-03
-2.973464718838157023e-02
-3.420268857203617729e-02
-1.683661140481769458e-02
1.745109457079386042e-02
-1.017155585755515068e-02
3.140845753707839812e-03
3.945807884035694435e-02
3.719522738021930480e-02
-3.789329123516520931e-02
-3.044389350355685558e-02
-5.327714640189801232e-02
-5.892264598778008261e-02
-4.609848537570279681e-02
-5.522061026270645018e-02
-6.249231215956737445e-02
-3.488272506266560519e-02
-6.065489679670833106e-02
6.189509251584045420e-03
7.365832385979570462e-02
-3.364912811752116678e-02
-9.157097697232240152e-03
-3.310451064663488818e-02
-1.488870995830877952e-02
-2.806479504824457502e-02
-1.785272639003635670e-02
-6.970675305525635135e-03
-6.300224732462378352e-02
4.213079537244785767e-03
2.313035201619427494e-02
4.586226523027019802e-02
-6.691502169370902586e-02
-4.897292514806085573e-02
-4.862440024599373745e-02
-5.547009280389603170e-02
-3.672310931446656768e-02
-5.583241776329262579e-02
-1.313136063129299348e-02
-3.375325010631102102e-02
-2.528084824934318658e-02
-4.897303600428367515e-02
6.346114958671537909e-02
-6.396798121744998178e-02
-2.559254767662040575e-02
-5.671814360333700400e-02
-3.091098064431800629e-02
-4.701420233249380132e-02
-5.242080611400053158e-02
-5.307314671052590360e-02
-1.338352839820101600e-02
6.325431410778216412e-02
1.334941031366569317e-02
2.452365951302930974e-02
-8.747599099198308248e-02
-6.458297760208289717e-02
-6.740537555586656460e-02
-9.677511354492358830e-02
-9.963008178491744582e-02
-6.685086832594530626e-02
-3.194731924370125542e-02
-3.066462376022267844e-02
4.263749181971873171e-03
3.395801947292161060e-02
3.789511014796460159e-02
-3.988489339076012330e-02
-9.177304459243326717e-02
-3.966673621611511991e-02
-6.362757092183903007e-02
-6.278842776481247112e-02
-3.767051942927989588e-02
-4.427461033829774295e-02
3.667376668149120722e-02
-3.338779283753976618e-02
-2.112659761641884348e-02
-1.204406221838363183e-01
-6.233561021316202239e-02
-8.963478597824908745e-02
-1.298922841494348432e-02
1.179055535244212388e-01
6.197238451796191483e-02
7.615617446959263570e-02
-1.520340836899168949e-02
6.035472165876917122e-02
9.918681060719358733e-02
