121.881 8.721
134.271 8.701
84.271 21.116
96.888 20.989
109.217 21.026
121.898 21.154
134.312 21.046
146.743 20.983
159.187 21.061
171.959 21.086
59.194 33.572
71.828 33.605
84.212 33.708
96.963 33.730
109.243 33.736
121.993 33.740
134.247 33.653
146.927 33.531
159.302 33.683
171.846 33.587
184.280 33.625
196.920 33.643
46.884 46.034
59.128 46.049
71.842 46.089
84.268 46.084
96.849 46.077
109.317 45.966
121.960 46.046
134.175 46.063
146.752 46.009
159.259 46.084
171.893 46.003
184.254 45.988
196.838 46.055
209.161 45.954
34.262 58.638
46.815 58.649
59.294 58.568
71.786 58.625
84.300 58.623
96.866 58.599
109.293 58.537
121.917 58.484
134.309 58.628
146.843 58.662
159.225 58.552
171.912 58.566
184.292 58.567
196.816 58.748
209.236 58.620
221.887 58.507
34.260 71.057
46.800 70.997
59.114 71.021
71.911 71.028
84.161 71.073
96.875 70.997
109.096 70.961
121.841 70.988
134.184 71.004
146.826 70.957
159.229 71.112
171.919 71.118
184.143 70.907
196.935 70.947
209.256 71.055
221.928 71.123
21.813 83.671
34.289 83.777
46.746 83.486
59.210 83.581
71.756 83.663
84.266 83.522
96.741 83.665
109.247 83.641
121.803 83.532
134.186 83.569
146.828 83.620
159.349 83.680
171.941 83.574
184.221 83.505
196.769 83.544
209.261 83.509
221.798 83.544
234.361 83.652
21.817 96.044
34.288 96.100
46.761 96.062
59.230 95.979
71.851 96.035
84.129 95.944
96.797 95.923
109.112 95.986
121.883 96.132
134.335 95.963
146.899 95.999
159.159 96.008
171.865 96.001
184.144 96.047
196.963 95.910
209.253 96.022
221.803 96.026
234.164 95.985
21.731 108.572
34.112 108.568
46.812 108.711
59.177 108.454
71.772 108.616
84.178 108.728
96.716 108.572
109.293 108.526
121.949 108.600
134.146 108.529
146.745 108.672
159.126 108.537
171.819 108.630
184.314 108.504
196.839 108.467
209.179 108.351
221.899 108.557
234.254 108.537
9.177 121.002
21.870 120.908
34.032 121.056
46.771 121.122
59.090 120.982
71.848 121.095
84.018 121.022
96.873 120.952
109.233 120.966
121.853 121.009
134.205 121.036
146.804 120.978
159.233 120.956
171.803 121.047
184.205 120.921
196.844 121.000
209.217 120.932
221.918 121.158
234.195 120.993
246.716 120.953
9.063 133.699
21.698 133.642
34.377 133.632
46.712 133.580
59.134 133.556
71.757 133.577
84.107 133.515
96.871 133.345
109.245 133.591
121.719 133.543
134.200 133.528
146.749 133.433
159.133 133.583
171.751 133.652
184.258 133.400
196.857 133.461
209.182 133.547
221.853 133.481
234.209 133.389
246.784 133.394
21.834 145.994
34.202 145.909
46.922 146.045
59.114 145.918
71.986 146.068
84.158 145.886
96.711 145.957
109.061 145.908
121.828 146.065
134.156 145.997
146.697 145.993
159.179 145.804
171.905 145.892
184.191 145.913
196.908 145.992
209.298 145.984
221.802 145.987
234.143 146.025
21.717 158.472
34.148 158.635
46.745 158.603
59.233 158.469
71.765 158.540
84.274 158.582
96.759 158.592
109.139 158.179
121.774 158.531
134.221 158.332
146.810 158.418
159.194 158.538
171.882 158.601
184.208 158.636
196.860 158.427
209.335 158.315
221.874 158.285
234.327 158.461
21.771 170.996
34.160 170.971
46.770 170.906
59.131 171.043
71.819 171.082
84.113 170.951
97.008 170.925
109.110 171.046
121.839 171.069
134.120 170.969
146.794 170.965
159.181 170.936
171.828 170.997
184.292 171.004
196.960 170.940
209.335 170.927
221.809 170.988
234.165 170.919
34.209 183.615
46.722 183.387
59.124 183.539
71.863 183.565
84.240 183.446
96.757 183.346
109.159 183.573
121.796 183.606
134.185 183.495
146.860 183.170
159.210 183.519
171.858 183.294
184.305 183.402
196.722 183.171
209.186 183.483
221.908 183.323
34.146 195.898
46.899 196.068
59.004 195.981
71.767 195.976
84.207 196.057
96.786 196.010
109.290 196.005
121.828 195.976
134.150 195.926
146.772 195.878
159.215 195.919
171.698 195.889
184.127 195.992
196.967 195.892
209.202 195.904
221.876 196.004
46.667 208.378
59.170 208.538
71.805 208.517
84.162 208.535
96.837 208.615
109.230 208.528
121.720 208.567
134.237 208.536
146.766 208.671
159.266 208.462
171.824 208.538
184.258 208.351
196.813 208.327
209.175 208.463
59.268 221.012
71.872 221.103
84.139 220.931
96.749 220.957
109.273 220.915
121.819 221.007
134.157 220.902
146.713 220.917
159.132 220.830
171.857 220.876
184.076 220.951
196.755 220.988
84.116 233.341
96.732 233.499
109.196 233.487
121.819 233.458
134.212 233.315
146.774 233.373
159.189 233.326
171.683 233.460
121.849 245.893
134.427 246.037
