121.169 9.126
133.771 9.206
83.882 21.808
96.270 21.703
108.839 21.823
121.163 21.751
133.707 21.794
146.093 21.821
158.726 21.915
171.115 21.826
58.924 34.218
71.257 34.249
83.783 34.216
96.214 34.230
108.703 34.118
121.150 34.186
133.792 34.217
146.138 34.112
158.892 34.204
171.135 34.172
183.734 34.238
196.181 34.272
46.281 46.803
58.853 46.778
71.267 46.711
83.810 46.770
96.232 46.782
108.806 46.772
121.221 46.783
133.782 46.830
146.222 46.768
158.772 46.789
171.088 46.808
183.834 46.684
196.217 46.818
208.732 46.799
33.941 59.164
46.336 59.316
58.949 59.141
71.122 59.252
83.838 59.175
96.314 59.172
108.767 59.223
121.224 59.145
133.925 59.156
146.163 59.155
158.826 59.253
171.138 59.277
183.857 59.069
196.117 59.259
208.705 59.249
221.180 59.231
33.975 71.786
46.253 71.731
59.012 71.925
71.233 71.827
83.787 71.792
96.221 71.679
108.844 71.783
121.215 71.756
133.882 71.839
146.236 71.906
158.829 71.890
171.152 71.727
183.744 71.903
196.145 71.857
208.775 71.832
221.131 71.932
21.339 84.161
33.858 84.165
46.239 84.213
58.875 84.223
71.168 84.232
83.763 84.156
96.252 84.245
108.770 84.211
121.155 84.319
133.801 84.147
146.198 84.149
158.810 84.119
171.266 84.158
183.762 84.125
196.022 84.316
208.763 84.175
221.116 84.167
233.704 84.288
21.306 96.794
33.918 96.800
46.339 96.779
58.836 96.842
71.258 96.837
83.881 96.807
96.215 96.692
108.831 96.825
121.230 96.859
133.797 96.789
146.209 96.791
158.760 96.858
171.015 96.818
183.818 96.780
196.112 96.806
208.768 96.839
221.052 96.874
233.718 96.828
21.283 109.240
33.903 109.221
46.288 109.242
58.917 109.276
71.247 109.276
83.821 109.226
96.213 109.193
108.853 109.227
121.204 109.195
133.790 109.173
146.187 109.235
158.808 109.278
171.092 109.204
183.793 109.273
196.200 109.197
208.785 109.180
221.237 109.197
233.777 109.231
8.885 121.828
21.359 121.854
33.843 121.710
46.268 121.778
58.852 121.844
71.243 121.832
83.859 121.828
96.254 121.729
108.864 121.827
121.213 121.786
133.783 121.895
146.230 121.878
158.771 121.831
171.153 121.916
183.755 121.899
196.171 121.803
208.814 121.835
221.166 121.904
233.776 121.884
246.080 121.778
8.942 134.138
21.275 134.255
33.916 134.172
46.357 134.207
58.823 134.181
71.504 134.250
83.806 134.120
96.237 134.250
108.936 134.202
121.198 134.344
133.786 134.153
146.175 134.300
158.784 134.188
171.148 134.272
183.755 134.240
196.151 134.186
208.787 134.202
221.144 134.214
233.775 134.195
246.150 134.264
21.278 146.840
33.887 146.797
46.273 146.787
58.920 146.884
71.216 146.866
83.891 146.788
96.207 146.799
108.769 146.833
121.136 146.795
133.842 146.842
146.256 146.806
158.894 146.847
171.158 146.803
183.835 146.847
196.149 146.854
208.760 146.770
221.153 146.931
233.849 146.856
21.227 159.193
33.885 159.255
46.261 159.138
58.805 159.174
71.286 159.235
83.949 159.247
96.273 159.279
108.895 159.214
121.157 159.302
133.810 159.149
146.197 159.346
158.859 159.229
171.291 159.259
183.792 159.180
196.225 159.303
208.738 159.288
221.164 159.177
233.748 159.228
21.261 171.831
33.927 171.753
46.334 171.810
58.973 171.804
71.173 171.743
83.795 171.766
96.238 171.848
108.875 171.834
121.247 171.925
133.884 171.762
146.217 171.873
158.854 171.811
171.094 171.868
183.811 171.864
196.167 171.827
208.768 171.898
221.140 171.958
233.794 171.850
33.950 184.222
46.293 184.107
58.864 184.190
71.176 184.190
83.895 184.089
96.196 184.273
108.760 184.208
121.199 184.227
133.798 184.248
146.187 184.130
158.780 184.252
171.154 184.304
183.773 184.253
196.058 184.304
208.808 184.271
221.264 184.239
33.850 196.930
46.230 196.822
58.964 196.859
71.339 196.897
83.798 196.940
96.231 196.800
108.839 196.842
121.230 196.826
133.788 196.878
146.256 196.861
158.829 196.844
171.161 196.889
183.821 196.851
196.147 196.947
208.841 196.924
221.170 196.858
46.331 209.233
58.838 209.264
71.212 209.185
83.874 209.232
96.291 209.205
108.792 209.238
121.285 209.290
133.772 209.277
146.200 209.187
158.890 209.342
171.256 209.332
183.753 209.236
196.162 209.274
208.752 209.208
58.883 221.901
71.343 222.021
83.892 221.898
96.126 221.867
108.803 221.846
121.225 221.840
133.804 221.940
146.214 221.975
158.833 221.804
171.174 221.836
183.848 221.861
196.101 222.001
83.871 234.360
96.249 234.321
108.799 234.194
121.273 234.243
133.772 234.225
146.225 234.291
158.853 234.165
171.251 234.172
121.220 246.910
133.768 246.791
