121.998 9.334
134.535 9.419
84.571 21.947
97.026 21.951
109.754 21.931
122.009 21.873
134.532 21.960
147.048 22.075
159.636 21.931
171.986 22.010
59.815 34.294
71.963 34.344
84.351 34.366
97.089 34.323
109.305 34.410
122.020 34.305
134.462 34.251
147.002 34.137
159.385 34.512
172.060 34.173
184.659 34.415
196.994 34.340
47.022 46.925
59.575 46.984
71.995 46.954
84.405 46.775
97.050 46.902
109.494 46.956
121.923 46.937
134.676 46.867
146.973 46.892
159.594 46.828
171.844 46.889
184.495 46.947
196.890 46.894
209.458 46.915
34.631 59.277
47.041 59.279
59.666 59.300
72.033 59.191
84.526 59.455
96.965 59.290
109.624 59.324
122.016 59.289
134.590 59.304
147.061 59.269
159.533 59.269
171.977 59.284
184.637 59.280
196.963 59.278
209.551 59.306
222.009 59.172
34.395 71.913
47.059 71.850
59.720 71.944
71.987 72.013
84.811 71.982
97.026 71.723
109.604 71.963
121.993 71.978
134.635 71.942
147.060 71.962
159.586 71.813
171.991 71.827
184.568 71.843
196.876 71.879
209.325 71.827
221.924 71.892
22.072 84.254
34.743 84.395
46.986 84.166
59.390 84.305
71.931 84.324
84.686 84.253
97.023 84.262
109.441 84.276
122.038 84.334
134.695 84.324
146.968 84.150
159.517 84.177
172.023 84.219
184.670 84.288
196.991 84.355
209.520 84.295
222.041 84.293
234.674 84.231
22.135 96.851
34.597 96.839
46.896 96.844
59.544 96.925
71.956 96.840
84.380 96.908
96.910 97.025
109.608 96.800
122.070 96.862
134.715 96.906
147.013 96.887
159.644 96.746
172.007 96.843
184.606 96.797
197.154 96.878
209.565 96.819
221.931 96.867
234.447 96.859
22.031 109.250
34.606 109.386
46.920 109.192
59.651 109.279
72.049 109.242
84.657 109.332
97.018 109.206
109.556 109.254
121.939 109.172
134.542 109.153
146.932 109.251
159.723 109.281
171.908 109.135
184.677 109.277
197.014 109.260
209.538 109.172
221.885 109.319
234.486 109.207
9.626 121.773
21.931 121.861
34.898 121.788
46.984 121.929
59.806 121.858
72.056 121.921
84.569 121.822
96.935 121.873
109.553 121.854
121.941 121.792
134.604 121.930
146.914 121.854
159.600 121.809
172.094 121.830
184.414 121.838
197.003 121.998
209.386 121.926
221.872 121.953
234.538 121.882
246.996 121.850
9.680 134.421
22.137 134.294
34.647 134.316
47.046 134.308
59.737 134.246
71.982 134.306
84.658 134.377
97.022 134.291
109.637 134.241
121.983 134.255
134.313 134.339
147.024 134.266
159.513 134.320
171.947 134.257
184.488 134.288
196.939 134.178
209.595 134.217
222.000 134.210
234.536 134.323
246.931 134.066
21.962 146.943
34.683 146.889
47.108 146.913
59.610 146.769
72.059 146.867
84.606 146.800
97.002 146.865
109.737 146.754
121.932 146.797
134.593 146.790
146.953 146.819
159.594 146.876
171.958 146.867
184.482 146.831
196.922 146.812
209.375 146.783
221.830 146.886
234.511 146.882
22.005 159.219
34.638 159.306
47.070 159.266
59.459 159.200
71.818 159.180
84.636 159.280
97.009 159.220
109.600 159.276
122.089 159.190
134.435 159.206
147.073 159.176
159.594 159.195
172.021 159.295
184.448 159.263
197.000 159.168
209.589 159.283
222.009 159.138
234.512 159.250
21.971 171.878
34.511 171.993
46.997 171.872
59.783 171.838
72.029 171.891
84.650 171.892
97.030 171.802
109.708 171.775
121.978 171.838
134.558 171.819
146.990 171.896
159.576 171.875
172.052 171.857
184.640 171.799
196.914 171.835
209.488 171.801
222.133 172.073
234.487 171.797
34.602 184.237
47.082 184.241
59.468 184.192
72.118 184.202
84.684 184.241
97.037 184.164
109.683 184.277
121.968 184.297
134.621 184.198
147.060 184.214
159.367 184.175
172.011 184.163
184.521 184.174
196.904 184.115
209.506 184.165
221.939 184.154
34.650 196.820
47.011 196.813
59.724 196.816
72.088 196.789
84.539 196.871
96.977 197.025
109.384 196.825
121.970 196.893
134.682 196.720
147.022 196.921
159.456 196.869
172.068 196.868
184.542 196.786
196.968 197.003
209.584 196.815
221.967 196.768
46.984 209.222
59.611 209.325
71.989 209.103
84.493 209.212
96.843 209.165
109.660 209.233
122.045 209.167
134.401 209.298
147.006 209.085
159.506 209.154
171.975 209.186
184.582 209.185
197.033 209.172
209.470 209.227
59.574 221.816
71.995 221.848
84.298 221.912
97.003 221.869
109.646 221.775
121.953 221.769
134.562 221.825
147.039 221.814
159.524 221.798
171.861 221.882
184.597 221.890
197.058 221.920
84.685 234.094
96.984 234.121
109.816 234.225
121.955 234.078
134.661 234.213
146.964 234.087
159.554 234.176
172.033 234.113
121.989 246.798
134.531 246.768
