121.113 9.289
134.003 9.230
83.879 21.922
96.173 21.990
108.877 21.959
121.438 21.819
133.815 21.806
146.455 21.926
158.960 21.920
171.234 21.869
58.934 34.351
71.519 34.211
83.992 34.156
96.279 34.281
108.869 34.204
121.460 34.230
133.886 34.186
146.445 34.350
158.969 34.265
171.553 34.158
183.937 34.197
196.427 34.225
46.256 46.991
58.828 46.913
71.470 46.870
83.874 46.826
96.310 46.942
108.743 46.899
121.182 46.841
133.925 46.845
146.305 46.861
158.941 47.023
171.192 46.776
183.956 46.962
196.345 46.935
209.055 46.789
33.815 59.272
46.150 59.310
58.795 59.164
71.184 59.418
83.830 59.337
96.441 59.325
108.827 59.208
121.280 59.345
133.873 59.395
146.471 59.339
158.855 59.248
171.294 59.260
183.901 59.298
196.531 59.245
209.026 59.329
221.490 59.191
33.832 71.985
46.169 71.791
58.825 71.896
71.237 71.865
83.906 71.923
96.220 71.925
108.830 71.850
121.347 71.823
133.885 71.925
146.481 71.913
158.943 71.831
171.469 71.784
183.930 71.976
196.511 71.858
208.930 71.918
221.515 71.879
21.389 84.341
33.888 84.299
46.184 84.305
58.856 84.250
71.374 84.239
83.852 84.383
96.225 84.343
108.861 84.284
121.362 84.246
134.006 84.233
146.502 84.305
158.759 84.235
171.192 84.206
183.916 84.218
196.401 84.282
208.923 84.327
221.463 84.259
233.992 84.286
21.186 97.025
33.733 96.910
46.473 96.904
58.857 96.944
71.153 96.986
83.828 96.914
96.424 96.936
108.840 96.928
121.213 96.919
133.810 96.905
146.273 96.955
158.843 96.912
171.420 96.897
183.878 96.869
196.525 96.828
209.035 96.872
221.547 96.808
233.934 96.893
21.332 109.314
33.813 109.220
46.146 109.293
58.869 109.261
71.259 109.561
83.901 109.253
96.225 109.219
108.974 109.333
121.443 109.377
133.844 109.194
146.340 109.292
159.018 109.270
171.315 109.307
183.977 109.307
196.406 109.212
208.880 109.288
221.285 109.222
234.047 109.319
8.846 122.005
21.194 121.970
33.957 121.908
46.183 121.947
58.912 121.930
71.297 122.036
83.885 121.886
96.240 121.958
108.756 121.859
121.253 121.886
133.980 121.932
146.567 121.966
158.946 121.964
171.477 121.996
183.908 121.941
196.530 121.911
208.993 121.928
221.379 121.999
233.973 121.859
246.243 121.834
8.887 134.308
21.188 134.270
33.871 134.322
46.276 134.297
58.758 134.372
71.525 134.389
83.750 134.336
96.450 134.339
108.874 134.329
121.518 134.292
133.927 134.256
146.378 134.374
158.896 134.151
171.442 134.312
183.775 134.202
196.327 134.367
208.869 134.329
221.508 134.316
233.980 134.345
246.607 134.339
21.163 146.950
33.865 146.853
46.201 146.912
58.909 146.950
71.275 146.890
83.907 146.993
96.156 147.045
108.873 146.864
121.232 146.874
133.784 147.108
146.181 146.870
158.888 146.999
171.419 146.952
183.992 146.977
196.289 146.935
208.949 147.029
221.508 146.881
233.999 146.916
21.317 159.281
33.809 159.396
46.150 159.332
58.923 159.303
71.491 159.429
83.976 159.362
96.323 159.269
108.891 159.285
121.196 159.526
133.920 159.429
146.310 159.455
158.912 159.393
171.490 159.272
183.952 159.270
196.516 159.364
208.903 159.393
221.515 159.339
233.897 159.520
21.272 172.014
34.117 171.867
46.134 172.028
58.781 171.923
71.236 171.985
83.800 171.911
96.248 171.930
108.853 171.971
121.182 172.039
133.884 171.984
146.203 171.994
158.994 171.956
171.307 171.831
183.966 172.005
196.332 171.901
209.019 171.869
221.282 171.881
233.871 172.007
33.742 184.381
46.226 184.639
58.896 184.408
71.307 184.439
83.835 184.364
96.337 184.327
108.814 184.365
121.122 184.278
133.891 184.374
146.309 184.369
158.944 184.439
171.283 184.246
183.924 184.406
196.559 184.351
208.888 184.507
221.558 184.383
33.850 197.001
46.041 197.012
58.768 196.895
71.182 196.950
84.303 196.968
96.257 196.881
108.891 196.953
121.262 196.961
133.973 197.000
146.182 197.023
158.919 197.046
171.358 197.030
184.145 196.895
196.445 197.020
208.923 196.990
221.487 196.962
46.428 209.477
58.793 209.408
71.268 209.350
83.880 209.451
96.299 209.261
108.873 209.380
121.431 209.349
133.933 209.315
146.552 209.452
158.871 209.432
171.294 209.408
183.886 209.275
196.491 209.363
208.924 209.377
58.876 222.080
71.125 221.953
83.953 221.928
96.286 221.871
108.856 222.025
121.165 221.966
133.922 222.058
146.185 221.922
158.810 221.950
171.267 222.121
183.909 222.000
196.497 222.030
83.917 234.297
96.491 234.433
108.841 234.333
121.211 234.325
133.853 234.316
146.467 234.393
158.967 234.353
171.404 234.389
121.277 247.024
133.885 247.013
