121.907 8.905
134.249 8.805
84.315 21.265
96.871 21.313
109.233 21.212
121.900 21.174
134.180 21.198
146.855 21.227
159.165 21.228
171.829 21.227
59.237 33.837
71.719 33.802
84.289 33.873
96.887 33.891
109.247 33.741
121.848 33.843
134.202 33.850
146.860 33.835
159.262 33.774
171.833 33.822
184.209 33.748
196.838 33.803
46.786 46.381
59.262 46.206
71.864 46.097
84.229 46.202
96.926 46.214
109.248 46.198
121.827 46.199
134.312 46.257
146.764 46.249
159.258 46.231
171.796 46.276
184.277 46.105
196.887 46.245
209.284 46.243
34.305 58.864
46.888 58.864
59.210 59.046
71.877 58.845
84.146 58.748
96.799 58.909
109.226 58.799
121.840 58.877
134.192 58.808
146.875 58.798
159.244 58.758
171.862 58.885
184.267 58.804
196.766 58.886
209.249 58.801
221.896 58.858
34.226 71.287
46.814 71.248
59.288 71.176
71.852 71.176
84.230 71.280
96.868 71.183
109.228 71.567
121.836 71.181
134.216 71.267
146.900 71.261
159.214 71.205
171.830 71.218
184.325 71.185
196.970 71.254
209.148 71.235
221.781 71.257
21.873 83.810
34.250 83.874
46.863 83.857
59.164 83.879
71.909 83.735
84.205 83.821
96.856 83.924
109.236 83.850
121.921 83.805
134.195 83.879
146.906 83.931
159.143 83.816
171.832 83.846
184.190 83.823
196.829 83.812
209.305 83.770
221.797 83.794
234.290 83.825
21.732 96.239
34.259 96.210
46.866 96.139
59.292 96.176
71.793 96.265
84.138 96.341
96.744 96.198
109.315 96.160
121.851 96.253
134.162 96.116
146.859 96.292
159.299 96.221
171.858 96.128
184.199 96.188
196.759 96.203
209.184 96.196
221.829 96.168
234.193 96.192
21.871 108.904
34.243 108.824
46.859 108.858
59.264 108.821
71.856 108.890
84.320 108.973
96.820 108.795
109.236 108.902
121.911 108.829
134.266 108.879
146.858 108.891
159.181 108.837
171.856 108.819
184.254 108.809
196.837 108.861
209.167 108.887
221.813 108.836
234.162 108.898
9.283 121.257
21.863 121.287
34.240 121.246
46.837 121.218
59.116 121.190
71.700 121.282
84.320 121.283
96.899 121.157
109.256 121.482
121.799 121.278
134.235 121.282
146.761 121.329
159.087 121.233
171.693 121.286
184.047 121.171
196.880 121.292
209.264 121.273
221.861 121.454
234.130 121.202
246.853 121.182
9.218 133.885
21.839 133.871
34.228 133.964
46.845 133.926
59.106 133.955
71.845 133.808
84.131 133.831
96.792 133.874
109.227 133.829
121.828 133.898
134.309 133.887
146.826 133.810
159.270 133.935
171.791 133.851
184.214 133.971
196.795 133.844
209.196 133.835
221.853 133.833
234.200 133.927
246.746 133.808
21.859 146.239
34.233 146.254
46.878 146.469
59.300 146.237
71.873 146.199
84.180 146.280
96.828 146.418
109.279 146.212
121.816 146.256
134.306 146.271
146.877 146.376
159.106 146.182
171.689 146.157
184.315 146.408
196.805 146.154
209.195 146.224
221.803 146.298
234.259 146.215
21.910 158.853
34.307 158.915
46.827 158.845
59.266 158.873
71.832 158.917
84.206 158.911
96.873 158.863
109.199 158.884
121.747 158.883
134.274 158.803
146.828 158.815
159.256 158.867
171.808 158.823
184.158 158.997
196.848 158.919
209.228 158.807
221.782 158.900
234.193 158.792
21.818 171.483
34.175 171.375
46.811 171.251
59.197 171.221
71.838 171.250
84.211 171.319
96.799 171.288
109.211 171.254
121.775 171.300
134.132 171.207
146.835 171.187
159.120 171.174
171.857 171.289
184.271 171.273
196.766 171.268
209.173 171.295
221.820 171.227
234.250 171.337
34.152 183.829
46.760 183.901
59.186 183.935
71.832 183.802
84.217 183.967
96.865 183.905
109.151 183.823
121.905 183.894
134.183 183.791
146.937 183.924
159.140 183.903
171.856 183.845
184.157 183.836
196.760 183.891
209.129 183.823
221.900 183.824
34.243 196.248
46.734 196.331
59.176 196.316
71.811 196.339
84.159 196.266
96.891 196.345
109.136 196.412
121.809 196.311
134.152 196.419
146.752 196.213
159.184 196.279
171.826 196.248
184.192 196.281
196.819 196.224
209.271 196.262
221.759 196.265
46.823 208.929
59.136 208.933
71.892 208.963
84.235 208.879
96.829 208.960
109.213 208.829
121.838 208.986
134.199 208.910
146.785 208.943
159.105 208.812
171.769 208.833
184.200 208.953
196.837 208.826
209.157 208.936
59.162 221.265
71.797 221.282
84.216 221.234
96.851 221.189
109.179 221.270
121.785 221.206
134.170 221.368
146.845 221.292
159.181 221.313
171.808 221.229
184.180 221.242
196.795 221.309
84.208 233.881
96.673 233.826
109.194 233.859
121.757 233.928
134.195 233.830
146.819 233.955
159.125 233.849
171.794 233.854
121.763 246.237
134.243 246.256
