121.877 9.615
134.251 9.522
84.320 22.127
96.858 22.047
109.262 21.985
121.778 22.059
134.198 22.100
146.764 22.159
159.127 22.202
171.790 22.137
59.294 34.694
71.880 34.768
84.353 34.649
96.871 34.623
109.235 34.700
121.704 34.690
134.349 34.494
146.870 34.545
159.134 34.781
171.829 34.609
184.254 34.744
196.806 34.664
46.860 47.075
59.299 47.071
71.846 47.010
84.299 47.091
96.907 47.124
109.276 47.179
121.755 47.041
134.162 47.207
146.862 47.026
159.168 47.085
171.783 47.154
184.209 47.039
196.735 47.222
209.208 47.064
34.251 59.673
46.825 59.676
59.187 59.741
71.967 59.709
84.162 59.580
96.846 59.697
109.171 59.767
121.833 59.754
134.251 59.759
146.727 59.547
159.206 59.482
171.879 59.801
184.296 59.796
196.706 59.679
209.169 59.533
221.883 59.502
34.362 72.036
46.955 72.101
59.214 72.223
71.906 72.074
84.265 72.078
96.892 72.213
109.174 72.149
121.910 72.121
134.275 72.029
146.859 72.173
159.156 72.068
171.805 72.156
184.302 72.115
196.833 72.014
209.181 72.097
221.764 72.074
21.876 84.620
34.253 84.726
46.816 84.755
59.303 84.749
71.869 84.798
84.284 84.634
96.880 84.634
109.257 84.785
121.651 84.497
134.277 84.609
146.725 84.760
159.210 84.690
171.851 84.780
184.135 84.875
196.751 84.811
209.183 84.697
221.733 84.759
234.317 84.676
21.912 97.029
34.300 97.158
46.918 97.092
59.332 97.141
71.828 97.029
84.221 97.068
96.972 97.075
109.170 97.157
121.977 97.211
134.281 97.141
146.709 97.017
159.156 97.128
171.903 97.050
184.141 97.086
196.787 97.130
209.087 97.066
221.754 97.084
234.149 97.063
21.924 109.590
34.282 109.730
46.896 109.806
59.388 109.655
71.836 109.680
84.250 109.781
96.918 109.818
109.403 109.501
121.936 109.643
134.228 109.736
146.926 109.719
159.253 109.641
171.934 109.771
184.218 109.540
196.759 109.608
209.195 109.680
221.677 109.722
234.119 109.675
9.410 122.166
21.850 122.065
34.068 122.209
46.825 122.008
59.191 122.116
71.903 122.170
84.215 122.109
96.879 122.024
109.256 122.167
121.935 122.088
134.190 122.145
146.958 122.103
159.278 122.052
171.890 122.165
184.211 122.088
196.853 122.069
209.252 122.083
221.900 122.091
234.105 122.092
246.756 122.085
9.378 134.717
21.935 134.744
34.356 134.683
46.894 134.652
59.201 134.786
71.825 134.771
84.336 134.693
96.833 134.707
109.285 134.718
121.913 134.754
134.158 134.466
146.833 134.762
159.269 134.824
171.721 134.453
184.152 134.745
196.864 134.741
209.168 134.786
221.779 134.674
234.216 134.734
246.791 134.635
21.961 147.108
34.287 147.100
46.911 147.149
59.280 147.199
71.940 147.132
84.280 147.127
96.939 147.072
109.277 147.112
121.885 147.047
134.214 147.129
146.878 147.156
159.203 146.997
171.761 147.072
184.146 147.052
196.738 147.069
209.162 147.147
221.832 147.034
234.099 146.995
22.046 159.662
34.368 159.583
46.783 159.793
59.169 159.731
71.838 159.750
84.189 159.645
96.814 159.804
109.269 159.720
121.825 159.642
134.167 159.734
146.906 159.522
159.140 159.817
171.585 159.591
184.264 159.472
196.792 159.683
209.195 159.723
221.700 159.586
234.118 159.482
21.893 172.001
34.230 172.113
46.924 172.010
59.386 172.041
71.872 172.086
84.254 172.160
96.911 172.073
109.164 172.052
121.966 172.105
134.300 172.147
146.869 172.080
159.177 172.096
171.825 172.135
184.151 172.127
196.742 172.093
209.163 172.048
221.521 172.125
234.305 172.067
34.269 184.551
46.856 184.708
59.268 184.650
71.911 184.729
84.206 184.816
96.888 184.702
109.297 184.603
121.840 184.522
134.322 184.813
146.928 184.802
159.330 184.734
171.861 184.841
184.196 184.650
196.734 184.662
209.220 184.686
221.553 184.712
34.199 197.176
46.859 197.123
59.372 197.057
71.900 197.134
84.291 197.199
96.647 197.183
109.301 196.949
121.868 197.041
134.238 197.100
146.762 197.113
159.206 197.165
171.748 197.094
184.133 197.099
196.790 197.038
209.182 197.018
221.779 197.084
46.884 209.773
59.226 209.645
71.888 209.693
84.291 209.831
96.653 209.752
109.283 209.764
121.764 209.717
134.248 209.637
146.871 209.697
159.260 209.519
171.695 209.510
184.228 209.711
196.789 209.682
209.155 209.891
59.247 222.144
71.920 222.113
84.179 222.107
96.902 222.054
109.155 222.157
121.829 222.176
134.244 222.217
146.653 222.037
159.226 222.114
171.844 222.088
184.176 222.096
196.771 222.054
84.236 234.686
96.903 234.725
109.227 234.813
121.841 234.816
134.117 234.499
146.676 234.819
159.235 234.804
172.000 234.750
121.822 247.082
134.237 247.021
