122.017 9.258
134.502 9.143
84.310 21.444
96.997 21.750
109.572 21.657
121.905 21.875
134.620 21.681
147.036 21.737
159.261 21.820
172.004 21.824
59.379 34.203
71.832 34.170
84.368 34.081
96.952 34.117
109.499 34.127
121.938 34.008
134.532 34.186
146.897 34.060
159.510 34.336
172.098 34.240
184.655 34.343
197.027 34.200
46.912 46.808
59.384 46.641
72.094 46.723
84.311 46.638
96.950 46.807
109.588 46.728
121.871 46.775
134.311 46.702
146.981 46.784
159.560 46.632
171.896 46.867
184.470 46.699
197.010 46.767
209.593 46.762
34.469 59.136
46.942 59.110
59.531 59.199
71.957 59.211
84.500 59.197
97.058 59.225
109.642 59.197
122.026 59.066
134.696 59.247
146.981 59.155
159.570 59.268
172.035 59.138
184.536 59.414
196.973 59.079
209.524 59.184
222.022 59.211
34.272 71.531
46.912 71.583
59.635 71.637
71.982 71.815
84.484 71.709
96.915 71.706
109.574 71.777
121.967 71.636
134.566 71.671
147.042 71.803
159.660 71.628
171.903 71.764
184.519 71.702
196.928 71.716
209.564 71.833
221.957 71.826
21.837 84.069
34.532 84.069
46.946 83.962
59.283 84.175
72.016 84.248
84.458 84.075
97.009 84.056
109.319 84.354
122.022 84.146
134.702 84.063
147.130 84.152
159.569 84.081
172.019 84.168
184.643 84.199
197.105 84.110
209.659 84.136
221.998 84.129
234.633 84.276
22.083 96.525
34.571 96.633
46.910 96.675
59.599 96.666
72.064 96.764
84.329 96.608
97.047 96.693
109.656 96.513
122.029 96.820
134.550 96.750
146.961 96.800
159.573 96.662
172.020 96.793
184.580 96.480
197.161 96.791
209.704 96.668
221.982 96.797
234.610 96.753
21.930 109.065
34.662 109.058
46.963 109.023
59.498 109.028
71.911 109.093
84.548 109.238
96.940 109.219
109.627 108.969
122.001 109.082
134.575 109.043
146.996 109.147
159.680 109.409
172.028 109.134
184.582 109.113
197.137 109.116
209.592 109.273
221.993 109.106
234.561 109.201
9.625 121.604
22.012 121.817
34.493 121.758
46.977 121.677
59.609 121.553
72.018 121.693
84.623 121.616
97.107 121.794
109.564 121.759
121.918 121.702
134.656 121.691
147.120 121.809
159.689 121.734
172.043 121.877
184.487 121.650
197.064 121.747
209.498 121.658
221.974 121.756
234.723 121.686
247.010 121.800
9.570 134.142
21.887 133.978
34.415 133.998
46.928 134.088
59.611 134.135
71.915 133.984
84.711 133.971
97.040 133.966
109.518 134.108
121.929 134.093
134.462 134.053
147.055 134.033
159.717 134.362
172.005 133.999
184.622 134.158
197.130 134.047
209.663 134.103
222.029 133.976
234.627 134.181
247.000 134.144
22.023 146.613
34.705 146.672
46.952 146.732
59.504 146.602
72.091 146.625
84.598 146.751
97.065 146.685
109.712 146.701
121.929 146.800
134.705 146.624
147.009 146.762
159.664 146.783
171.917 146.730
184.544 146.690
196.978 146.751
209.688 146.652
222.109 146.752
234.578 146.754
22.124 159.288
34.549 158.958
46.987 159.138
59.335 159.129
72.029 159.107
84.582 158.996
97.078 158.921
109.585 159.111
122.066 159.026
134.589 159.198
147.147 159.091
159.674 159.382
172.117 159.142
184.631 159.074
197.073 159.026
209.645 159.031
221.923 158.990
234.724 159.219
21.955 171.568
34.474 171.709
47.105 171.812
59.680 171.636
72.033 171.676
84.554 171.828
97.052 171.729
109.725 171.695
122.008 171.708
134.613 171.621
147.084 171.803
159.720 171.627
171.991 171.691
184.699 171.832
197.015 171.714
209.622 171.713
222.120 171.768
234.548 171.731
34.719 183.976
46.980 183.897
59.364 183.979
72.044 184.160
84.638 184.219
96.930 184.003
109.608 184.090
122.147 184.021
134.706 184.322
147.150 184.134
159.687 184.019
171.930 184.055
184.620 184.117
196.990 184.389
209.597 184.057
222.046 184.150
34.572 196.629
47.046 196.651
59.676 196.668
72.006 196.450
84.632 196.683
96.981 196.699
109.568 196.698
122.000 196.633
134.586 196.717
146.946 196.749
159.633 196.651
172.034 196.768
184.503 196.741
197.093 196.736
209.713 196.737
222.044 196.696
46.976 208.973
59.621 209.026
72.129 208.919
84.758 209.023
97.099 209.063
109.716 209.033
122.040 209.075
134.754 209.321
147.030 209.035
159.598 209.135
172.014 209.045
184.679 209.190
197.091 209.015
209.708 209.133
59.636 221.503
72.132 221.704
84.585 221.638
97.122 221.740
109.657 221.634
122.030 221.673
134.634 221.611
146.990 221.645
159.691 221.724
172.115 221.755
184.616 221.685
197.115 221.741
84.733 234.231
97.139 234.021
109.724 234.163
122.093 234.022
134.599 234.088
147.049 234.001
159.701 234.010
172.025 234.084
122.067 246.630
134.729 246.684
