143.750 31.250
156.250 31.250
106.250 43.750
118.750 43.750
131.250 43.750
143.750 43.750
156.250 43.750
168.750 43.750
181.250 43.750
193.750 43.750
81.250 56.250
93.750 56.250
106.250 56.250
118.750 56.250
131.250 56.250
143.750 56.250
156.250 56.250
168.750 56.250
181.250 56.250
193.750 56.250
206.250 56.250
218.750 56.250
68.750 68.750
81.250 68.750
93.750 68.750
106.250 68.750
118.750 68.750
131.250 68.750
143.750 68.750
156.250 68.750
168.750 68.750
181.250 68.750
193.750 68.750
206.250 68.750
218.750 68.750
231.250 68.750
56.250 81.250
68.750 81.250
81.250 81.250
93.750 81.250
106.250 81.250
118.750 81.250
131.250 81.250
143.750 81.250
156.250 81.250
168.750 81.250
181.250 81.250
193.750 81.250
206.250 81.250
218.750 81.250
231.250 81.250
243.750 81.250
56.250 93.750
68.750 93.750
81.250 93.750
93.750 93.750
106.250 93.750
118.750 93.750
131.250 93.750
143.750 93.750
156.250 93.750
168.750 93.750
181.250 93.750
193.750 93.750
206.250 93.750
218.750 93.750
231.250 93.750
243.750 93.750
43.750 106.250
56.250 106.250
68.750 106.250
81.250 106.250
93.750 106.250
106.250 106.250
118.750 106.250
131.250 106.250
143.750 106.250
156.250 106.250
168.750 106.250
181.250 106.250
193.750 106.250
206.250 106.250
218.750 106.250
231.250 106.250
243.750 106.250
256.250 106.250
43.750 118.750
56.250 118.750
68.750 118.750
81.250 118.750
93.750 118.750
106.250 118.750
118.750 118.750
131.250 118.750
143.750 118.750
156.250 118.750
168.750 118.750
181.250 118.750
193.750 118.750
206.250 118.750
218.750 118.750
231.250 118.750
243.750 118.750
256.250 118.750
43.750 131.250
56.250 131.250
68.750 131.250
81.250 131.250
93.750 131.250
106.250 131.250
118.750 131.250
131.250 131.250
143.750 131.250
156.250 131.250
168.750 131.250
181.250 131.250
193.750 131.250
206.250 131.250
218.750 131.250
231.250 131.250
243.750 131.250
256.250 131.250
31.250 143.750
43.750 143.750
56.250 143.750
68.750 143.750
81.250 143.750
93.750 143.750
106.250 143.750
118.750 143.750
131.250 143.750
143.750 143.750
156.250 143.750
168.750 143.750
181.250 143.750
193.750 143.750
206.250 143.750
218.750 143.750
231.250 143.750
243.750 143.750
256.250 143.750
268.750 143.750
31.250 156.250
43.750 156.250
56.250 156.250
68.750 156.250
81.250 156.250
93.750 156.250
106.250 156.250
118.750 156.250
131.250 156.250
143.750 156.250
156.250 156.250
168.750 156.250
181.250 156.250
193.750 156.250
206.250 156.250
218.750 156.250
231.250 156.250
243.750 156.250
256.250 156.250
268.750 156.250
43.750 168.750
56.250 168.750
68.750 168.750
81.250 168.750
93.750 168.750
106.250 168.750
118.750 168.750
131.250 168.750
143.750 168.750
156.250 168.750
168.750 168.750
181.250 168.750
193.750 168.750
206.250 168.750
218.750 168.750
231.250 168.750
243.750 168.750
256.250 168.750
43.750 181.250
56.250 181.250
68.750 181.250
81.250 181.250
93.750 181.250
106.250 181.250
118.750 181.250
131.250 181.250
143.750 181.250
156.250 181.250
168.750 181.250
181.250 181.250
193.750 181.250
206.250 181.250
218.750 181.250
231.250 181.250
243.750 181.250
256.250 181.250
43.750 193.750
56.250 193.750
68.750 193.750
81.250 193.750
93.750 193.750
106.250 193.750
118.750 193.750
131.250 193.750
143.750 193.750
156.250 193.750
168.750 193.750
181.250 193.750
193.750 193.750
206.250 193.750
218.750 193.750
231.250 193.750
243.750 193.750
256.250 193.750
56.250 206.250
68.750 206.250
81.250 206.250
93.750 206.250
106.250 206.250
118.750 206.250
131.250 206.250
143.750 206.250
156.250 206.250
168.750 206.250
181.250 206.250
193.750 206.250
206.250 206.250
218.750 206.250
231.250 206.250
243.750 206.250
56.250 218.750
68.750 218.750
81.250 218.750
93.750 218.750
106.250 218.750
118.750 218.750
131.250 218.750
143.750 218.750
156.250 218.750
168.750 218.750
181.250 218.750
193.750 218.750
206.250 218.750
218.750 218.750
231.250 218.750
243.750 218.750
68.750 231.250
81.250 231.250
93.750 231.250
106.250 231.250
118.750 231.250
131.250 231.250
143.750 231.250
156.250 231.250
168.750 231.250
181.250 231.250
193.750 231.250
206.250 231.250
218.750 231.250
231.250 231.250
81.250 243.750
93.750 243.750
106.250 243.750
118.750 243.750
131.250 243.750
143.750 243.750
156.250 243.750
168.750 243.750
181.250 243.750
193.750 243.750
206.250 243.750
218.750 243.750
106.250 256.250
118.750 256.250
131.250 256.250
143.750 256.250
156.250 256.250
168.750 256.250
181.250 256.250
193.750 256.250
143.750 268.750
156.250 268.750
