708.023 220.777
762.569 220.777
817.114 220.777
871.660 220.777
926.205 220.777
980.750 220.777
1035.296 220.777
1089.841 220.777
1144.387 220.777
1198.932 220.777
1253.478 220.777
1308.023 220.777
1362.569 220.777
598.932 275.323
653.478 275.323
708.023 275.323
762.569 275.323
817.114 275.323
871.660 275.323
926.205 275.323
980.750 275.323
1035.296 275.323
1089.841 275.323
1144.387 275.323
1198.932 275.323
1253.478 275.323
1308.023 275.323
1362.569 275.323
1417.114 275.323
1471.660 275.323
544.387 329.868
598.932 329.868
653.478 329.868
708.023 329.868
762.569 329.868
817.114 329.868
871.660 329.868
926.205 329.868
980.750 329.868
1035.296 329.868
1089.841 329.868
1144.387 329.868
1198.932 329.868
1253.478 329.868
1308.023 329.868
1362.569 329.868
1417.114 329.868
1471.660 329.868
1526.205 329.868
489.841 384.414
544.387 384.414
598.932 384.414
653.478 384.414
708.023 384.414
762.569 384.414
817.114 384.414
871.660 384.414
926.205 384.414
980.750 384.414
1035.296 384.414
1089.841 384.414
1144.387 384.414
1198.932 384.414
1253.478 384.414
1308.023 384.414
1362.569 384.414
1417.114 384.414
1471.660 384.414
1526.205 384.414
1580.750 384.414
435.296 438.959
489.841 438.959
544.387 438.959
598.932 438.959
653.478 438.959
708.023 438.959
762.569 438.959
817.114 438.959
871.660 438.959
926.205 438.959
980.750 438.959
1035.296 438.959
1089.841 438.959
1144.387 438.959
1198.932 438.959
1253.478 438.959
1308.023 438.959
1362.569 438.959
1417.114 438.959
1471.660 438.959
1526.205 438.959
1580.750 438.959
1635.296 438.959
380.750 493.505
435.296 493.505
489.841 493.505
544.387 493.505
598.932 493.505
653.478 493.505
708.023 493.505
762.569 493.505
817.114 493.505
871.660 493.505
926.205 493.505
980.750 493.505
1035.296 493.505
1089.841 493.505
1144.387 493.505
1198.932 493.505
1253.478 493.505
1308.023 493.505
1362.569 493.505
1417.114 493.505
1471.660 493.505
1526.205 493.505
1580.750 493.505
1635.296 493.505
1689.841 493.505
326.205 548.050
380.750 548.050
435.296 548.050
489.841 548.050
544.387 548.050
598.932 548.050
653.478 548.050
708.023 548.050
762.569 548.050
817.114 548.050
871.660 548.050
926.205 548.050
980.750 548.050
1035.296 548.050
1089.841 548.050
1144.387 548.050
1198.932 548.050
1253.478 548.050
1308.023 548.050
1362.569 548.050
1417.114 548.050
1471.660 548.050
1526.205 548.050
1580.750 548.050
1635.296 548.050
1689.841 548.050
1744.387 548.050
326.205 602.595
380.750 602.595
435.296 602.595
489.841 602.595
544.387 602.595
598.932 602.595
653.478 602.595
708.023 602.595
762.569 602.595
817.114 602.595
871.660 602.595
926.205 602.595
980.750 602.595
1035.296 602.595
1089.841 602.595
1144.387 602.595
1198.932 602.595
1253.478 602.595
1308.023 602.595
1362.569 602.595
1417.114 602.595
1471.660 602.595
1526.205 602.595
1580.750 602.595
1635.296 602.595
1689.841 602.595
1744.387 602.595
271.660 657.141
326.205 657.141
380.750 657.141
435.296 657.141
489.841 657.141
544.387 657.141
598.932 657.141
653.478 657.141
708.023 657.141
762.569 657.141
817.114 657.141
871.660 657.141
926.205 657.141
980.750 657.141
1035.296 657.141
1089.841 657.141
1144.387 657.141
1198.932 657.141
1253.478 657.141
1308.023 657.141
1362.569 657.141
1417.114 657.141
1471.660 657.141
1526.205 657.141
1580.750 657.141
1635.296 657.141
1689.841 657.141
1744.387 657.141
1798.932 657.141
271.660 711.686
326.205 711.686
380.750 711.686
435.296 711.686
489.841 711.686
544.387 711.686
598.932 711.686
653.478 711.686
708.023 711.686
762.569 711.686
817.114 711.686
871.660 711.686
926.205 711.686
980.750 711.686
1035.296 711.686
1089.841 711.686
1144.387 711.686
1198.932 711.686
1253.478 711.686
1308.023 711.686
1362.569 711.686
1417.114 711.686
1471.660 711.686
1526.205 711.686
1580.750 711.686
1635.296 711.686
1689.841 711.686
1744.387 711.686
1798.932 711.686
271.660 766.232
326.205 766.232
380.750 766.232
435.296 766.232
489.841 766.232
544.387 766.232
598.932 766.232
653.478 766.232
708.023 766.232
762.569 766.232
817.114 766.232
871.660 766.232
926.205 766.232
980.750 766.232
1035.296 766.232
1089.841 766.232
1144.387 766.232
1198.932 766.232
1253.478 766.232
1308.023 766.232
1362.569 766.232
1417.114 766.232
1471.660 766.232
1526.205 766.232
1580.750 766.232
1635.296 766.232
1689.841 766.232
1744.387 766.232
1798.932 766.232
271.660 820.777
326.205 820.777
380.750 820.777
435.296 820.777
489.841 820.777
544.387 820.777
598.932 820.777
653.478 820.777
708.023 820.777
762.569 820.777
817.114 820.777
871.660 820.777
926.205 820.777
980.750 820.777
1035.296 820.777
1089.841 820.777
1144.387 820.777
1198.932 820.777
1253.478 820.777
1308.023 820.777
1362.569 820.777
1417.114 820.777
1471.660 820.777
1526.205 820.777
1580.750 820.777
1635.296 820.777
1689.841 820.777
1744.387 820.777
1798.932 820.777
271.660 875.323
326.205 875.323
380.750 875.323
435.296 875.323
489.841 875.323
544.387 875.323
598.932 875.323
653.478 875.323
708.023 875.323
762.569 875.323
817.114 875.323
871.660 875.323
926.205 875.323
980.750 875.323
1035.296 875.323
1089.841 875.323
1144.387 875.323
1198.932 875.323
1253.478 875.323
1308.023 875.323
1362.569 875.323
1417.114 875.323
1471.660 875.323
1526.205 875.323
1580.750 875.323
1635.296 875.323
1689.841 875.323
1744.387 875.323
1798.932 875.323
271.660 929.868
326.205 929.868
380.750 929.868
435.296 929.868
489.841 929.868
544.387 929.868
598.932 929.868
653.478 929.868
708.023 929.868
762.569 929.868
817.114 929.868
871.660 929.868
926.205 929.868
980.750 929.868
1035.296 929.868
1089.841 929.868
1144.387 929.868
1198.932 929.868
1253.478 929.868
1308.023 929.868
1362.569 929.868
1417.114 929.868
1471.660 929.868
1526.205 929.868
1580.750 929.868
1635.296 929.868
1689.841 929.868
1744.387 929.868
1798.932 929.868
271.660 984.414
326.205 984.414
380.750 984.414
435.296 984.414
489.841 984.414
544.387 984.414
598.932 984.414
653.478 984.414
708.023 984.414
762.569 984.414
817.114 984.414
871.660 984.414
926.205 984.414
980.750 984.414
1035.296 984.414
1089.841 984.414
1144.387 984.414
1198.932 984.414
1253.478 984.414
1308.023 984.414
1362.569 984.414
1417.114 984.414
1471.660 984.414
1526.205 984.414
1580.750 984.414
1635.296 984.414
1689.841 984.414
1744.387 984.414
1798.932 984.414
271.660 1038.959
326.205 1038.959
380.750 1038.959
435.296 1038.959
489.841 1038.959
544.387 1038.959
598.932 1038.959
653.478 1038.959
708.023 1038.959
762.569 1038.959
817.114 1038.959
871.660 1038.959
926.205 1038.959
980.750 1038.959
1035.296 1038.959
1089.841 1038.959
1144.387 1038.959
1198.932 1038.959
1253.478 1038.959
1308.023 1038.959
1362.569 1038.959
1417.114 1038.959
1471.660 1038.959
1526.205 1038.959
1580.750 1038.959
1635.296 1038.959
1689.841 1038.959
1744.387 1038.959
1798.932 1038.959
271.660 1093.505
326.205 1093.505
380.750 1093.505
435.296 1093.505
489.841 1093.505
544.387 1093.505
598.932 1093.505
653.478 1093.505
708.023 1093.505
762.569 1093.505
817.114 1093.505
871.660 1093.505
926.205 1093.505
980.750 1093.505
1035.296 1093.505
1089.841 1093.505
1144.387 1093.505
1198.932 1093.505
1253.478 1093.505
1308.023 1093.505
1362.569 1093.505
1417.114 1093.505
1471.660 1093.505
1526.205 1093.505
1580.750 1093.505
1635.296 1093.505
1689.841 1093.505
1744.387 1093.505
1798.932 1093.505
271.660 1148.050
326.205 1148.050
380.750 1148.050
435.296 1148.050
489.841 1148.050
544.387 1148.050
598.932 1148.050
653.478 1148.050
708.023 1148.050
762.569 1148.050
817.114 1148.050
871.660 1148.050
926.205 1148.050
980.750 1148.050
1035.296 1148.050
1089.841 1148.050
1144.387 1148.050
1198.932 1148.050
1253.478 1148.050
1308.023 1148.050
1362.569 1148.050
1417.114 1148.050
1471.660 1148.050
1526.205 1148.050
1580.750 1148.050
1635.296 1148.050
1689.841 1148.050
1744.387 1148.050
1798.932 1148.050
271.660 1202.595
326.205 1202.595
380.750 1202.595
435.296 1202.595
489.841 1202.595
544.387 1202.595
598.932 1202.595
653.478 1202.595
708.023 1202.595
762.569 1202.595
817.114 1202.595
871.660 1202.595
926.205 1202.595
980.750 1202.595
1035.296 1202.595
1089.841 1202.595
1144.387 1202.595
1198.932 1202.595
1253.478 1202.595
1308.023 1202.595
1362.569 1202.595
1417.114 1202.595
1471.660 1202.595
1526.205 1202.595
1580.750 1202.595
1635.296 1202.595
1689.841 1202.595
1744.387 1202.595
1798.932 1202.595
271.660 1257.141
326.205 1257.141
380.750 1257.141
435.296 1257.141
489.841 1257.141
544.387 1257.141
598.932 1257.141
653.478 1257.141
708.023 1257.141
762.569 1257.141
817.114 1257.141
871.660 1257.141
926.205 1257.141
980.750 1257.141
1035.296 1257.141
1089.841 1257.141
1144.387 1257.141
1198.932 1257.141
1253.478 1257.141
1308.023 1257.141
1362.569 1257.141
1417.114 1257.141
1471.660 1257.141
1526.205 1257.141
1580.750 1257.141
1635.296 1257.141
1689.841 1257.141
1744.387 1257.141
1798.932 1257.141
271.660 1311.686
326.205 1311.686
380.750 1311.686
435.296 1311.686
489.841 1311.686
544.387 1311.686
598.932 1311.686
653.478 1311.686
708.023 1311.686
762.569 1311.686
817.114 1311.686
871.660 1311.686
926.205 1311.686
980.750 1311.686
1035.296 1311.686
1089.841 1311.686
1144.387 1311.686
1198.932 1311.686
1253.478 1311.686
1308.023 1311.686
1362.569 1311.686
1417.114 1311.686
1471.660 1311.686
1526.205 1311.686
1580.750 1311.686
1635.296 1311.686
1689.841 1311.686
1744.387 1311.686
1798.932 1311.686
326.205 1366.232
380.750 1366.232
435.296 1366.232
489.841 1366.232
544.387 1366.232
598.932 1366.232
653.478 1366.232
708.023 1366.232
762.569 1366.232
817.114 1366.232
871.660 1366.232
926.205 1366.232
980.750 1366.232
1035.296 1366.232
1089.841 1366.232
1144.387 1366.232
1198.932 1366.232
1253.478 1366.232
1308.023 1366.232
1362.569 1366.232
1417.114 1366.232
1471.660 1366.232
1526.205 1366.232
1580.750 1366.232
1635.296 1366.232
1689.841 1366.232
1744.387 1366.232
326.205 1420.777
380.750 1420.777
435.296 1420.777
489.841 1420.777
544.387 1420.777
598.932 1420.777
653.478 1420.777
708.023 1420.777
762.569 1420.777
817.114 1420.777
871.660 1420.777
926.205 1420.777
980.750 1420.777
1035.296 1420.777
1089.841 1420.777
1144.387 1420.777
1198.932 1420.777
1253.478 1420.777
1308.023 1420.777
1362.569 1420.777
1417.114 1420.777
1471.660 1420.777
1526.205 1420.777
1580.750 1420.777
1635.296 1420.777
1689.841 1420.777
1744.387 1420.777
380.750 1475.323
435.296 1475.323
489.841 1475.323
544.387 1475.323
598.932 1475.323
653.478 1475.323
708.023 1475.323
762.569 1475.323
817.114 1475.323
871.660 1475.323
926.205 1475.323
980.750 1475.323
1035.296 1475.323
1089.841 1475.323
1144.387 1475.323
1198.932 1475.323
1253.478 1475.323
1308.023 1475.323
1362.569 1475.323
1417.114 1475.323
1471.660 1475.323
1526.205 1475.323
1580.750 1475.323
1635.296 1475.323
1689.841 1475.323
435.296 1529.868
489.841 1529.868
544.387 1529.868
598.932 1529.868
653.478 1529.868
708.023 1529.868
762.569 1529.868
817.114 1529.868
871.660 1529.868
926.205 1529.868
980.750 1529.868
1035.296 1529.868
1089.841 1529.868
1144.387 1529.868
1198.932 1529.868
1253.478 1529.868
1308.023 1529.868
1362.569 1529.868
1417.114 1529.868
1471.660 1529.868
1526.205 1529.868
1580.750 1529.868
1635.296 1529.868
489.841 1584.414
544.387 1584.414
598.932 1584.414
653.478 1584.414
708.023 1584.414
762.569 1584.414
817.114 1584.414
871.660 1584.414
926.205 1584.414
980.750 1584.414
1035.296 1584.414
1089.841 1584.414
1144.387 1584.414
1198.932 1584.414
1253.478 1584.414
1308.023 1584.414
1362.569 1584.414
1417.114 1584.414
1471.660 1584.414
1526.205 1584.414
1580.750 1584.414
544.387 1638.959
598.932 1638.959
653.478 1638.959
708.023 1638.959
762.569 1638.959
817.114 1638.959
871.660 1638.959
926.205 1638.959
980.750 1638.959
1035.296 1638.959
1089.841 1638.959
1144.387 1638.959
1198.932 1638.959
1253.478 1638.959
1308.023 1638.959
1362.569 1638.959
1417.114 1638.959
1471.660 1638.959
1526.205 1638.959
598.932 1693.505
653.478 1693.505
708.023 1693.505
762.569 1693.505
817.114 1693.505
871.660 1693.505
926.205 1693.505
980.750 1693.505
1035.296 1693.505
1089.841 1693.505
1144.387 1693.505
1198.932 1693.505
1253.478 1693.505
1308.023 1693.505
1362.569 1693.505
1417.114 1693.505
1471.660 1693.505
708.023 1748.050
762.569 1748.050
817.114 1748.050
871.660 1748.050
926.205 1748.050
980.750 1748.050
1035.296 1748.050
1089.841 1748.050
1144.387 1748.050
1198.932 1748.050
1253.478 1748.050
1308.023 1748.050
1362.569 1748.050
