718.708 220.196
773.253 220.196
827.798 220.196
882.344 220.196
936.889 220.196
991.435 220.196
1045.980 220.196
1100.526 220.196
1155.071 220.196
1209.617 220.196
1264.162 220.196
1318.708 220.196
1373.253 220.196
609.617 274.741
664.162 274.741
718.708 274.741
773.253 274.741
827.798 274.741
882.344 274.741
936.889 274.741
991.435 274.741
1045.980 274.741
1100.526 274.741
1155.071 274.741
1209.617 274.741
1264.162 274.741
1318.708 274.741
1373.253 274.741
1427.798 274.741
1482.344 274.741
555.071 329.287
609.617 329.287
664.162 329.287
718.708 329.287
773.253 329.287
827.798 329.287
882.344 329.287
936.889 329.287
991.435 329.287
1045.980 329.287
1100.526 329.287
1155.071 329.287
1209.617 329.287
1264.162 329.287
1318.708 329.287
1373.253 329.287
1427.798 329.287
1482.344 329.287
1536.889 329.287
500.526 383.832
555.071 383.832
609.617 383.832
664.162 383.832
718.708 383.832
773.253 383.832
827.798 383.832
882.344 383.832
936.889 383.832
991.435 383.832
1045.980 383.832
1100.526 383.832
1155.071 383.832
1209.617 383.832
1264.162 383.832
1318.708 383.832
1373.253 383.832
1427.798 383.832
1482.344 383.832
1536.889 383.832
1591.435 383.832
445.980 438.378
500.526 438.378
555.071 438.378
609.617 438.378
664.162 438.378
718.708 438.378
773.253 438.378
827.798 438.378
882.344 438.378
936.889 438.378
991.435 438.378
1045.980 438.378
1100.526 438.378
1155.071 438.378
1209.617 438.378
1264.162 438.378
1318.708 438.378
1373.253 438.378
1427.798 438.378
1482.344 438.378
1536.889 438.378
1591.435 438.378
1645.980 438.378
391.435 492.923
445.980 492.923
500.526 492.923
555.071 492.923
609.617 492.923
664.162 492.923
718.708 492.923
773.253 492.923
827.798 492.923
882.344 492.923
936.889 492.923
991.435 492.923
1045.980 492.923
1100.526 492.923
1155.071 492.923
1209.617 492.923
1264.162 492.923
1318.708 492.923
1373.253 492.923
1427.798 492.923
1482.344 492.923
1536.889 492.923
1591.435 492.923
1645.980 492.923
1700.526 492.923
336.889 547.469
391.435 547.469
445.980 547.469
500.526 547.469
555.071 547.469
609.617 547.469
664.162 547.469
718.708 547.469
773.253 547.469
827.798 547.469
882.344 547.469
936.889 547.469
991.435 547.469
1045.980 547.469
1100.526 547.469
1155.071 547.469
1209.617 547.469
1264.162 547.469
1318.708 547.469
1373.253 547.469
1427.798 547.469
1482.344 547.469
1536.889 547.469
1591.435 547.469
1645.980 547.469
1700.526 547.469
1755.071 547.469
336.889 602.014
391.435 602.014
445.980 602.014
500.526 602.014
555.071 602.014
609.617 602.014
664.162 602.014
718.708 602.014
773.253 602.014
827.798 602.014
882.344 602.014
936.889 602.014
991.435 602.014
1045.980 602.014
1100.526 602.014
1155.071 602.014
1209.617 602.014
1264.162 602.014
1318.708 602.014
1373.253 602.014
1427.798 602.014
1482.344 602.014
1536.889 602.014
1591.435 602.014
1645.980 602.014
1700.526 602.014
1755.071 602.014
282.344 656.559
336.889 656.559
391.435 656.559
445.980 656.559
500.526 656.559
555.071 656.559
609.617 656.559
664.162 656.559
718.708 656.559
773.253 656.559
827.798 656.559
882.344 656.559
936.889 656.559
991.435 656.559
1045.980 656.559
1100.526 656.559
1155.071 656.559
1209.617 656.559
1264.162 656.559
1318.708 656.559
1373.253 656.559
1427.798 656.559
1482.344 656.559
1536.889 656.559
1591.435 656.559
1645.980 656.559
1700.526 656.559
1755.071 656.559
1809.617 656.559
282.344 711.105
336.889 711.105
391.435 711.105
445.980 711.105
500.526 711.105
555.071 711.105
609.617 711.105
664.162 711.105
718.708 711.105
773.253 711.105
827.798 711.105
882.344 711.105
936.889 711.105
991.435 711.105
1045.980 711.105
1100.526 711.105
1155.071 711.105
1209.617 711.105
1264.162 711.105
1318.708 711.105
1373.253 711.105
1427.798 711.105
1482.344 711.105
1536.889 711.105
1591.435 711.105
1645.980 711.105
1700.526 711.105
1755.071 711.105
1809.617 711.105
282.344 765.650
336.889 765.650
391.435 765.650
445.980 765.650
500.526 765.650
555.071 765.650
609.617 765.650
664.162 765.650
718.708 765.650
773.253 765.650
827.798 765.650
882.344 765.650
936.889 765.650
991.435 765.650
1045.980 765.650
1100.526 765.650
1155.071 765.650
1209.617 765.650
1264.162 765.650
1318.708 765.650
1373.253 765.650
1427.798 765.650
1482.344 765.650
1536.889 765.650
1591.435 765.650
1645.980 765.650
1700.526 765.650
1755.071 765.650
1809.617 765.650
282.344 820.196
336.889 820.196
391.435 820.196
445.980 820.196
500.526 820.196
555.071 820.196
609.617 820.196
664.162 820.196
718.708 820.196
773.253 820.196
827.798 820.196
882.344 820.196
936.889 820.196
991.435 820.196
1045.980 820.196
1100.526 820.196
1155.071 820.196
1209.617 820.196
1264.162 820.196
1318.708 820.196
1373.253 820.196
1427.798 820.196
1482.344 820.196
1536.889 820.196
1591.435 820.196
1645.980 820.196
1700.526 820.196
1755.071 820.196
1809.617 820.196
282.344 874.741
336.889 874.741
391.435 874.741
445.980 874.741
500.526 874.741
555.071 874.741
609.617 874.741
664.162 874.741
718.708 874.741
773.253 874.741
827.798 874.741
882.344 874.741
936.889 874.741
991.435 874.741
1045.980 874.741
1100.526 874.741
1155.071 874.741
1209.617 874.741
1264.162 874.741
1318.708 874.741
1373.253 874.741
1427.798 874.741
1482.344 874.741
1536.889 874.741
1591.435 874.741
1645.980 874.741
1700.526 874.741
1755.071 874.741
1809.617 874.741
282.344 929.287
336.889 929.287
391.435 929.287
445.980 929.287
500.526 929.287
555.071 929.287
609.617 929.287
664.162 929.287
718.708 929.287
773.253 929.287
827.798 929.287
882.344 929.287
936.889 929.287
991.435 929.287
1045.980 929.287
1100.526 929.287
1155.071 929.287
1209.617 929.287
1264.162 929.287
1318.708 929.287
1373.253 929.287
1427.798 929.287
1482.344 929.287
1536.889 929.287
1591.435 929.287
1645.980 929.287
1700.526 929.287
1755.071 929.287
1809.617 929.287
282.344 983.832
336.889 983.832
391.435 983.832
445.980 983.832
500.526 983.832
555.071 983.832
609.617 983.832
664.162 983.832
718.708 983.832
773.253 983.832
827.798 983.832
882.344 983.832
936.889 983.832
991.435 983.832
1045.980 983.832
1100.526 983.832
1155.071 983.832
1209.617 983.832
1264.162 983.832
1318.708 983.832
1373.253 983.832
1427.798 983.832
1482.344 983.832
1536.889 983.832
1591.435 983.832
1645.980 983.832
1700.526 983.832
1755.071 983.832
1809.617 983.832
282.344 1038.378
336.889 1038.378
391.435 1038.378
445.980 1038.378
500.526 1038.378
555.071 1038.378
609.617 1038.378
664.162 1038.378
718.708 1038.378
773.253 1038.378
827.798 1038.378
882.344 1038.378
936.889 1038.378
991.435 1038.378
1045.980 1038.378
1100.526 1038.378
1155.071 1038.378
1209.617 1038.378
1264.162 1038.378
1318.708 1038.378
1373.253 1038.378
1427.798 1038.378
1482.344 1038.378
1536.889 1038.378
1591.435 1038.378
1645.980 1038.378
1700.526 1038.378
1755.071 1038.378
1809.617 1038.378
282.344 1092.923
336.889 1092.923
391.435 1092.923
445.980 1092.923
500.526 1092.923
555.071 1092.923
609.617 1092.923
664.162 1092.923
718.708 1092.923
773.253 1092.923
827.798 1092.923
882.344 1092.923
936.889 1092.923
991.435 1092.923
1045.980 1092.923
1100.526 1092.923
1155.071 1092.923
1209.617 1092.923
1264.162 1092.923
1318.708 1092.923
1373.253 1092.923
1427.798 1092.923
1482.344 1092.923
1536.889 1092.923
1591.435 1092.923
1645.980 1092.923
1700.526 1092.923
1755.071 1092.923
1809.617 1092.923
282.344 1147.469
336.889 1147.469
391.435 1147.469
445.980 1147.469
500.526 1147.469
555.071 1147.469
609.617 1147.469
664.162 1147.469
718.708 1147.469
773.253 1147.469
827.798 1147.469
882.344 1147.469
936.889 1147.469
991.435 1147.469
1045.980 1147.469
1100.526 1147.469
1155.071 1147.469
1209.617 1147.469
1264.162 1147.469
1318.708 1147.469
1373.253 1147.469
1427.798 1147.469
1482.344 1147.469
1536.889 1147.469
1591.435 1147.469
1645.980 1147.469
1700.526 1147.469
1755.071 1147.469
1809.617 1147.469
282.344 1202.014
336.889 1202.014
391.435 1202.014
445.980 1202.014
500.526 1202.014
555.071 1202.014
609.617 1202.014
664.162 1202.014
718.708 1202.014
773.253 1202.014
827.798 1202.014
882.344 1202.014
936.889 1202.014
991.435 1202.014
1045.980 1202.014
1100.526 1202.014
1155.071 1202.014
1209.617 1202.014
1264.162 1202.014
1318.708 1202.014
1373.253 1202.014
1427.798 1202.014
1482.344 1202.014
1536.889 1202.014
1591.435 1202.014
1645.980 1202.014
1700.526 1202.014
1755.071 1202.014
1809.617 1202.014
282.344 1256.559
336.889 1256.559
391.435 1256.559
445.980 1256.559
500.526 1256.559
555.071 1256.559
609.617 1256.559
664.162 1256.559
718.708 1256.559
773.253 1256.559
827.798 1256.559
882.344 1256.559
936.889 1256.559
991.435 1256.559
1045.980 1256.559
1100.526 1256.559
1155.071 1256.559
1209.617 1256.559
1264.162 1256.559
1318.708 1256.559
1373.253 1256.559
1427.798 1256.559
1482.344 1256.559
1536.889 1256.559
1591.435 1256.559
1645.980 1256.559
1700.526 1256.559
1755.071 1256.559
1809.617 1256.559
282.344 1311.105
336.889 1311.105
391.435 1311.105
445.980 1311.105
500.526 1311.105
555.071 1311.105
609.617 1311.105
664.162 1311.105
718.708 1311.105
773.253 1311.105
827.798 1311.105
882.344 1311.105
936.889 1311.105
991.435 1311.105
1045.980 1311.105
1100.526 1311.105
1155.071 1311.105
1209.617 1311.105
1264.162 1311.105
1318.708 1311.105
1373.253 1311.105
1427.798 1311.105
1482.344 1311.105
1536.889 1311.105
1591.435 1311.105
1645.980 1311.105
1700.526 1311.105
1755.071 1311.105
1809.617 1311.105
336.889 1365.650
391.435 1365.650
445.980 1365.650
500.526 1365.650
555.071 1365.650
609.617 1365.650
664.162 1365.650
718.708 1365.650
773.253 1365.650
827.798 1365.650
882.344 1365.650
936.889 1365.650
991.435 1365.650
1045.980 1365.650
1100.526 1365.650
1155.071 1365.650
1209.617 1365.650
1264.162 1365.650
1318.708 1365.650
1373.253 1365.650
1427.798 1365.650
1482.344 1365.650
1536.889 1365.650
1591.435 1365.650
1645.980 1365.650
1700.526 1365.650
1755.071 1365.650
336.889 1420.196
391.435 1420.196
445.980 1420.196
500.526 1420.196
555.071 1420.196
609.617 1420.196
664.162 1420.196
718.708 1420.196
773.253 1420.196
827.798 1420.196
882.344 1420.196
936.889 1420.196
991.435 1420.196
1045.980 1420.196
1100.526 1420.196
1155.071 1420.196
1209.617 1420.196
1264.162 1420.196
1318.708 1420.196
1373.253 1420.196
1427.798 1420.196
1482.344 1420.196
1536.889 1420.196
1591.435 1420.196
1645.980 1420.196
1700.526 1420.196
1755.071 1420.196
391.435 1474.741
445.980 1474.741
500.526 1474.741
555.071 1474.741
609.617 1474.741
664.162 1474.741
718.708 1474.741
773.253 1474.741
827.798 1474.741
882.344 1474.741
936.889 1474.741
991.435 1474.741
1045.980 1474.741
1100.526 1474.741
1155.071 1474.741
1209.617 1474.741
1264.162 1474.741
1318.708 1474.741
1373.253 1474.741
1427.798 1474.741
1482.344 1474.741
1536.889 1474.741
1591.435 1474.741
1645.980 1474.741
1700.526 1474.741
445.980 1529.287
500.526 1529.287
555.071 1529.287
609.617 1529.287
664.162 1529.287
718.708 1529.287
773.253 1529.287
827.798 1529.287
882.344 1529.287
936.889 1529.287
991.435 1529.287
1045.980 1529.287
1100.526 1529.287
1155.071 1529.287
1209.617 1529.287
1264.162 1529.287
1318.708 1529.287
1373.253 1529.287
1427.798 1529.287
1482.344 1529.287
1536.889 1529.287
1591.435 1529.287
1645.980 1529.287
500.526 1583.832
555.071 1583.832
609.617 1583.832
664.162 1583.832
718.708 1583.832
773.253 1583.832
827.798 1583.832
882.344 1583.832
936.889 1583.832
991.435 1583.832
1045.980 1583.832
1100.526 1583.832
1155.071 1583.832
1209.617 1583.832
1264.162 1583.832
1318.708 1583.832
1373.253 1583.832
1427.798 1583.832
1482.344 1583.832
1536.889 1583.832
1591.435 1583.832
555.071 1638.378
609.617 1638.378
664.162 1638.378
718.708 1638.378
773.253 1638.378
827.798 1638.378
882.344 1638.378
936.889 1638.378
991.435 1638.378
1045.980 1638.378
1100.526 1638.378
1155.071 1638.378
1209.617 1638.378
1264.162 1638.378
1318.708 1638.378
1373.253 1638.378
1427.798 1638.378
1482.344 1638.378
1536.889 1638.378
609.617 1692.923
664.162 1692.923
718.708 1692.923
773.253 1692.923
827.798 1692.923
882.344 1692.923
936.889 1692.923
991.435 1692.923
1045.980 1692.923
1100.526 1692.923
1155.071 1692.923
1209.617 1692.923
1264.162 1692.923
1318.708 1692.923
1373.253 1692.923
1427.798 1692.923
1482.344 1692.923
718.708 1747.469
773.253 1747.469
827.798 1747.469
882.344 1747.469
936.889 1747.469
991.435 1747.469
1045.980 1747.469
1100.526 1747.469
1155.071 1747.469
1209.617 1747.469
1264.162 1747.469
1318.708 1747.469
1373.253 1747.469
