705.985 221.040
760.531 221.040
815.076 221.040
869.622 221.040
924.167 221.040
978.713 221.040
1033.258 221.040
1087.803 221.040
1142.349 221.040
1196.894 221.040
1251.440 221.040
1305.985 221.040
1360.531 221.040
596.894 275.586
651.440 275.586
705.985 275.586
760.531 275.586
815.076 275.586
869.622 275.586
924.167 275.586
978.713 275.586
1033.258 275.586
1087.803 275.586
1142.349 275.586
1196.894 275.586
1251.440 275.586
1305.985 275.586
1360.531 275.586
1415.076 275.586
1469.622 275.586
542.349 330.131
596.894 330.131
651.440 330.131
705.985 330.131
760.531 330.131
815.076 330.131
869.622 330.131
924.167 330.131
978.713 330.131
1033.258 330.131
1087.803 330.131
1142.349 330.131
1196.894 330.131
1251.440 330.131
1305.985 330.131
1360.531 330.131
1415.076 330.131
1469.622 330.131
1524.167 330.131
487.803 384.677
542.349 384.677
596.894 384.677
651.440 384.677
705.985 384.677
760.531 384.677
815.076 384.677
869.622 384.677
924.167 384.677
978.713 384.677
1033.258 384.677
1087.803 384.677
1142.349 384.677
1196.894 384.677
1251.440 384.677
1305.985 384.677
1360.531 384.677
1415.076 384.677
1469.622 384.677
1524.167 384.677
1578.713 384.677
433.258 439.222
487.803 439.222
542.349 439.222
596.894 439.222
651.440 439.222
705.985 439.222
760.531 439.222
815.076 439.222
869.622 439.222
924.167 439.222
978.713 439.222
1033.258 439.222
1087.803 439.222
1142.349 439.222
1196.894 439.222
1251.440 439.222
1305.985 439.222
1360.531 439.222
1415.076 439.222
1469.622 439.222
1524.167 439.222
1578.713 439.222
1633.258 439.222
378.713 493.768
433.258 493.768
487.803 493.768
542.349 493.768
596.894 493.768
651.440 493.768
705.985 493.768
760.531 493.768
815.076 493.768
869.622 493.768
924.167 493.768
978.713 493.768
1033.258 493.768
1087.803 493.768
1142.349 493.768
1196.894 493.768
1251.440 493.768
1305.985 493.768
1360.531 493.768
1415.076 493.768
1469.622 493.768
1524.167 493.768
1578.713 493.768
1633.258 493.768
1687.803 493.768
324.167 548.313
378.713 548.313
433.258 548.313
487.803 548.313
542.349 548.313
596.894 548.313
651.440 548.313
705.985 548.313
760.531 548.313
815.076 548.313
869.622 548.313
924.167 548.313
978.713 548.313
1033.258 548.313
1087.803 548.313
1142.349 548.313
1196.894 548.313
1251.440 548.313
1305.985 548.313
1360.531 548.313
1415.076 548.313
1469.622 548.313
1524.167 548.313
1578.713 548.313
1633.258 548.313
1687.803 548.313
1742.349 548.313
324.167 602.859
378.713 602.859
433.258 602.859
487.803 602.859
542.349 602.859
596.894 602.859
651.440 602.859
705.985 602.859
760.531 602.859
815.076 602.859
869.622 602.859
924.167 602.859
978.713 602.859
1033.258 602.859
1087.803 602.859
1142.349 602.859
1196.894 602.859
1251.440 602.859
1305.985 602.859
1360.531 602.859
1415.076 602.859
1469.622 602.859
1524.167 602.859
1578.713 602.859
1633.258 602.859
1687.803 602.859
1742.349 602.859
269.622 657.404
324.167 657.404
378.713 657.404
433.258 657.404
487.803 657.404
542.349 657.404
596.894 657.404
651.440 657.404
705.985 657.404
760.531 657.404
815.076 657.404
869.622 657.404
924.167 657.404
978.713 657.404
1033.258 657.404
1087.803 657.404
1142.349 657.404
1196.894 657.404
1251.440 657.404
1305.985 657.404
1360.531 657.404
1415.076 657.404
1469.622 657.404
1524.167 657.404
1578.713 657.404
1633.258 657.404
1687.803 657.404
1742.349 657.404
1796.894 657.404
269.622 711.950
324.167 711.950
378.713 711.950
433.258 711.950
487.803 711.950
542.349 711.950
596.894 711.950
651.440 711.950
705.985 711.950
760.531 711.950
815.076 711.950
869.622 711.950
924.167 711.950
978.713 711.950
1033.258 711.950
1087.803 711.950
1142.349 711.950
1196.894 711.950
1251.440 711.950
1305.985 711.950
1360.531 711.950
1415.076 711.950
1469.622 711.950
1524.167 711.950
1578.713 711.950
1633.258 711.950
1687.803 711.950
1742.349 711.950
1796.894 711.950
269.622 766.495
324.167 766.495
378.713 766.495
433.258 766.495
487.803 766.495
542.349 766.495
596.894 766.495
651.440 766.495
705.985 766.495
760.531 766.495
815.076 766.495
869.622 766.495
924.167 766.495
978.713 766.495
1033.258 766.495
1087.803 766.495
1142.349 766.495
1196.894 766.495
1251.440 766.495
1305.985 766.495
1360.531 766.495
1415.076 766.495
1469.622 766.495
1524.167 766.495
1578.713 766.495
1633.258 766.495
1687.803 766.495
1742.349 766.495
1796.894 766.495
269.622 821.040
324.167 821.040
378.713 821.040
433.258 821.040
487.803 821.040
542.349 821.040
596.894 821.040
651.440 821.040
705.985 821.040
760.531 821.040
815.076 821.040
869.622 821.040
924.167 821.040
978.713 821.040
1033.258 821.040
1087.803 821.040
1142.349 821.040
1196.894 821.040
1251.440 821.040
1305.985 821.040
1360.531 821.040
1415.076 821.040
1469.622 821.040
1524.167 821.040
1578.713 821.040
1633.258 821.040
1687.803 821.040
1742.349 821.040
1796.894 821.040
269.622 875.586
324.167 875.586
378.713 875.586
433.258 875.586
487.803 875.586
542.349 875.586
596.894 875.586
651.440 875.586
705.985 875.586
760.531 875.586
815.076 875.586
869.622 875.586
924.167 875.586
978.713 875.586
1033.258 875.586
1087.803 875.586
1142.349 875.586
1196.894 875.586
1251.440 875.586
1305.985 875.586
1360.531 875.586
1415.076 875.586
1469.622 875.586
1524.167 875.586
1578.713 875.586
1633.258 875.586
1687.803 875.586
1742.349 875.586
1796.894 875.586
269.622 930.131
324.167 930.131
378.713 930.131
433.258 930.131
487.803 930.131
542.349 930.131
596.894 930.131
651.440 930.131
705.985 930.131
760.531 930.131
815.076 930.131
869.622 930.131
924.167 930.131
978.713 930.131
1033.258 930.131
1087.803 930.131
1142.349 930.131
1196.894 930.131
1251.440 930.131
1305.985 930.131
1360.531 930.131
1415.076 930.131
1469.622 930.131
1524.167 930.131
1578.713 930.131
1633.258 930.131
1687.803 930.131
1742.349 930.131
1796.894 930.131
269.622 984.677
324.167 984.677
378.713 984.677
433.258 984.677
487.803 984.677
542.349 984.677
596.894 984.677
651.440 984.677
705.985 984.677
760.531 984.677
815.076 984.677
869.622 984.677
924.167 984.677
978.713 984.677
1033.258 984.677
1087.803 984.677
1142.349 984.677
1196.894 984.677
1251.440 984.677
1305.985 984.677
1360.531 984.677
1415.076 984.677
1469.622 984.677
1524.167 984.677
1578.713 984.677
1633.258 984.677
1687.803 984.677
1742.349 984.677
1796.894 984.677
269.622 1039.222
324.167 1039.222
378.713 1039.222
433.258 1039.222
487.803 1039.222
542.349 1039.222
596.894 1039.222
651.440 1039.222
705.985 1039.222
760.531 1039.222
815.076 1039.222
869.622 1039.222
924.167 1039.222
978.713 1039.222
1033.258 1039.222
1087.803 1039.222
1142.349 1039.222
1196.894 1039.222
1251.440 1039.222
1305.985 1039.222
1360.531 1039.222
1415.076 1039.222
1469.622 1039.222
1524.167 1039.222
1578.713 1039.222
1633.258 1039.222
1687.803 1039.222
1742.349 1039.222
1796.894 1039.222
269.622 1093.768
324.167 1093.768
378.713 1093.768
433.258 1093.768
487.803 1093.768
542.349 1093.768
596.894 1093.768
651.440 1093.768
705.985 1093.768
760.531 1093.768
815.076 1093.768
869.622 1093.768
924.167 1093.768
978.713 1093.768
1033.258 1093.768
1087.803 1093.768
1142.349 1093.768
1196.894 1093.768
1251.440 1093.768
1305.985 1093.768
1360.531 1093.768
1415.076 1093.768
1469.622 1093.768
1524.167 1093.768
1578.713 1093.768
1633.258 1093.768
1687.803 1093.768
1742.349 1093.768
1796.894 1093.768
269.622 1148.313
324.167 1148.313
378.713 1148.313
433.258 1148.313
487.803 1148.313
542.349 1148.313
596.894 1148.313
651.440 1148.313
705.985 1148.313
760.531 1148.313
815.076 1148.313
869.622 1148.313
924.167 1148.313
978.713 1148.313
1033.258 1148.313
1087.803 1148.313
1142.349 1148.313
1196.894 1148.313
1251.440 1148.313
1305.985 1148.313
1360.531 1148.313
1415.076 1148.313
1469.622 1148.313
1524.167 1148.313
1578.713 1148.313
1633.258 1148.313
1687.803 1148.313
1742.349 1148.313
1796.894 1148.313
269.622 1202.859
324.167 1202.859
378.713 1202.859
433.258 1202.859
487.803 1202.859
542.349 1202.859
596.894 1202.859
651.440 1202.859
705.985 1202.859
760.531 1202.859
815.076 1202.859
869.622 1202.859
924.167 1202.859
978.713 1202.859
1033.258 1202.859
1087.803 1202.859
1142.349 1202.859
1196.894 1202.859
1251.440 1202.859
1305.985 1202.859
1360.531 1202.859
1415.076 1202.859
1469.622 1202.859
1524.167 1202.859
1578.713 1202.859
1633.258 1202.859
1687.803 1202.859
1742.349 1202.859
1796.894 1202.859
269.622 1257.404
324.167 1257.404
378.713 1257.404
433.258 1257.404
487.803 1257.404
542.349 1257.404
596.894 1257.404
651.440 1257.404
705.985 1257.404
760.531 1257.404
815.076 1257.404
869.622 1257.404
924.167 1257.404
978.713 1257.404
1033.258 1257.404
1087.803 1257.404
1142.349 1257.404
1196.894 1257.404
1251.440 1257.404
1305.985 1257.404
1360.531 1257.404
1415.076 1257.404
1469.622 1257.404
1524.167 1257.404
1578.713 1257.404
1633.258 1257.404
1687.803 1257.404
1742.349 1257.404
1796.894 1257.404
269.622 1311.950
324.167 1311.950
378.713 1311.950
433.258 1311.950
487.803 1311.950
542.349 1311.950
596.894 1311.950
651.440 1311.950
705.985 1311.950
760.531 1311.950
815.076 1311.950
869.622 1311.950
924.167 1311.950
978.713 1311.950
1033.258 1311.950
1087.803 1311.950
1142.349 1311.950
1196.894 1311.950
1251.440 1311.950
1305.985 1311.950
1360.531 1311.950
1415.076 1311.950
1469.622 1311.950
1524.167 1311.950
1578.713 1311.950
1633.258 1311.950
1687.803 1311.950
1742.349 1311.950
1796.894 1311.950
324.167 1366.495
378.713 1366.495
433.258 1366.495
487.803 1366.495
542.349 1366.495
596.894 1366.495
651.440 1366.495
705.985 1366.495
760.531 1366.495
815.076 1366.495
869.622 1366.495
924.167 1366.495
978.713 1366.495
1033.258 1366.495
1087.803 1366.495
1142.349 1366.495
1196.894 1366.495
1251.440 1366.495
1305.985 1366.495
1360.531 1366.495
1415.076 1366.495
1469.622 1366.495
1524.167 1366.495
1578.713 1366.495
1633.258 1366.495
1687.803 1366.495
1742.349 1366.495
324.167 1421.040
378.713 1421.040
433.258 1421.040
487.803 1421.040
542.349 1421.040
596.894 1421.040
651.440 1421.040
705.985 1421.040
760.531 1421.040
815.076 1421.040
869.622 1421.040
924.167 1421.040
978.713 1421.040
1033.258 1421.040
1087.803 1421.040
1142.349 1421.040
1196.894 1421.040
1251.440 1421.040
1305.985 1421.040
1360.531 1421.040
1415.076 1421.040
1469.622 1421.040
1524.167 1421.040
1578.713 1421.040
1633.258 1421.040
1687.803 1421.040
1742.349 1421.040
378.713 1475.586
433.258 1475.586
487.803 1475.586
542.349 1475.586
596.894 1475.586
651.440 1475.586
705.985 1475.586
760.531 1475.586
815.076 1475.586
869.622 1475.586
924.167 1475.586
978.713 1475.586
1033.258 1475.586
1087.803 1475.586
1142.349 1475.586
1196.894 1475.586
1251.440 1475.586
1305.985 1475.586
1360.531 1475.586
1415.076 1475.586
1469.622 1475.586
1524.167 1475.586
1578.713 1475.586
1633.258 1475.586
1687.803 1475.586
433.258 1530.131
487.803 1530.131
542.349 1530.131
596.894 1530.131
651.440 1530.131
705.985 1530.131
760.531 1530.131
815.076 1530.131
869.622 1530.131
924.167 1530.131
978.713 1530.131
1033.258 1530.131
1087.803 1530.131
1142.349 1530.131
1196.894 1530.131
1251.440 1530.131
1305.985 1530.131
1360.531 1530.131
1415.076 1530.131
1469.622 1530.131
1524.167 1530.131
1578.713 1530.131
1633.258 1530.131
487.803 1584.677
542.349 1584.677
596.894 1584.677
651.440 1584.677
705.985 1584.677
760.531 1584.677
815.076 1584.677
869.622 1584.677
924.167 1584.677
978.713 1584.677
1033.258 1584.677
1087.803 1584.677
1142.349 1584.677
1196.894 1584.677
1251.440 1584.677
1305.985 1584.677
1360.531 1584.677
1415.076 1584.677
1469.622 1584.677
1524.167 1584.677
1578.713 1584.677
542.349 1639.222
596.894 1639.222
651.440 1639.222
705.985 1639.222
760.531 1639.222
815.076 1639.222
869.622 1639.222
924.167 1639.222
978.713 1639.222
1033.258 1639.222
1087.803 1639.222
1142.349 1639.222
1196.894 1639.222
1251.440 1639.222
1305.985 1639.222
1360.531 1639.222
1415.076 1639.222
1469.622 1639.222
1524.167 1639.222
596.894 1693.768
651.440 1693.768
705.985 1693.768
760.531 1693.768
815.076 1693.768
869.622 1693.768
924.167 1693.768
978.713 1693.768
1033.258 1693.768
1087.803 1693.768
1142.349 1693.768
1196.894 1693.768
1251.440 1693.768
1305.985 1693.768
1360.531 1693.768
1415.076 1693.768
1469.622 1693.768
705.985 1748.313
760.531 1748.313
815.076 1748.313
869.622 1748.313
924.167 1748.313
978.713 1748.313
1033.258 1748.313
1087.803 1748.313
1142.349 1748.313
1196.894 1748.313
1251.440 1748.313
1305.985 1748.313
1360.531 1748.313
