710.298 228.167
764.843 228.167
819.389 228.167
873.934 228.167
928.480 228.167
983.025 228.167
1037.571 228.167
1092.116 228.167
1146.661 228.167
1201.207 228.167
1255.752 228.167
1310.298 228.167
1364.843 228.167
601.207 282.713
655.752 282.713
710.298 282.713
764.843 282.713
819.389 282.713
873.934 282.713
928.480 282.713
983.025 282.713
1037.571 282.713
1092.116 282.713
1146.661 282.713
1201.207 282.713
1255.752 282.713
1310.298 282.713
1364.843 282.713
1419.389 282.713
1473.934 282.713
546.661 337.258
601.207 337.258
655.752 337.258
710.298 337.258
764.843 337.258
819.389 337.258
873.934 337.258
928.480 337.258
983.025 337.258
1037.571 337.258
1092.116 337.258
1146.661 337.258
1201.207 337.258
1255.752 337.258
1310.298 337.258
1364.843 337.258
1419.389 337.258
1473.934 337.258
1528.480 337.258
492.116 391.804
546.661 391.804
601.207 391.804
655.752 391.804
710.298 391.804
764.843 391.804
819.389 391.804
873.934 391.804
928.480 391.804
983.025 391.804
1037.571 391.804
1092.116 391.804
1146.661 391.804
1201.207 391.804
1255.752 391.804
1310.298 391.804
1364.843 391.804
1419.389 391.804
1473.934 391.804
1528.480 391.804
1583.025 391.804
437.571 446.349
492.116 446.349
546.661 446.349
601.207 446.349
655.752 446.349
710.298 446.349
764.843 446.349
819.389 446.349
873.934 446.349
928.480 446.349
983.025 446.349
1037.571 446.349
1092.116 446.349
1146.661 446.349
1201.207 446.349
1255.752 446.349
1310.298 446.349
1364.843 446.349
1419.389 446.349
1473.934 446.349
1528.480 446.349
1583.025 446.349
1637.571 446.349
383.025 500.895
437.571 500.895
492.116 500.895
546.661 500.895
601.207 500.895
655.752 500.895
710.298 500.895
764.843 500.895
819.389 500.895
873.934 500.895
928.480 500.895
983.025 500.895
1037.571 500.895
1092.116 500.895
1146.661 500.895
1201.207 500.895
1255.752 500.895
1310.298 500.895
1364.843 500.895
1419.389 500.895
1473.934 500.895
1528.480 500.895
1583.025 500.895
1637.571 500.895
1692.116 500.895
328.480 555.440
383.025 555.440
437.571 555.440
492.116 555.440
546.661 555.440
601.207 555.440
655.752 555.440
710.298 555.440
764.843 555.440
819.389 555.440
873.934 555.440
928.480 555.440
983.025 555.440
1037.571 555.440
1092.116 555.440
1146.661 555.440
1201.207 555.440
1255.752 555.440
1310.298 555.440
1364.843 555.440
1419.389 555.440
1473.934 555.440
1528.480 555.440
1583.025 555.440
1637.571 555.440
1692.116 555.440
1746.661 555.440
328.480 609.986
383.025 609.986
437.571 609.986
492.116 609.986
546.661 609.986
601.207 609.986
655.752 609.986
710.298 609.986
764.843 609.986
819.389 609.986
873.934 609.986
928.480 609.986
983.025 609.986
1037.571 609.986
1092.116 609.986
1146.661 609.986
1201.207 609.986
1255.752 609.986
1310.298 609.986
1364.843 609.986
1419.389 609.986
1473.934 609.986
1528.480 609.986
1583.025 609.986
1637.571 609.986
1692.116 609.986
1746.661 609.986
273.934 664.531
328.480 664.531
383.025 664.531
437.571 664.531
492.116 664.531
546.661 664.531
601.207 664.531
655.752 664.531
710.298 664.531
764.843 664.531
819.389 664.531
873.934 664.531
928.480 664.531
983.025 664.531
1037.571 664.531
1092.116 664.531
1146.661 664.531
1201.207 664.531
1255.752 664.531
1310.298 664.531
1364.843 664.531
1419.389 664.531
1473.934 664.531
1528.480 664.531
1583.025 664.531
1637.571 664.531
1692.116 664.531
1746.661 664.531
1801.207 664.531
273.934 719.077
328.480 719.077
383.025 719.077
437.571 719.077
492.116 719.077
546.661 719.077
601.207 719.077
655.752 719.077
710.298 719.077
764.843 719.077
819.389 719.077
873.934 719.077
928.480 719.077
983.025 719.077
1037.571 719.077
1092.116 719.077
1146.661 719.077
1201.207 719.077
1255.752 719.077
1310.298 719.077
1364.843 719.077
1419.389 719.077
1473.934 719.077
1528.480 719.077
1583.025 719.077
1637.571 719.077
1692.116 719.077
1746.661 719.077
1801.207 719.077
273.934 773.622
328.480 773.622
383.025 773.622
437.571 773.622
492.116 773.622
546.661 773.622
601.207 773.622
655.752 773.622
710.298 773.622
764.843 773.622
819.389 773.622
873.934 773.622
928.480 773.622
983.025 773.622
1037.571 773.622
1092.116 773.622
1146.661 773.622
1201.207 773.622
1255.752 773.622
1310.298 773.622
1364.843 773.622
1419.389 773.622
1473.934 773.622
1528.480 773.622
1583.025 773.622
1637.571 773.622
1692.116 773.622
1746.661 773.622
1801.207 773.622
273.934 828.167
328.480 828.167
383.025 828.167
437.571 828.167
492.116 828.167
546.661 828.167
601.207 828.167
655.752 828.167
710.298 828.167
764.843 828.167
819.389 828.167
873.934 828.167
928.480 828.167
983.025 828.167
1037.571 828.167
1092.116 828.167
1146.661 828.167
1201.207 828.167
1255.752 828.167
1310.298 828.167
1364.843 828.167
1419.389 828.167
1473.934 828.167
1528.480 828.167
1583.025 828.167
1637.571 828.167
1692.116 828.167
1746.661 828.167
1801.207 828.167
273.934 882.713
328.480 882.713
383.025 882.713
437.571 882.713
492.116 882.713
546.661 882.713
601.207 882.713
655.752 882.713
710.298 882.713
764.843 882.713
819.389 882.713
873.934 882.713
928.480 882.713
983.025 882.713
1037.571 882.713
1092.116 882.713
1146.661 882.713
1201.207 882.713
1255.752 882.713
1310.298 882.713
1364.843 882.713
1419.389 882.713
1473.934 882.713
1528.480 882.713
1583.025 882.713
1637.571 882.713
1692.116 882.713
1746.661 882.713
1801.207 882.713
273.934 937.258
328.480 937.258
383.025 937.258
437.571 937.258
492.116 937.258
546.661 937.258
601.207 937.258
655.752 937.258
710.298 937.258
764.843 937.258
819.389 937.258
873.934 937.258
928.480 937.258
983.025 937.258
1037.571 937.258
1092.116 937.258
1146.661 937.258
1201.207 937.258
1255.752 937.258
1310.298 937.258
1364.843 937.258
1419.389 937.258
1473.934 937.258
1528.480 937.258
1583.025 937.258
1637.571 937.258
1692.116 937.258
1746.661 937.258
1801.207 937.258
273.934 991.804
328.480 991.804
383.025 991.804
437.571 991.804
492.116 991.804
546.661 991.804
601.207 991.804
655.752 991.804
710.298 991.804
764.843 991.804
819.389 991.804
873.934 991.804
928.480 991.804
983.025 991.804
1037.571 991.804
1092.116 991.804
1146.661 991.804
1201.207 991.804
1255.752 991.804
1310.298 991.804
1364.843 991.804
1419.389 991.804
1473.934 991.804
1528.480 991.804
1583.025 991.804
1637.571 991.804
1692.116 991.804
1746.661 991.804
1801.207 991.804
273.934 1046.349
328.480 1046.349
383.025 1046.349
437.571 1046.349
492.116 1046.349
546.661 1046.349
601.207 1046.349
655.752 1046.349
710.298 1046.349
764.843 1046.349
819.389 1046.349
873.934 1046.349
928.480 1046.349
983.025 1046.349
1037.571 1046.349
1092.116 1046.349
1146.661 1046.349
1201.207 1046.349
1255.752 1046.349
1310.298 1046.349
1364.843 1046.349
1419.389 1046.349
1473.934 1046.349
1528.480 1046.349
1583.025 1046.349
1637.571 1046.349
1692.116 1046.349
1746.661 1046.349
1801.207 1046.349
273.934 1100.895
328.480 1100.895
383.025 1100.895
437.571 1100.895
492.116 1100.895
546.661 1100.895
601.207 1100.895
655.752 1100.895
710.298 1100.895
764.843 1100.895
819.389 1100.895
873.934 1100.895
928.480 1100.895
983.025 1100.895
1037.571 1100.895
1092.116 1100.895
1146.661 1100.895
1201.207 1100.895
1255.752 1100.895
1310.298 1100.895
1364.843 1100.895
1419.389 1100.895
1473.934 1100.895
1528.480 1100.895
1583.025 1100.895
1637.571 1100.895
1692.116 1100.895
1746.661 1100.895
1801.207 1100.895
273.934 1155.440
328.480 1155.440
383.025 1155.440
437.571 1155.440
492.116 1155.440
546.661 1155.440
601.207 1155.440
655.752 1155.440
710.298 1155.440
764.843 1155.440
819.389 1155.440
873.934 1155.440
928.480 1155.440
983.025 1155.440
1037.571 1155.440
1092.116 1155.440
1146.661 1155.440
1201.207 1155.440
1255.752 1155.440
1310.298 1155.440
1364.843 1155.440
1419.389 1155.440
1473.934 1155.440
1528.480 1155.440
1583.025 1155.440
1637.571 1155.440
1692.116 1155.440
1746.661 1155.440
1801.207 1155.440
273.934 1209.986
328.480 1209.986
383.025 1209.986
437.571 1209.986
492.116 1209.986
546.661 1209.986
601.207 1209.986
655.752 1209.986
710.298 1209.986
764.843 1209.986
819.389 1209.986
873.934 1209.986
928.480 1209.986
983.025 1209.986
1037.571 1209.986
1092.116 1209.986
1146.661 1209.986
1201.207 1209.986
1255.752 1209.986
1310.298 1209.986
1364.843 1209.986
1419.389 1209.986
1473.934 1209.986
1528.480 1209.986
1583.025 1209.986
1637.571 1209.986
1692.116 1209.986
1746.661 1209.986
1801.207 1209.986
273.934 1264.531
328.480 1264.531
383.025 1264.531
437.571 1264.531
492.116 1264.531
546.661 1264.531
601.207 1264.531
655.752 1264.531
710.298 1264.531
764.843 1264.531
819.389 1264.531
873.934 1264.531
928.480 1264.531
983.025 1264.531
1037.571 1264.531
1092.116 1264.531
1146.661 1264.531
1201.207 1264.531
1255.752 1264.531
1310.298 1264.531
1364.843 1264.531
1419.389 1264.531
1473.934 1264.531
1528.480 1264.531
1583.025 1264.531
1637.571 1264.531
1692.116 1264.531
1746.661 1264.531
1801.207 1264.531
273.934 1319.077
328.480 1319.077
383.025 1319.077
437.571 1319.077
492.116 1319.077
546.661 1319.077
601.207 1319.077
655.752 1319.077
710.298 1319.077
764.843 1319.077
819.389 1319.077
873.934 1319.077
928.480 1319.077
983.025 1319.077
1037.571 1319.077
1092.116 1319.077
1146.661 1319.077
1201.207 1319.077
1255.752 1319.077
1310.298 1319.077
1364.843 1319.077
1419.389 1319.077
1473.934 1319.077
1528.480 1319.077
1583.025 1319.077
1637.571 1319.077
1692.116 1319.077
1746.661 1319.077
1801.207 1319.077
328.480 1373.622
383.025 1373.622
437.571 1373.622
492.116 1373.622
546.661 1373.622
601.207 1373.622
655.752 1373.622
710.298 1373.622
764.843 1373.622
819.389 1373.622
873.934 1373.622
928.480 1373.622
983.025 1373.622
1037.571 1373.622
1092.116 1373.622
1146.661 1373.622
1201.207 1373.622
1255.752 1373.622
1310.298 1373.622
1364.843 1373.622
1419.389 1373.622
1473.934 1373.622
1528.480 1373.622
1583.025 1373.622
1637.571 1373.622
1692.116 1373.622
1746.661 1373.622
328.480 1428.167
383.025 1428.167
437.571 1428.167
492.116 1428.167
546.661 1428.167
601.207 1428.167
655.752 1428.167
710.298 1428.167
764.843 1428.167
819.389 1428.167
873.934 1428.167
928.480 1428.167
983.025 1428.167
1037.571 1428.167
1092.116 1428.167
1146.661 1428.167
1201.207 1428.167
1255.752 1428.167
1310.298 1428.167
1364.843 1428.167
1419.389 1428.167
1473.934 1428.167
1528.480 1428.167
1583.025 1428.167
1637.571 1428.167
1692.116 1428.167
1746.661 1428.167
383.025 1482.713
437.571 1482.713
492.116 1482.713
546.661 1482.713
601.207 1482.713
655.752 1482.713
710.298 1482.713
764.843 1482.713
819.389 1482.713
873.934 1482.713
928.480 1482.713
983.025 1482.713
1037.571 1482.713
1092.116 1482.713
1146.661 1482.713
1201.207 1482.713
1255.752 1482.713
1310.298 1482.713
1364.843 1482.713
1419.389 1482.713
1473.934 1482.713
1528.480 1482.713
1583.025 1482.713
1637.571 1482.713
1692.116 1482.713
437.571 1537.258
492.116 1537.258
546.661 1537.258
601.207 1537.258
655.752 1537.258
710.298 1537.258
764.843 1537.258
819.389 1537.258
873.934 1537.258
928.480 1537.258
983.025 1537.258
1037.571 1537.258
1092.116 1537.258
1146.661 1537.258
1201.207 1537.258
1255.752 1537.258
1310.298 1537.258
1364.843 1537.258
1419.389 1537.258
1473.934 1537.258
1528.480 1537.258
1583.025 1537.258
1637.571 1537.258
492.116 1591.804
546.661 1591.804
601.207 1591.804
655.752 1591.804
710.298 1591.804
764.843 1591.804
819.389 1591.804
873.934 1591.804
928.480 1591.804
983.025 1591.804
1037.571 1591.804
1092.116 1591.804
1146.661 1591.804
1201.207 1591.804
1255.752 1591.804
1310.298 1591.804
1364.843 1591.804
1419.389 1591.804
1473.934 1591.804
1528.480 1591.804
1583.025 1591.804
546.661 1646.349
601.207 1646.349
655.752 1646.349
710.298 1646.349
764.843 1646.349
819.389 1646.349
873.934 1646.349
928.480 1646.349
983.025 1646.349
1037.571 1646.349
1092.116 1646.349
1146.661 1646.349
1201.207 1646.349
1255.752 1646.349
1310.298 1646.349
1364.843 1646.349
1419.389 1646.349
1473.934 1646.349
1528.480 1646.349
601.207 1700.895
655.752 1700.895
710.298 1700.895
764.843 1700.895
819.389 1700.895
873.934 1700.895
928.480 1700.895
983.025 1700.895
1037.571 1700.895
1092.116 1700.895
1146.661 1700.895
1201.207 1700.895
1255.752 1700.895
1310.298 1700.895
1364.843 1700.895
1419.389 1700.895
1473.934 1700.895
710.298 1755.440
764.843 1755.440
819.389 1755.440
873.934 1755.440
928.480 1755.440
983.025 1755.440
1037.571 1755.440
1092.116 1755.440
1146.661 1755.440
1201.207 1755.440
1255.752 1755.440
1310.298 1755.440
1364.843 1755.440
