702.395 221.124
756.941 221.124
811.486 221.124
866.032 221.124
920.577 221.124
975.123 221.124
1029.668 221.124
1084.214 221.124
1138.759 221.124
1193.304 221.124
1247.850 221.124
1302.395 221.124
1356.941 221.124
593.304 275.669
647.850 275.669
702.395 275.669
756.941 275.669
811.486 275.669
866.032 275.669
920.577 275.669
975.123 275.669
1029.668 275.669
1084.214 275.669
1138.759 275.669
1193.304 275.669
1247.850 275.669
1302.395 275.669
1356.941 275.669
1411.486 275.669
1466.032 275.669
538.759 330.215
593.304 330.215
647.850 330.215
702.395 330.215
756.941 330.215
811.486 330.215
866.032 330.215
920.577 330.215
975.123 330.215
1029.668 330.215
1084.214 330.215
1138.759 330.215
1193.304 330.215
1247.850 330.215
1302.395 330.215
1356.941 330.215
1411.486 330.215
1466.032 330.215
1520.577 330.215
484.214 384.760
538.759 384.760
593.304 384.760
647.850 384.760
702.395 384.760
756.941 384.760
811.486 384.760
866.032 384.760
920.577 384.760
975.123 384.760
1029.668 384.760
1084.214 384.760
1138.759 384.760
1193.304 384.760
1247.850 384.760
1302.395 384.760
1356.941 384.760
1411.486 384.760
1466.032 384.760
1520.577 384.760
1575.123 384.760
429.668 439.306
484.214 439.306
538.759 439.306
593.304 439.306
647.850 439.306
702.395 439.306
756.941 439.306
811.486 439.306
866.032 439.306
920.577 439.306
975.123 439.306
1029.668 439.306
1084.214 439.306
1138.759 439.306
1193.304 439.306
1247.850 439.306
1302.395 439.306
1356.941 439.306
1411.486 439.306
1466.032 439.306
1520.577 439.306
1575.123 439.306
1629.668 439.306
375.123 493.851
429.668 493.851
484.214 493.851
538.759 493.851
593.304 493.851
647.850 493.851
702.395 493.851
756.941 493.851
811.486 493.851
866.032 493.851
920.577 493.851
975.123 493.851
1029.668 493.851
1084.214 493.851
1138.759 493.851
1193.304 493.851
1247.850 493.851
1302.395 493.851
1356.941 493.851
1411.486 493.851
1466.032 493.851
1520.577 493.851
1575.123 493.851
1629.668 493.851
1684.214 493.851
320.577 548.397
375.123 548.397
429.668 548.397
484.214 548.397
538.759 548.397
593.304 548.397
647.850 548.397
702.395 548.397
756.941 548.397
811.486 548.397
866.032 548.397
920.577 548.397
975.123 548.397
1029.668 548.397
1084.214 548.397
1138.759 548.397
1193.304 548.397
1247.850 548.397
1302.395 548.397
1356.941 548.397
1411.486 548.397
1466.032 548.397
1520.577 548.397
1575.123 548.397
1629.668 548.397
1684.214 548.397
1738.759 548.397
320.577 602.942
375.123 602.942
429.668 602.942
484.214 602.942
538.759 602.942
593.304 602.942
647.850 602.942
702.395 602.942
756.941 602.942
811.486 602.942
866.032 602.942
920.577 602.942
975.123 602.942
1029.668 602.942
1084.214 602.942
1138.759 602.942
1193.304 602.942
1247.850 602.942
1302.395 602.942
1356.941 602.942
1411.486 602.942
1466.032 602.942
1520.577 602.942
1575.123 602.942
1629.668 602.942
1684.214 602.942
1738.759 602.942
266.032 657.487
320.577 657.487
375.123 657.487
429.668 657.487
484.214 657.487
538.759 657.487
593.304 657.487
647.850 657.487
702.395 657.487
756.941 657.487
811.486 657.487
866.032 657.487
920.577 657.487
975.123 657.487
1029.668 657.487
1084.214 657.487
1138.759 657.487
1193.304 657.487
1247.850 657.487
1302.395 657.487
1356.941 657.487
1411.486 657.487
1466.032 657.487
1520.577 657.487
1575.123 657.487
1629.668 657.487
1684.214 657.487
1738.759 657.487
1793.304 657.487
266.032 712.033
320.577 712.033
375.123 712.033
429.668 712.033
484.214 712.033
538.759 712.033
593.304 712.033
647.850 712.033
702.395 712.033
756.941 712.033
811.486 712.033
866.032 712.033
920.577 712.033
975.123 712.033
1029.668 712.033
1084.214 712.033
1138.759 712.033
1193.304 712.033
1247.850 712.033
1302.395 712.033
1356.941 712.033
1411.486 712.033
1466.032 712.033
1520.577 712.033
1575.123 712.033
1629.668 712.033
1684.214 712.033
1738.759 712.033
1793.304 712.033
266.032 766.578
320.577 766.578
375.123 766.578
429.668 766.578
484.214 766.578
538.759 766.578
593.304 766.578
647.850 766.578
702.395 766.578
756.941 766.578
811.486 766.578
866.032 766.578
920.577 766.578
975.123 766.578
1029.668 766.578
1084.214 766.578
1138.759 766.578
1193.304 766.578
1247.850 766.578
1302.395 766.578
1356.941 766.578
1411.486 766.578
1466.032 766.578
1520.577 766.578
1575.123 766.578
1629.668 766.578
1684.214 766.578
1738.759 766.578
1793.304 766.578
266.032 821.124
320.577 821.124
375.123 821.124
429.668 821.124
484.214 821.124
538.759 821.124
593.304 821.124
647.850 821.124
702.395 821.124
756.941 821.124
811.486 821.124
866.032 821.124
920.577 821.124
975.123 821.124
1029.668 821.124
1084.214 821.124
1138.759 821.124
1193.304 821.124
1247.850 821.124
1302.395 821.124
1356.941 821.124
1411.486 821.124
1466.032 821.124
1520.577 821.124
1575.123 821.124
1629.668 821.124
1684.214 821.124
1738.759 821.124
1793.304 821.124
266.032 875.669
320.577 875.669
375.123 875.669
429.668 875.669
484.214 875.669
538.759 875.669
593.304 875.669
647.850 875.669
702.395 875.669
756.941 875.669
811.486 875.669
866.032 875.669
920.577 875.669
975.123 875.669
1029.668 875.669
1084.214 875.669
1138.759 875.669
1193.304 875.669
1247.850 875.669
1302.395 875.669
1356.941 875.669
1411.486 875.669
1466.032 875.669
1520.577 875.669
1575.123 875.669
1629.668 875.669
1684.214 875.669
1738.759 875.669
1793.304 875.669
266.032 930.215
320.577 930.215
375.123 930.215
429.668 930.215
484.214 930.215
538.759 930.215
593.304 930.215
647.850 930.215
702.395 930.215
756.941 930.215
811.486 930.215
866.032 930.215
920.577 930.215
975.123 930.215
1029.668 930.215
1084.214 930.215
1138.759 930.215
1193.304 930.215
1247.850 930.215
1302.395 930.215
1356.941 930.215
1411.486 930.215
1466.032 930.215
1520.577 930.215
1575.123 930.215
1629.668 930.215
1684.214 930.215
1738.759 930.215
1793.304 930.215
266.032 984.760
320.577 984.760
375.123 984.760
429.668 984.760
484.214 984.760
538.759 984.760
593.304 984.760
647.850 984.760
702.395 984.760
756.941 984.760
811.486 984.760
866.032 984.760
920.577 984.760
975.123 984.760
1029.668 984.760
1084.214 984.760
1138.759 984.760
1193.304 984.760
1247.850 984.760
1302.395 984.760
1356.941 984.760
1411.486 984.760
1466.032 984.760
1520.577 984.760
1575.123 984.760
1629.668 984.760
1684.214 984.760
1738.759 984.760
1793.304 984.760
266.032 1039.306
320.577 1039.306
375.123 1039.306
429.668 1039.306
484.214 1039.306
538.759 1039.306
593.304 1039.306
647.850 1039.306
702.395 1039.306
756.941 1039.306
811.486 1039.306
866.032 1039.306
920.577 1039.306
975.123 1039.306
1029.668 1039.306
1084.214 1039.306
1138.759 1039.306
1193.304 1039.306
1247.850 1039.306
1302.395 1039.306
1356.941 1039.306
1411.486 1039.306
1466.032 1039.306
1520.577 1039.306
1575.123 1039.306
1629.668 1039.306
1684.214 1039.306
1738.759 1039.306
1793.304 1039.306
266.032 1093.851
320.577 1093.851
375.123 1093.851
429.668 1093.851
484.214 1093.851
538.759 1093.851
593.304 1093.851
647.850 1093.851
702.395 1093.851
756.941 1093.851
811.486 1093.851
866.032 1093.851
920.577 1093.851
975.123 1093.851
1029.668 1093.851
1084.214 1093.851
1138.759 1093.851
1193.304 1093.851
1247.850 1093.851
1302.395 1093.851
1356.941 1093.851
1411.486 1093.851
1466.032 1093.851
1520.577 1093.851
1575.123 1093.851
1629.668 1093.851
1684.214 1093.851
1738.759 1093.851
1793.304 1093.851
266.032 1148.397
320.577 1148.397
375.123 1148.397
429.668 1148.397
484.214 1148.397
538.759 1148.397
593.304 1148.397
647.850 1148.397
702.395 1148.397
756.941 1148.397
811.486 1148.397
866.032 1148.397
920.577 1148.397
975.123 1148.397
1029.668 1148.397
1084.214 1148.397
1138.759 1148.397
1193.304 1148.397
1247.850 1148.397
1302.395 1148.397
1356.941 1148.397
1411.486 1148.397
1466.032 1148.397
1520.577 1148.397
1575.123 1148.397
1629.668 1148.397
1684.214 1148.397
1738.759 1148.397
1793.304 1148.397
266.032 1202.942
320.577 1202.942
375.123 1202.942
429.668 1202.942
484.214 1202.942
538.759 1202.942
593.304 1202.942
647.850 1202.942
702.395 1202.942
756.941 1202.942
811.486 1202.942
866.032 1202.942
920.577 1202.942
975.123 1202.942
1029.668 1202.942
1084.214 1202.942
1138.759 1202.942
1193.304 1202.942
1247.850 1202.942
1302.395 1202.942
1356.941 1202.942
1411.486 1202.942
1466.032 1202.942
1520.577 1202.942
1575.123 1202.942
1629.668 1202.942
1684.214 1202.942
1738.759 1202.942
1793.304 1202.942
266.032 1257.487
320.577 1257.487
375.123 1257.487
429.668 1257.487
484.214 1257.487
538.759 1257.487
593.304 1257.487
647.850 1257.487
702.395 1257.487
756.941 1257.487
811.486 1257.487
866.032 1257.487
920.577 1257.487
975.123 1257.487
1029.668 1257.487
1084.214 1257.487
1138.759 1257.487
1193.304 1257.487
1247.850 1257.487
1302.395 1257.487
1356.941 1257.487
1411.486 1257.487
1466.032 1257.487
1520.577 1257.487
1575.123 1257.487
1629.668 1257.487
1684.214 1257.487
1738.759 1257.487
1793.304 1257.487
266.032 1312.033
320.577 1312.033
375.123 1312.033
429.668 1312.033
484.214 1312.033
538.759 1312.033
593.304 1312.033
647.850 1312.033
702.395 1312.033
756.941 1312.033
811.486 1312.033
866.032 1312.033
920.577 1312.033
975.123 1312.033
1029.668 1312.033
1084.214 1312.033
1138.759 1312.033
1193.304 1312.033
1247.850 1312.033
1302.395 1312.033
1356.941 1312.033
1411.486 1312.033
1466.032 1312.033
1520.577 1312.033
1575.123 1312.033
1629.668 1312.033
1684.214 1312.033
1738.759 1312.033
1793.304 1312.033
320.577 1366.578
375.123 1366.578
429.668 1366.578
484.214 1366.578
538.759 1366.578
593.304 1366.578
647.850 1366.578
702.395 1366.578
756.941 1366.578
811.486 1366.578
866.032 1366.578
920.577 1366.578
975.123 1366.578
1029.668 1366.578
1084.214 1366.578
1138.759 1366.578
1193.304 1366.578
1247.850 1366.578
1302.395 1366.578
1356.941 1366.578
1411.486 1366.578
1466.032 1366.578
1520.577 1366.578
1575.123 1366.578
1629.668 1366.578
1684.214 1366.578
1738.759 1366.578
320.577 1421.124
375.123 1421.124
429.668 1421.124
484.214 1421.124
538.759 1421.124
593.304 1421.124
647.850 1421.124
702.395 1421.124
756.941 1421.124
811.486 1421.124
866.032 1421.124
920.577 1421.124
975.123 1421.124
1029.668 1421.124
1084.214 1421.124
1138.759 1421.124
1193.304 1421.124
1247.850 1421.124
1302.395 1421.124
1356.941 1421.124
1411.486 1421.124
1466.032 1421.124
1520.577 1421.124
1575.123 1421.124
1629.668 1421.124
1684.214 1421.124
1738.759 1421.124
375.123 1475.669
429.668 1475.669
484.214 1475.669
538.759 1475.669
593.304 1475.669
647.850 1475.669
702.395 1475.669
756.941 1475.669
811.486 1475.669
866.032 1475.669
920.577 1475.669
975.123 1475.669
1029.668 1475.669
1084.214 1475.669
1138.759 1475.669
1193.304 1475.669
1247.850 1475.669
1302.395 1475.669
1356.941 1475.669
1411.486 1475.669
1466.032 1475.669
1520.577 1475.669
1575.123 1475.669
1629.668 1475.669
1684.214 1475.669
429.668 1530.215
484.214 1530.215
538.759 1530.215
593.304 1530.215
647.850 1530.215
702.395 1530.215
756.941 1530.215
811.486 1530.215
866.032 1530.215
920.577 1530.215
975.123 1530.215
1029.668 1530.215
1084.214 1530.215
1138.759 1530.215
1193.304 1530.215
1247.850 1530.215
1302.395 1530.215
1356.941 1530.215
1411.486 1530.215
1466.032 1530.215
1520.577 1530.215
1575.123 1530.215
1629.668 1530.215
484.214 1584.760
538.759 1584.760
593.304 1584.760
647.850 1584.760
702.395 1584.760
756.941 1584.760
811.486 1584.760
866.032 1584.760
920.577 1584.760
975.123 1584.760
1029.668 1584.760
1084.214 1584.760
1138.759 1584.760
1193.304 1584.760
1247.850 1584.760
1302.395 1584.760
1356.941 1584.760
1411.486 1584.760
1466.032 1584.760
1520.577 1584.760
1575.123 1584.760
538.759 1639.306
593.304 1639.306
647.850 1639.306
702.395 1639.306
756.941 1639.306
811.486 1639.306
866.032 1639.306
920.577 1639.306
975.123 1639.306
1029.668 1639.306
1084.214 1639.306
1138.759 1639.306
1193.304 1639.306
1247.850 1639.306
1302.395 1639.306
1356.941 1639.306
1411.486 1639.306
1466.032 1639.306
1520.577 1639.306
593.304 1693.851
647.850 1693.851
702.395 1693.851
756.941 1693.851
811.486 1693.851
866.032 1693.851
920.577 1693.851
975.123 1693.851
1029.668 1693.851
1084.214 1693.851
1138.759 1693.851
1193.304 1693.851
1247.850 1693.851
1302.395 1693.851
1356.941 1693.851
1411.486 1693.851
1466.032 1693.851
702.395 1748.397
756.941 1748.397
811.486 1748.397
866.032 1748.397
920.577 1748.397
975.123 1748.397
1029.668 1748.397
1084.214 1748.397
1138.759 1748.397
1193.304 1748.397
1247.850 1748.397
1302.395 1748.397
1356.941 1748.397
