718.711 220.201
773.257 220.201
827.802 220.201
882.348 220.201
936.893 220.201
991.439 220.201
1045.984 220.201
1100.530 220.201
1155.075 220.201
1209.620 220.201
1264.166 220.201
1318.711 220.201
1373.257 220.201
609.620 274.746
664.166 274.746
718.711 274.746
773.257 274.746
827.802 274.746
882.348 274.746
936.893 274.746
991.439 274.746
1045.984 274.746
1100.530 274.746
1155.075 274.746
1209.620 274.746
1264.166 274.746
1318.711 274.746
1373.257 274.746
1427.802 274.746
1482.348 274.746
555.075 329.292
609.620 329.292
664.166 329.292
718.711 329.292
773.257 329.292
827.802 329.292
882.348 329.292
936.893 329.292
991.439 329.292
1045.984 329.292
1100.530 329.292
1155.075 329.292
1209.620 329.292
1264.166 329.292
1318.711 329.292
1373.257 329.292
1427.802 329.292
1482.348 329.292
1536.893 329.292
500.530 383.837
555.075 383.837
609.620 383.837
664.166 383.837
718.711 383.837
773.257 383.837
827.802 383.837
882.348 383.837
936.893 383.837
991.439 383.837
1045.984 383.837
1100.530 383.837
1155.075 383.837
1209.620 383.837
1264.166 383.837
1318.711 383.837
1373.257 383.837
1427.802 383.837
1482.348 383.837
1536.893 383.837
1591.439 383.837
445.984 438.383
500.530 438.383
555.075 438.383
609.620 438.383
664.166 438.383
718.711 438.383
773.257 438.383
827.802 438.383
882.348 438.383
936.893 438.383
991.439 438.383
1045.984 438.383
1100.530 438.383
1155.075 438.383
1209.620 438.383
1264.166 438.383
1318.711 438.383
1373.257 438.383
1427.802 438.383
1482.348 438.383
1536.893 438.383
1591.439 438.383
1645.984 438.383
391.439 492.928
445.984 492.928
500.530 492.928
555.075 492.928
609.620 492.928
664.166 492.928
718.711 492.928
773.257 492.928
827.802 492.928
882.348 492.928
936.893 492.928
991.439 492.928
1045.984 492.928
1100.530 492.928
1155.075 492.928
1209.620 492.928
1264.166 492.928
1318.711 492.928
1373.257 492.928
1427.802 492.928
1482.348 492.928
1536.893 492.928
1591.439 492.928
1645.984 492.928
1700.530 492.928
336.893 547.474
391.439 547.474
445.984 547.474
500.530 547.474
555.075 547.474
609.620 547.474
664.166 547.474
718.711 547.474
773.257 547.474
827.802 547.474
882.348 547.474
936.893 547.474
991.439 547.474
1045.984 547.474
1100.530 547.474
1155.075 547.474
1209.620 547.474
1264.166 547.474
1318.711 547.474
1373.257 547.474
1427.802 547.474
1482.348 547.474
1536.893 547.474
1591.439 547.474
1645.984 547.474
1700.530 547.474
1755.075 547.474
336.893 602.019
391.439 602.019
445.984 602.019
500.530 602.019
555.075 602.019
609.620 602.019
664.166 602.019
718.711 602.019
773.257 602.019
827.802 602.019
882.348 602.019
936.893 602.019
991.439 602.019
1045.984 602.019
1100.530 602.019
1155.075 602.019
1209.620 602.019
1264.166 602.019
1318.711 602.019
1373.257 602.019
1427.802 602.019
1482.348 602.019
1536.893 602.019
1591.439 602.019
1645.984 602.019
1700.530 602.019
1755.075 602.019
282.348 656.565
336.893 656.565
391.439 656.565
445.984 656.565
500.530 656.565
555.075 656.565
609.620 656.565
664.166 656.565
718.711 656.565
773.257 656.565
827.802 656.565
882.348 656.565
936.893 656.565
991.439 656.565
1045.984 656.565
1100.530 656.565
1155.075 656.565
1209.620 656.565
1264.166 656.565
1318.711 656.565
1373.257 656.565
1427.802 656.565
1482.348 656.565
1536.893 656.565
1591.439 656.565
1645.984 656.565
1700.530 656.565
1755.075 656.565
1809.620 656.565
282.348 711.110
336.893 711.110
391.439 711.110
445.984 711.110
500.530 711.110
555.075 711.110
609.620 711.110
664.166 711.110
718.711 711.110
773.257 711.110
827.802 711.110
882.348 711.110
936.893 711.110
991.439 711.110
1045.984 711.110
1100.530 711.110
1155.075 711.110
1209.620 711.110
1264.166 711.110
1318.711 711.110
1373.257 711.110
1427.802 711.110
1482.348 711.110
1536.893 711.110
1591.439 711.110
1645.984 711.110
1700.530 711.110
1755.075 711.110
1809.620 711.110
282.348 765.656
336.893 765.656
391.439 765.656
445.984 765.656
500.530 765.656
555.075 765.656
609.620 765.656
664.166 765.656
718.711 765.656
773.257 765.656
827.802 765.656
882.348 765.656
936.893 765.656
991.439 765.656
1045.984 765.656
1100.530 765.656
1155.075 765.656
1209.620 765.656
1264.166 765.656
1318.711 765.656
1373.257 765.656
1427.802 765.656
1482.348 765.656
1536.893 765.656
1591.439 765.656
1645.984 765.656
1700.530 765.656
1755.075 765.656
1809.620 765.656
282.348 820.201
336.893 820.201
391.439 820.201
445.984 820.201
500.530 820.201
555.075 820.201
609.620 820.201
664.166 820.201
718.711 820.201
773.257 820.201
827.802 820.201
882.348 820.201
936.893 820.201
991.439 820.201
1045.984 820.201
1100.530 820.201
1155.075 820.201
1209.620 820.201
1264.166 820.201
1318.711 820.201
1373.257 820.201
1427.802 820.201
1482.348 820.201
1536.893 820.201
1591.439 820.201
1645.984 820.201
1700.530 820.201
1755.075 820.201
1809.620 820.201
282.348 874.746
336.893 874.746
391.439 874.746
445.984 874.746
500.530 874.746
555.075 874.746
609.620 874.746
664.166 874.746
718.711 874.746
773.257 874.746
827.802 874.746
882.348 874.746
936.893 874.746
991.439 874.746
1045.984 874.746
1100.530 874.746
1155.075 874.746
1209.620 874.746
1264.166 874.746
1318.711 874.746
1373.257 874.746
1427.802 874.746
1482.348 874.746
1536.893 874.746
1591.439 874.746
1645.984 874.746
1700.530 874.746
1755.075 874.746
1809.620 874.746
282.348 929.292
336.893 929.292
391.439 929.292
445.984 929.292
500.530 929.292
555.075 929.292
609.620 929.292
664.166 929.292
718.711 929.292
773.257 929.292
827.802 929.292
882.348 929.292
936.893 929.292
991.439 929.292
1045.984 929.292
1100.530 929.292
1155.075 929.292
1209.620 929.292
1264.166 929.292
1318.711 929.292
1373.257 929.292
1427.802 929.292
1482.348 929.292
1536.893 929.292
1591.439 929.292
1645.984 929.292
1700.530 929.292
1755.075 929.292
1809.620 929.292
282.348 983.837
336.893 983.837
391.439 983.837
445.984 983.837
500.530 983.837
555.075 983.837
609.620 983.837
664.166 983.837
718.711 983.837
773.257 983.837
827.802 983.837
882.348 983.837
936.893 983.837
991.439 983.837
1045.984 983.837
1100.530 983.837
1155.075 983.837
1209.620 983.837
1264.166 983.837
1318.711 983.837
1373.257 983.837
1427.802 983.837
1482.348 983.837
1536.893 983.837
1591.439 983.837
1645.984 983.837
1700.530 983.837
1755.075 983.837
1809.620 983.837
282.348 1038.383
336.893 1038.383
391.439 1038.383
445.984 1038.383
500.530 1038.383
555.075 1038.383
609.620 1038.383
664.166 1038.383
718.711 1038.383
773.257 1038.383
827.802 1038.383
882.348 1038.383
936.893 1038.383
991.439 1038.383
1045.984 1038.383
1100.530 1038.383
1155.075 1038.383
1209.620 1038.383
1264.166 1038.383
1318.711 1038.383
1373.257 1038.383
1427.802 1038.383
1482.348 1038.383
1536.893 1038.383
1591.439 1038.383
1645.984 1038.383
1700.530 1038.383
1755.075 1038.383
1809.620 1038.383
282.348 1092.928
336.893 1092.928
391.439 1092.928
445.984 1092.928
500.530 1092.928
555.075 1092.928
609.620 1092.928
664.166 1092.928
718.711 1092.928
773.257 1092.928
827.802 1092.928
882.348 1092.928
936.893 1092.928
991.439 1092.928
1045.984 1092.928
1100.530 1092.928
1155.075 1092.928
1209.620 1092.928
1264.166 1092.928
1318.711 1092.928
1373.257 1092.928
1427.802 1092.928
1482.348 1092.928
1536.893 1092.928
1591.439 1092.928
1645.984 1092.928
1700.530 1092.928
1755.075 1092.928
1809.620 1092.928
282.348 1147.474
336.893 1147.474
391.439 1147.474
445.984 1147.474
500.530 1147.474
555.075 1147.474
609.620 1147.474
664.166 1147.474
718.711 1147.474
773.257 1147.474
827.802 1147.474
882.348 1147.474
936.893 1147.474
991.439 1147.474
1045.984 1147.474
1100.530 1147.474
1155.075 1147.474
1209.620 1147.474
1264.166 1147.474
1318.711 1147.474
1373.257 1147.474
1427.802 1147.474
1482.348 1147.474
1536.893 1147.474
1591.439 1147.474
1645.984 1147.474
1700.530 1147.474
1755.075 1147.474
1809.620 1147.474
282.348 1202.019
336.893 1202.019
391.439 1202.019
445.984 1202.019
500.530 1202.019
555.075 1202.019
609.620 1202.019
664.166 1202.019
718.711 1202.019
773.257 1202.019
827.802 1202.019
882.348 1202.019
936.893 1202.019
991.439 1202.019
1045.984 1202.019
1100.530 1202.019
1155.075 1202.019
1209.620 1202.019
1264.166 1202.019
1318.711 1202.019
1373.257 1202.019
1427.802 1202.019
1482.348 1202.019
1536.893 1202.019
1591.439 1202.019
1645.984 1202.019
1700.530 1202.019
1755.075 1202.019
1809.620 1202.019
282.348 1256.565
336.893 1256.565
391.439 1256.565
445.984 1256.565
500.530 1256.565
555.075 1256.565
609.620 1256.565
664.166 1256.565
718.711 1256.565
773.257 1256.565
827.802 1256.565
882.348 1256.565
936.893 1256.565
991.439 1256.565
1045.984 1256.565
1100.530 1256.565
1155.075 1256.565
1209.620 1256.565
1264.166 1256.565
1318.711 1256.565
1373.257 1256.565
1427.802 1256.565
1482.348 1256.565
1536.893 1256.565
1591.439 1256.565
1645.984 1256.565
1700.530 1256.565
1755.075 1256.565
1809.620 1256.565
282.348 1311.110
336.893 1311.110
391.439 1311.110
445.984 1311.110
500.530 1311.110
555.075 1311.110
609.620 1311.110
664.166 1311.110
718.711 1311.110
773.257 1311.110
827.802 1311.110
882.348 1311.110
936.893 1311.110
991.439 1311.110
1045.984 1311.110
1100.530 1311.110
1155.075 1311.110
1209.620 1311.110
1264.166 1311.110
1318.711 1311.110
1373.257 1311.110
1427.802 1311.110
1482.348 1311.110
1536.893 1311.110
1591.439 1311.110
1645.984 1311.110
1700.530 1311.110
1755.075 1311.110
1809.620 1311.110
336.893 1365.656
391.439 1365.656
445.984 1365.656
500.530 1365.656
555.075 1365.656
609.620 1365.656
664.166 1365.656
718.711 1365.656
773.257 1365.656
827.802 1365.656
882.348 1365.656
936.893 1365.656
991.439 1365.656
1045.984 1365.656
1100.530 1365.656
1155.075 1365.656
1209.620 1365.656
1264.166 1365.656
1318.711 1365.656
1373.257 1365.656
1427.802 1365.656
1482.348 1365.656
1536.893 1365.656
1591.439 1365.656
1645.984 1365.656
1700.530 1365.656
1755.075 1365.656
336.893 1420.201
391.439 1420.201
445.984 1420.201
500.530 1420.201
555.075 1420.201
609.620 1420.201
664.166 1420.201
718.711 1420.201
773.257 1420.201
827.802 1420.201
882.348 1420.201
936.893 1420.201
991.439 1420.201
1045.984 1420.201
1100.530 1420.201
1155.075 1420.201
1209.620 1420.201
1264.166 1420.201
1318.711 1420.201
1373.257 1420.201
1427.802 1420.201
1482.348 1420.201
1536.893 1420.201
1591.439 1420.201
1645.984 1420.201
1700.530 1420.201
1755.075 1420.201
391.439 1474.746
445.984 1474.746
500.530 1474.746
555.075 1474.746
609.620 1474.746
664.166 1474.746
718.711 1474.746
773.257 1474.746
827.802 1474.746
882.348 1474.746
936.893 1474.746
991.439 1474.746
1045.984 1474.746
1100.530 1474.746
1155.075 1474.746
1209.620 1474.746
1264.166 1474.746
1318.711 1474.746
1373.257 1474.746
1427.802 1474.746
1482.348 1474.746
1536.893 1474.746
1591.439 1474.746
1645.984 1474.746
1700.530 1474.746
445.984 1529.292
500.530 1529.292
555.075 1529.292
609.620 1529.292
664.166 1529.292
718.711 1529.292
773.257 1529.292
827.802 1529.292
882.348 1529.292
936.893 1529.292
991.439 1529.292
1045.984 1529.292
1100.530 1529.292
1155.075 1529.292
1209.620 1529.292
1264.166 1529.292
1318.711 1529.292
1373.257 1529.292
1427.802 1529.292
1482.348 1529.292
1536.893 1529.292
1591.439 1529.292
1645.984 1529.292
500.530 1583.837
555.075 1583.837
609.620 1583.837
664.166 1583.837
718.711 1583.837
773.257 1583.837
827.802 1583.837
882.348 1583.837
936.893 1583.837
991.439 1583.837
1045.984 1583.837
1100.530 1583.837
1155.075 1583.837
1209.620 1583.837
1264.166 1583.837
1318.711 1583.837
1373.257 1583.837
1427.802 1583.837
1482.348 1583.837
1536.893 1583.837
1591.439 1583.837
555.075 1638.383
609.620 1638.383
664.166 1638.383
718.711 1638.383
773.257 1638.383
827.802 1638.383
882.348 1638.383
936.893 1638.383
991.439 1638.383
1045.984 1638.383
1100.530 1638.383
1155.075 1638.383
1209.620 1638.383
1264.166 1638.383
1318.711 1638.383
1373.257 1638.383
1427.802 1638.383
1482.348 1638.383
1536.893 1638.383
609.620 1692.928
664.166 1692.928
718.711 1692.928
773.257 1692.928
827.802 1692.928
882.348 1692.928
936.893 1692.928
991.439 1692.928
1045.984 1692.928
1100.530 1692.928
1155.075 1692.928
1209.620 1692.928
1264.166 1692.928
1318.711 1692.928
1373.257 1692.928
1427.802 1692.928
1482.348 1692.928
718.711 1747.474
773.257 1747.474
827.802 1747.474
882.348 1747.474
936.893 1747.474
991.439 1747.474
1045.984 1747.474
1100.530 1747.474
1155.075 1747.474
1209.620 1747.474
1264.166 1747.474
1318.711 1747.474
1373.257 1747.474
