718.661 220.179
773.206 220.179
827.752 220.179
882.297 220.179
936.843 220.179
991.388 220.179
1045.934 220.179
1100.479 220.179
1155.025 220.179
1209.570 220.179
1264.116 220.179
1318.661 220.179
1373.206 220.179
609.570 274.724
664.116 274.724
718.661 274.724
773.206 274.724
827.752 274.724
882.297 274.724
936.843 274.724
991.388 274.724
1045.934 274.724
1100.479 274.724
1155.025 274.724
1209.570 274.724
1264.116 274.724
1318.661 274.724
1373.206 274.724
1427.752 274.724
1482.297 274.724
555.025 329.270
609.570 329.270
664.116 329.270
718.661 329.270
773.206 329.270
827.752 329.270
882.297 329.270
936.843 329.270
991.388 329.270
1045.934 329.270
1100.479 329.270
1155.025 329.270
1209.570 329.270
1264.116 329.270
1318.661 329.270
1373.206 329.270
1427.752 329.270
1482.297 329.270
1536.843 329.270
500.479 383.815
555.025 383.815
609.570 383.815
664.116 383.815
718.661 383.815
773.206 383.815
827.752 383.815
882.297 383.815
936.843 383.815
991.388 383.815
1045.934 383.815
1100.479 383.815
1155.025 383.815
1209.570 383.815
1264.116 383.815
1318.661 383.815
1373.206 383.815
1427.752 383.815
1482.297 383.815
1536.843 383.815
1591.388 383.815
445.934 438.361
500.479 438.361
555.025 438.361
609.570 438.361
664.116 438.361
718.661 438.361
773.206 438.361
827.752 438.361
882.297 438.361
936.843 438.361
991.388 438.361
1045.934 438.361
1100.479 438.361
1155.025 438.361
1209.570 438.361
1264.116 438.361
1318.661 438.361
1373.206 438.361
1427.752 438.361
1482.297 438.361
1536.843 438.361
1591.388 438.361
1645.934 438.361
391.388 492.906
445.934 492.906
500.479 492.906
555.025 492.906
609.570 492.906
664.116 492.906
718.661 492.906
773.206 492.906
827.752 492.906
882.297 492.906
936.843 492.906
991.388 492.906
1045.934 492.906
1100.479 492.906
1155.025 492.906
1209.570 492.906
1264.116 492.906
1318.661 492.906
1373.206 492.906
1427.752 492.906
1482.297 492.906
1536.843 492.906
1591.388 492.906
1645.934 492.906
1700.479 492.906
336.843 547.452
391.388 547.452
445.934 547.452
500.479 547.452
555.025 547.452
609.570 547.452
664.116 547.452
718.661 547.452
773.206 547.452
827.752 547.452
882.297 547.452
936.843 547.452
991.388 547.452
1045.934 547.452
1100.479 547.452
1155.025 547.452
1209.570 547.452
1264.116 547.452
1318.661 547.452
1373.206 547.452
1427.752 547.452
1482.297 547.452
1536.843 547.452
1591.388 547.452
1645.934 547.452
1700.479 547.452
1755.025 547.452
336.843 601.997
391.388 601.997
445.934 601.997
500.479 601.997
555.025 601.997
609.570 601.997
664.116 601.997
718.661 601.997
773.206 601.997
827.752 601.997
882.297 601.997
936.843 601.997
991.388 601.997
1045.934 601.997
1100.479 601.997
1155.025 601.997
1209.570 601.997
1264.116 601.997
1318.661 601.997
1373.206 601.997
1427.752 601.997
1482.297 601.997
1536.843 601.997
1591.388 601.997
1645.934 601.997
1700.479 601.997
1755.025 601.997
282.297 656.542
336.843 656.542
391.388 656.542
445.934 656.542
500.479 656.542
555.025 656.542
609.570 656.542
664.116 656.542
718.661 656.542
773.206 656.542
827.752 656.542
882.297 656.542
936.843 656.542
991.388 656.542
1045.934 656.542
1100.479 656.542
1155.025 656.542
1209.570 656.542
1264.116 656.542
1318.661 656.542
1373.206 656.542
1427.752 656.542
1482.297 656.542
1536.843 656.542
1591.388 656.542
1645.934 656.542
1700.479 656.542
1755.025 656.542
1809.570 656.542
282.297 711.088
336.843 711.088
391.388 711.088
445.934 711.088
500.479 711.088
555.025 711.088
609.570 711.088
664.116 711.088
718.661 711.088
773.206 711.088
827.752 711.088
882.297 711.088
936.843 711.088
991.388 711.088
1045.934 711.088
1100.479 711.088
1155.025 711.088
1209.570 711.088
1264.116 711.088
1318.661 711.088
1373.206 711.088
1427.752 711.088
1482.297 711.088
1536.843 711.088
1591.388 711.088
1645.934 711.088
1700.479 711.088
1755.025 711.088
1809.570 711.088
282.297 765.633
336.843 765.633
391.388 765.633
445.934 765.633
500.479 765.633
555.025 765.633
609.570 765.633
664.116 765.633
718.661 765.633
773.206 765.633
827.752 765.633
882.297 765.633
936.843 765.633
991.388 765.633
1045.934 765.633
1100.479 765.633
1155.025 765.633
1209.570 765.633
1264.116 765.633
1318.661 765.633
1373.206 765.633
1427.752 765.633
1482.297 765.633
1536.843 765.633
1591.388 765.633
1645.934 765.633
1700.479 765.633
1755.025 765.633
1809.570 765.633
282.297 820.179
336.843 820.179
391.388 820.179
445.934 820.179
500.479 820.179
555.025 820.179
609.570 820.179
664.116 820.179
718.661 820.179
773.206 820.179
827.752 820.179
882.297 820.179
936.843 820.179
991.388 820.179
1045.934 820.179
1100.479 820.179
1155.025 820.179
1209.570 820.179
1264.116 820.179
1318.661 820.179
1373.206 820.179
1427.752 820.179
1482.297 820.179
1536.843 820.179
1591.388 820.179
1645.934 820.179
1700.479 820.179
1755.025 820.179
1809.570 820.179
282.297 874.724
336.843 874.724
391.388 874.724
445.934 874.724
500.479 874.724
555.025 874.724
609.570 874.724
664.116 874.724
718.661 874.724
773.206 874.724
827.752 874.724
882.297 874.724
936.843 874.724
991.388 874.724
1045.934 874.724
1100.479 874.724
1155.025 874.724
1209.570 874.724
1264.116 874.724
1318.661 874.724
1373.206 874.724
1427.752 874.724
1482.297 874.724
1536.843 874.724
1591.388 874.724
1645.934 874.724
1700.479 874.724
1755.025 874.724
1809.570 874.724
282.297 929.270
336.843 929.270
391.388 929.270
445.934 929.270
500.479 929.270
555.025 929.270
609.570 929.270
664.116 929.270
718.661 929.270
773.206 929.270
827.752 929.270
882.297 929.270
936.843 929.270
991.388 929.270
1045.934 929.270
1100.479 929.270
1155.025 929.270
1209.570 929.270
1264.116 929.270
1318.661 929.270
1373.206 929.270
1427.752 929.270
1482.297 929.270
1536.843 929.270
1591.388 929.270
1645.934 929.270
1700.479 929.270
1755.025 929.270
1809.570 929.270
282.297 983.815
336.843 983.815
391.388 983.815
445.934 983.815
500.479 983.815
555.025 983.815
609.570 983.815
664.116 983.815
718.661 983.815
773.206 983.815
827.752 983.815
882.297 983.815
936.843 983.815
991.388 983.815
1045.934 983.815
1100.479 983.815
1155.025 983.815
1209.570 983.815
1264.116 983.815
1318.661 983.815
1373.206 983.815
1427.752 983.815
1482.297 983.815
1536.843 983.815
1591.388 983.815
1645.934 983.815
1700.479 983.815
1755.025 983.815
1809.570 983.815
282.297 1038.361
336.843 1038.361
391.388 1038.361
445.934 1038.361
500.479 1038.361
555.025 1038.361
609.570 1038.361
664.116 1038.361
718.661 1038.361
773.206 1038.361
827.752 1038.361
882.297 1038.361
936.843 1038.361
991.388 1038.361
1045.934 1038.361
1100.479 1038.361
1155.025 1038.361
1209.570 1038.361
1264.116 1038.361
1318.661 1038.361
1373.206 1038.361
1427.752 1038.361
1482.297 1038.361
1536.843 1038.361
1591.388 1038.361
1645.934 1038.361
1700.479 1038.361
1755.025 1038.361
1809.570 1038.361
282.297 1092.906
336.843 1092.906
391.388 1092.906
445.934 1092.906
500.479 1092.906
555.025 1092.906
609.570 1092.906
664.116 1092.906
718.661 1092.906
773.206 1092.906
827.752 1092.906
882.297 1092.906
936.843 1092.906
991.388 1092.906
1045.934 1092.906
1100.479 1092.906
1155.025 1092.906
1209.570 1092.906
1264.116 1092.906
1318.661 1092.906
1373.206 1092.906
1427.752 1092.906
1482.297 1092.906
1536.843 1092.906
1591.388 1092.906
1645.934 1092.906
1700.479 1092.906
1755.025 1092.906
1809.570 1092.906
282.297 1147.452
336.843 1147.452
391.388 1147.452
445.934 1147.452
500.479 1147.452
555.025 1147.452
609.570 1147.452
664.116 1147.452
718.661 1147.452
773.206 1147.452
827.752 1147.452
882.297 1147.452
936.843 1147.452
991.388 1147.452
1045.934 1147.452
1100.479 1147.452
1155.025 1147.452
1209.570 1147.452
1264.116 1147.452
1318.661 1147.452
1373.206 1147.452
1427.752 1147.452
1482.297 1147.452
1536.843 1147.452
1591.388 1147.452
1645.934 1147.452
1700.479 1147.452
1755.025 1147.452
1809.570 1147.452
282.297 1201.997
336.843 1201.997
391.388 1201.997
445.934 1201.997
500.479 1201.997
555.025 1201.997
609.570 1201.997
664.116 1201.997
718.661 1201.997
773.206 1201.997
827.752 1201.997
882.297 1201.997
936.843 1201.997
991.388 1201.997
1045.934 1201.997
1100.479 1201.997
1155.025 1201.997
1209.570 1201.997
1264.116 1201.997
1318.661 1201.997
1373.206 1201.997
1427.752 1201.997
1482.297 1201.997
1536.843 1201.997
1591.388 1201.997
1645.934 1201.997
1700.479 1201.997
1755.025 1201.997
1809.570 1201.997
282.297 1256.542
336.843 1256.542
391.388 1256.542
445.934 1256.542
500.479 1256.542
555.025 1256.542
609.570 1256.542
664.116 1256.542
718.661 1256.542
773.206 1256.542
827.752 1256.542
882.297 1256.542
936.843 1256.542
991.388 1256.542
1045.934 1256.542
1100.479 1256.542
1155.025 1256.542
1209.570 1256.542
1264.116 1256.542
1318.661 1256.542
1373.206 1256.542
1427.752 1256.542
1482.297 1256.542
1536.843 1256.542
1591.388 1256.542
1645.934 1256.542
1700.479 1256.542
1755.025 1256.542
1809.570 1256.542
282.297 1311.088
336.843 1311.088
391.388 1311.088
445.934 1311.088
500.479 1311.088
555.025 1311.088
609.570 1311.088
664.116 1311.088
718.661 1311.088
773.206 1311.088
827.752 1311.088
882.297 1311.088
936.843 1311.088
991.388 1311.088
1045.934 1311.088
1100.479 1311.088
1155.025 1311.088
1209.570 1311.088
1264.116 1311.088
1318.661 1311.088
1373.206 1311.088
1427.752 1311.088
1482.297 1311.088
1536.843 1311.088
1591.388 1311.088
1645.934 1311.088
1700.479 1311.088
1755.025 1311.088
1809.570 1311.088
336.843 1365.633
391.388 1365.633
445.934 1365.633
500.479 1365.633
555.025 1365.633
609.570 1365.633
664.116 1365.633
718.661 1365.633
773.206 1365.633
827.752 1365.633
882.297 1365.633
936.843 1365.633
991.388 1365.633
1045.934 1365.633
1100.479 1365.633
1155.025 1365.633
1209.570 1365.633
1264.116 1365.633
1318.661 1365.633
1373.206 1365.633
1427.752 1365.633
1482.297 1365.633
1536.843 1365.633
1591.388 1365.633
1645.934 1365.633
1700.479 1365.633
1755.025 1365.633
336.843 1420.179
391.388 1420.179
445.934 1420.179
500.479 1420.179
555.025 1420.179
609.570 1420.179
664.116 1420.179
718.661 1420.179
773.206 1420.179
827.752 1420.179
882.297 1420.179
936.843 1420.179
991.388 1420.179
1045.934 1420.179
1100.479 1420.179
1155.025 1420.179
1209.570 1420.179
1264.116 1420.179
1318.661 1420.179
1373.206 1420.179
1427.752 1420.179
1482.297 1420.179
1536.843 1420.179
1591.388 1420.179
1645.934 1420.179
1700.479 1420.179
1755.025 1420.179
391.388 1474.724
445.934 1474.724
500.479 1474.724
555.025 1474.724
609.570 1474.724
664.116 1474.724
718.661 1474.724
773.206 1474.724
827.752 1474.724
882.297 1474.724
936.843 1474.724
991.388 1474.724
1045.934 1474.724
1100.479 1474.724
1155.025 1474.724
1209.570 1474.724
1264.116 1474.724
1318.661 1474.724
1373.206 1474.724
1427.752 1474.724
1482.297 1474.724
1536.843 1474.724
1591.388 1474.724
1645.934 1474.724
1700.479 1474.724
445.934 1529.270
500.479 1529.270
555.025 1529.270
609.570 1529.270
664.116 1529.270
718.661 1529.270
773.206 1529.270
827.752 1529.270
882.297 1529.270
936.843 1529.270
991.388 1529.270
1045.934 1529.270
1100.479 1529.270
1155.025 1529.270
1209.570 1529.270
1264.116 1529.270
1318.661 1529.270
1373.206 1529.270
1427.752 1529.270
1482.297 1529.270
1536.843 1529.270
1591.388 1529.270
1645.934 1529.270
500.479 1583.815
555.025 1583.815
609.570 1583.815
664.116 1583.815
718.661 1583.815
773.206 1583.815
827.752 1583.815
882.297 1583.815
936.843 1583.815
991.388 1583.815
1045.934 1583.815
1100.479 1583.815
1155.025 1583.815
1209.570 1583.815
1264.116 1583.815
1318.661 1583.815
1373.206 1583.815
1427.752 1583.815
1482.297 1583.815
1536.843 1583.815
1591.388 1583.815
555.025 1638.361
609.570 1638.361
664.116 1638.361
718.661 1638.361
773.206 1638.361
827.752 1638.361
882.297 1638.361
936.843 1638.361
991.388 1638.361
1045.934 1638.361
1100.479 1638.361
1155.025 1638.361
1209.570 1638.361
1264.116 1638.361
1318.661 1638.361
1373.206 1638.361
1427.752 1638.361
1482.297 1638.361
1536.843 1638.361
609.570 1692.906
664.116 1692.906
718.661 1692.906
773.206 1692.906
827.752 1692.906
882.297 1692.906
936.843 1692.906
991.388 1692.906
1045.934 1692.906
1100.479 1692.906
1155.025 1692.906
1209.570 1692.906
1264.116 1692.906
1318.661 1692.906
1373.206 1692.906
1427.752 1692.906
1482.297 1692.906
718.661 1747.452
773.206 1747.452
827.752 1747.452
882.297 1747.452
936.843 1747.452
991.388 1747.452
1045.934 1747.452
1100.479 1747.452
1155.025 1747.452
1209.570 1747.452
1264.116 1747.452
1318.661 1747.452
1373.206 1747.452
