709.224 221.044
763.769 221.044
818.315 221.044
872.860 221.044
927.406 221.044
981.951 221.044
1036.497 221.044
1091.042 221.044
1145.587 221.044
1200.133 221.044
1254.678 221.044
1309.224 221.044
1363.769 221.044
600.133 275.589
654.678 275.589
709.224 275.589
763.769 275.589
818.315 275.589
872.860 275.589
927.406 275.589
981.951 275.589
1036.497 275.589
1091.042 275.589
1145.587 275.589
1200.133 275.589
1254.678 275.589
1309.224 275.589
1363.769 275.589
1418.315 275.589
1472.860 275.589
545.587 330.135
600.133 330.135
654.678 330.135
709.224 330.135
763.769 330.135
818.315 330.135
872.860 330.135
927.406 330.135
981.951 330.135
1036.497 330.135
1091.042 330.135
1145.587 330.135
1200.133 330.135
1254.678 330.135
1309.224 330.135
1363.769 330.135
1418.315 330.135
1472.860 330.135
1527.406 330.135
491.042 384.680
545.587 384.680
600.133 384.680
654.678 384.680
709.224 384.680
763.769 384.680
818.315 384.680
872.860 384.680
927.406 384.680
981.951 384.680
1036.497 384.680
1091.042 384.680
1145.587 384.680
1200.133 384.680
1254.678 384.680
1309.224 384.680
1363.769 384.680
1418.315 384.680
1472.860 384.680
1527.406 384.680
1581.951 384.680
436.497 439.226
491.042 439.226
545.587 439.226
600.133 439.226
654.678 439.226
709.224 439.226
763.769 439.226
818.315 439.226
872.860 439.226
927.406 439.226
981.951 439.226
1036.497 439.226
1091.042 439.226
1145.587 439.226
1200.133 439.226
1254.678 439.226
1309.224 439.226
1363.769 439.226
1418.315 439.226
1472.860 439.226
1527.406 439.226
1581.951 439.226
1636.497 439.226
381.951 493.771
436.497 493.771
491.042 493.771
545.587 493.771
600.133 493.771
654.678 493.771
709.224 493.771
763.769 493.771
818.315 493.771
872.860 493.771
927.406 493.771
981.951 493.771
1036.497 493.771
1091.042 493.771
1145.587 493.771
1200.133 493.771
1254.678 493.771
1309.224 493.771
1363.769 493.771
1418.315 493.771
1472.860 493.771
1527.406 493.771
1581.951 493.771
1636.497 493.771
1691.042 493.771
327.406 548.317
381.951 548.317
436.497 548.317
491.042 548.317
545.587 548.317
600.133 548.317
654.678 548.317
709.224 548.317
763.769 548.317
818.315 548.317
872.860 548.317
927.406 548.317
981.951 548.317
1036.497 548.317
1091.042 548.317
1145.587 548.317
1200.133 548.317
1254.678 548.317
1309.224 548.317
1363.769 548.317
1418.315 548.317
1472.860 548.317
1527.406 548.317
1581.951 548.317
1636.497 548.317
1691.042 548.317
1745.587 548.317
327.406 602.862
381.951 602.862
436.497 602.862
491.042 602.862
545.587 602.862
600.133 602.862
654.678 602.862
709.224 602.862
763.769 602.862
818.315 602.862
872.860 602.862
927.406 602.862
981.951 602.862
1036.497 602.862
1091.042 602.862
1145.587 602.862
1200.133 602.862
1254.678 602.862
1309.224 602.862
1363.769 602.862
1418.315 602.862
1472.860 602.862
1527.406 602.862
1581.951 602.862
1636.497 602.862
1691.042 602.862
1745.587 602.862
272.860 657.408
327.406 657.408
381.951 657.408
436.497 657.408
491.042 657.408
545.587 657.408
600.133 657.408
654.678 657.408
709.224 657.408
763.769 657.408
818.315 657.408
872.860 657.408
927.406 657.408
981.951 657.408
1036.497 657.408
1091.042 657.408
1145.587 657.408
1200.133 657.408
1254.678 657.408
1309.224 657.408
1363.769 657.408
1418.315 657.408
1472.860 657.408
1527.406 657.408
1581.951 657.408
1636.497 657.408
1691.042 657.408
1745.587 657.408
1800.133 657.408
272.860 711.953
327.406 711.953
381.951 711.953
436.497 711.953
491.042 711.953
545.587 711.953
600.133 711.953
654.678 711.953
709.224 711.953
763.769 711.953
818.315 711.953
872.860 711.953
927.406 711.953
981.951 711.953
1036.497 711.953
1091.042 711.953
1145.587 711.953
1200.133 711.953
1254.678 711.953
1309.224 711.953
1363.769 711.953
1418.315 711.953
1472.860 711.953
1527.406 711.953
1581.951 711.953
1636.497 711.953
1691.042 711.953
1745.587 711.953
1800.133 711.953
272.860 766.499
327.406 766.499
381.951 766.499
436.497 766.499
491.042 766.499
545.587 766.499
600.133 766.499
654.678 766.499
709.224 766.499
763.769 766.499
818.315 766.499
872.860 766.499
927.406 766.499
981.951 766.499
1036.497 766.499
1091.042 766.499
1145.587 766.499
1200.133 766.499
1254.678 766.499
1309.224 766.499
1363.769 766.499
1418.315 766.499
1472.860 766.499
1527.406 766.499
1581.951 766.499
1636.497 766.499
1691.042 766.499
1745.587 766.499
1800.133 766.499
272.860 821.044
327.406 821.044
381.951 821.044
436.497 821.044
491.042 821.044
545.587 821.044
600.133 821.044
654.678 821.044
709.224 821.044
763.769 821.044
818.315 821.044
872.860 821.044
927.406 821.044
981.951 821.044
1036.497 821.044
1091.042 821.044
1145.587 821.044
1200.133 821.044
1254.678 821.044
1309.224 821.044
1363.769 821.044
1418.315 821.044
1472.860 821.044
1527.406 821.044
1581.951 821.044
1636.497 821.044
1691.042 821.044
1745.587 821.044
1800.133 821.044
272.860 875.589
327.406 875.589
381.951 875.589
436.497 875.589
491.042 875.589
545.587 875.589
600.133 875.589
654.678 875.589
709.224 875.589
763.769 875.589
818.315 875.589
872.860 875.589
927.406 875.589
981.951 875.589
1036.497 875.589
1091.042 875.589
1145.587 875.589
1200.133 875.589
1254.678 875.589
1309.224 875.589
1363.769 875.589
1418.315 875.589
1472.860 875.589
1527.406 875.589
1581.951 875.589
1636.497 875.589
1691.042 875.589
1745.587 875.589
1800.133 875.589
272.860 930.135
327.406 930.135
381.951 930.135
436.497 930.135
491.042 930.135
545.587 930.135
600.133 930.135
654.678 930.135
709.224 930.135
763.769 930.135
818.315 930.135
872.860 930.135
927.406 930.135
981.951 930.135
1036.497 930.135
1091.042 930.135
1145.587 930.135
1200.133 930.135
1254.678 930.135
1309.224 930.135
1363.769 930.135
1418.315 930.135
1472.860 930.135
1527.406 930.135
1581.951 930.135
1636.497 930.135
1691.042 930.135
1745.587 930.135
1800.133 930.135
272.860 984.680
327.406 984.680
381.951 984.680
436.497 984.680
491.042 984.680
545.587 984.680
600.133 984.680
654.678 984.680
709.224 984.680
763.769 984.680
818.315 984.680
872.860 984.680
927.406 984.680
981.951 984.680
1036.497 984.680
1091.042 984.680
1145.587 984.680
1200.133 984.680
1254.678 984.680
1309.224 984.680
1363.769 984.680
1418.315 984.680
1472.860 984.680
1527.406 984.680
1581.951 984.680
1636.497 984.680
1691.042 984.680
1745.587 984.680
1800.133 984.680
272.860 1039.226
327.406 1039.226
381.951 1039.226
436.497 1039.226
491.042 1039.226
545.587 1039.226
600.133 1039.226
654.678 1039.226
709.224 1039.226
763.769 1039.226
818.315 1039.226
872.860 1039.226
927.406 1039.226
981.951 1039.226
1036.497 1039.226
1091.042 1039.226
1145.587 1039.226
1200.133 1039.226
1254.678 1039.226
1309.224 1039.226
1363.769 1039.226
1418.315 1039.226
1472.860 1039.226
1527.406 1039.226
1581.951 1039.226
1636.497 1039.226
1691.042 1039.226
1745.587 1039.226
1800.133 1039.226
272.860 1093.771
327.406 1093.771
381.951 1093.771
436.497 1093.771
491.042 1093.771
545.587 1093.771
600.133 1093.771
654.678 1093.771
709.224 1093.771
763.769 1093.771
818.315 1093.771
872.860 1093.771
927.406 1093.771
981.951 1093.771
1036.497 1093.771
1091.042 1093.771
1145.587 1093.771
1200.133 1093.771
1254.678 1093.771
1309.224 1093.771
1363.769 1093.771
1418.315 1093.771
1472.860 1093.771
1527.406 1093.771
1581.951 1093.771
1636.497 1093.771
1691.042 1093.771
1745.587 1093.771
1800.133 1093.771
272.860 1148.317
327.406 1148.317
381.951 1148.317
436.497 1148.317
491.042 1148.317
545.587 1148.317
600.133 1148.317
654.678 1148.317
709.224 1148.317
763.769 1148.317
818.315 1148.317
872.860 1148.317
927.406 1148.317
981.951 1148.317
1036.497 1148.317
1091.042 1148.317
1145.587 1148.317
1200.133 1148.317
1254.678 1148.317
1309.224 1148.317
1363.769 1148.317
1418.315 1148.317
1472.860 1148.317
1527.406 1148.317
1581.951 1148.317
1636.497 1148.317
1691.042 1148.317
1745.587 1148.317
1800.133 1148.317
272.860 1202.862
327.406 1202.862
381.951 1202.862
436.497 1202.862
491.042 1202.862
545.587 1202.862
600.133 1202.862
654.678 1202.862
709.224 1202.862
763.769 1202.862
818.315 1202.862
872.860 1202.862
927.406 1202.862
981.951 1202.862
1036.497 1202.862
1091.042 1202.862
1145.587 1202.862
1200.133 1202.862
1254.678 1202.862
1309.224 1202.862
1363.769 1202.862
1418.315 1202.862
1472.860 1202.862
1527.406 1202.862
1581.951 1202.862
1636.497 1202.862
1691.042 1202.862
1745.587 1202.862
1800.133 1202.862
272.860 1257.408
327.406 1257.408
381.951 1257.408
436.497 1257.408
491.042 1257.408
545.587 1257.408
600.133 1257.408
654.678 1257.408
709.224 1257.408
763.769 1257.408
818.315 1257.408
872.860 1257.408
927.406 1257.408
981.951 1257.408
1036.497 1257.408
1091.042 1257.408
1145.587 1257.408
1200.133 1257.408
1254.678 1257.408
1309.224 1257.408
1363.769 1257.408
1418.315 1257.408
1472.860 1257.408
1527.406 1257.408
1581.951 1257.408
1636.497 1257.408
1691.042 1257.408
1745.587 1257.408
1800.133 1257.408
272.860 1311.953
327.406 1311.953
381.951 1311.953
436.497 1311.953
491.042 1311.953
545.587 1311.953
600.133 1311.953
654.678 1311.953
709.224 1311.953
763.769 1311.953
818.315 1311.953
872.860 1311.953
927.406 1311.953
981.951 1311.953
1036.497 1311.953
1091.042 1311.953
1145.587 1311.953
1200.133 1311.953
1254.678 1311.953
1309.224 1311.953
1363.769 1311.953
1418.315 1311.953
1472.860 1311.953
1527.406 1311.953
1581.951 1311.953
1636.497 1311.953
1691.042 1311.953
1745.587 1311.953
1800.133 1311.953
327.406 1366.499
381.951 1366.499
436.497 1366.499
491.042 1366.499
545.587 1366.499
600.133 1366.499
654.678 1366.499
709.224 1366.499
763.769 1366.499
818.315 1366.499
872.860 1366.499
927.406 1366.499
981.951 1366.499
1036.497 1366.499
1091.042 1366.499
1145.587 1366.499
1200.133 1366.499
1254.678 1366.499
1309.224 1366.499
1363.769 1366.499
1418.315 1366.499
1472.860 1366.499
1527.406 1366.499
1581.951 1366.499
1636.497 1366.499
1691.042 1366.499
1745.587 1366.499
327.406 1421.044
381.951 1421.044
436.497 1421.044
491.042 1421.044
545.587 1421.044
600.133 1421.044
654.678 1421.044
709.224 1421.044
763.769 1421.044
818.315 1421.044
872.860 1421.044
927.406 1421.044
981.951 1421.044
1036.497 1421.044
1091.042 1421.044
1145.587 1421.044
1200.133 1421.044
1254.678 1421.044
1309.224 1421.044
1363.769 1421.044
1418.315 1421.044
1472.860 1421.044
1527.406 1421.044
1581.951 1421.044
1636.497 1421.044
1691.042 1421.044
1745.587 1421.044
381.951 1475.589
436.497 1475.589
491.042 1475.589
545.587 1475.589
600.133 1475.589
654.678 1475.589
709.224 1475.589
763.769 1475.589
818.315 1475.589
872.860 1475.589
927.406 1475.589
981.951 1475.589
1036.497 1475.589
1091.042 1475.589
1145.587 1475.589
1200.133 1475.589
1254.678 1475.589
1309.224 1475.589
1363.769 1475.589
1418.315 1475.589
1472.860 1475.589
1527.406 1475.589
1581.951 1475.589
1636.497 1475.589
1691.042 1475.589
436.497 1530.135
491.042 1530.135
545.587 1530.135
600.133 1530.135
654.678 1530.135
709.224 1530.135
763.769 1530.135
818.315 1530.135
872.860 1530.135
927.406 1530.135
981.951 1530.135
1036.497 1530.135
1091.042 1530.135
1145.587 1530.135
1200.133 1530.135
1254.678 1530.135
1309.224 1530.135
1363.769 1530.135
1418.315 1530.135
1472.860 1530.135
1527.406 1530.135
1581.951 1530.135
1636.497 1530.135
491.042 1584.680
545.587 1584.680
600.133 1584.680
654.678 1584.680
709.224 1584.680
763.769 1584.680
818.315 1584.680
872.860 1584.680
927.406 1584.680
981.951 1584.680
1036.497 1584.680
1091.042 1584.680
1145.587 1584.680
1200.133 1584.680
1254.678 1584.680
1309.224 1584.680
1363.769 1584.680
1418.315 1584.680
1472.860 1584.680
1527.406 1584.680
1581.951 1584.680
545.587 1639.226
600.133 1639.226
654.678 1639.226
709.224 1639.226
763.769 1639.226
818.315 1639.226
872.860 1639.226
927.406 1639.226
981.951 1639.226
1036.497 1639.226
1091.042 1639.226
1145.587 1639.226
1200.133 1639.226
1254.678 1639.226
1309.224 1639.226
1363.769 1639.226
1418.315 1639.226
1472.860 1639.226
1527.406 1639.226
600.133 1693.771
654.678 1693.771
709.224 1693.771
763.769 1693.771
818.315 1693.771
872.860 1693.771
927.406 1693.771
981.951 1693.771
1036.497 1693.771
1091.042 1693.771
1145.587 1693.771
1200.133 1693.771
1254.678 1693.771
1309.224 1693.771
1363.769 1693.771
1418.315 1693.771
1472.860 1693.771
709.224 1748.317
763.769 1748.317
818.315 1748.317
872.860 1748.317
927.406 1748.317
981.951 1748.317
1036.497 1748.317
1091.042 1748.317
1145.587 1748.317
1200.133 1748.317
1254.678 1748.317
1309.224 1748.317
1363.769 1748.317
