708.766 220.955
763.312 220.955
817.857 220.955
872.403 220.955
926.948 220.955
981.494 220.955
1036.039 220.955
1090.584 220.955
1145.130 220.955
1199.675 220.955
1254.221 220.955
1308.766 220.955
1363.312 220.955
599.675 275.500
654.221 275.500
708.766 275.500
763.312 275.500
817.857 275.500
872.403 275.500
926.948 275.500
981.494 275.500
1036.039 275.500
1090.584 275.500
1145.130 275.500
1199.675 275.500
1254.221 275.500
1308.766 275.500
1363.312 275.500
1417.857 275.500
1472.403 275.500
545.130 330.046
599.675 330.046
654.221 330.046
708.766 330.046
763.312 330.046
817.857 330.046
872.403 330.046
926.948 330.046
981.494 330.046
1036.039 330.046
1090.584 330.046
1145.130 330.046
1199.675 330.046
1254.221 330.046
1308.766 330.046
1363.312 330.046
1417.857 330.046
1472.403 330.046
1526.948 330.046
490.584 384.591
545.130 384.591
599.675 384.591
654.221 384.591
708.766 384.591
763.312 384.591
817.857 384.591
872.403 384.591
926.948 384.591
981.494 384.591
1036.039 384.591
1090.584 384.591
1145.130 384.591
1199.675 384.591
1254.221 384.591
1308.766 384.591
1363.312 384.591
1417.857 384.591
1472.403 384.591
1526.948 384.591
1581.494 384.591
436.039 439.136
490.584 439.136
545.130 439.136
599.675 439.136
654.221 439.136
708.766 439.136
763.312 439.136
817.857 439.136
872.403 439.136
926.948 439.136
981.494 439.136
1036.039 439.136
1090.584 439.136
1145.130 439.136
1199.675 439.136
1254.221 439.136
1308.766 439.136
1363.312 439.136
1417.857 439.136
1472.403 439.136
1526.948 439.136
1581.494 439.136
1636.039 439.136
381.494 493.682
436.039 493.682
490.584 493.682
545.130 493.682
599.675 493.682
654.221 493.682
708.766 493.682
763.312 493.682
817.857 493.682
872.403 493.682
926.948 493.682
981.494 493.682
1036.039 493.682
1090.584 493.682
1145.130 493.682
1199.675 493.682
1254.221 493.682
1308.766 493.682
1363.312 493.682
1417.857 493.682
1472.403 493.682
1526.948 493.682
1581.494 493.682
1636.039 493.682
1690.584 493.682
326.948 548.227
381.494 548.227
436.039 548.227
490.584 548.227
545.130 548.227
599.675 548.227
654.221 548.227
708.766 548.227
763.312 548.227
817.857 548.227
872.403 548.227
926.948 548.227
981.494 548.227
1036.039 548.227
1090.584 548.227
1145.130 548.227
1199.675 548.227
1254.221 548.227
1308.766 548.227
1363.312 548.227
1417.857 548.227
1472.403 548.227
1526.948 548.227
1581.494 548.227
1636.039 548.227
1690.584 548.227
1745.130 548.227
326.948 602.773
381.494 602.773
436.039 602.773
490.584 602.773
545.130 602.773
599.675 602.773
654.221 602.773
708.766 602.773
763.312 602.773
817.857 602.773
872.403 602.773
926.948 602.773
981.494 602.773
1036.039 602.773
1090.584 602.773
1145.130 602.773
1199.675 602.773
1254.221 602.773
1308.766 602.773
1363.312 602.773
1417.857 602.773
1472.403 602.773
1526.948 602.773
1581.494 602.773
1636.039 602.773
1690.584 602.773
1745.130 602.773
272.403 657.318
326.948 657.318
381.494 657.318
436.039 657.318
490.584 657.318
545.130 657.318
599.675 657.318
654.221 657.318
708.766 657.318
763.312 657.318
817.857 657.318
872.403 657.318
926.948 657.318
981.494 657.318
1036.039 657.318
1090.584 657.318
1145.130 657.318
1199.675 657.318
1254.221 657.318
1308.766 657.318
1363.312 657.318
1417.857 657.318
1472.403 657.318
1526.948 657.318
1581.494 657.318
1636.039 657.318
1690.584 657.318
1745.130 657.318
1799.675 657.318
272.403 711.864
326.948 711.864
381.494 711.864
436.039 711.864
490.584 711.864
545.130 711.864
599.675 711.864
654.221 711.864
708.766 711.864
763.312 711.864
817.857 711.864
872.403 711.864
926.948 711.864
981.494 711.864
1036.039 711.864
1090.584 711.864
1145.130 711.864
1199.675 711.864
1254.221 711.864
1308.766 711.864
1363.312 711.864
1417.857 711.864
1472.403 711.864
1526.948 711.864
1581.494 711.864
1636.039 711.864
1690.584 711.864
1745.130 711.864
1799.675 711.864
272.403 766.409
326.948 766.409
381.494 766.409
436.039 766.409
490.584 766.409
545.130 766.409
599.675 766.409
654.221 766.409
708.766 766.409
763.312 766.409
817.857 766.409
872.403 766.409
926.948 766.409
981.494 766.409
1036.039 766.409
1090.584 766.409
1145.130 766.409
1199.675 766.409
1254.221 766.409
1308.766 766.409
1363.312 766.409
1417.857 766.409
1472.403 766.409
1526.948 766.409
1581.494 766.409
1636.039 766.409
1690.584 766.409
1745.130 766.409
1799.675 766.409
272.403 820.955
326.948 820.955
381.494 820.955
436.039 820.955
490.584 820.955
545.130 820.955
599.675 820.955
654.221 820.955
708.766 820.955
763.312 820.955
817.857 820.955
872.403 820.955
926.948 820.955
981.494 820.955
1036.039 820.955
1090.584 820.955
1145.130 820.955
1199.675 820.955
1254.221 820.955
1308.766 820.955
1363.312 820.955
1417.857 820.955
1472.403 820.955
1526.948 820.955
1581.494 820.955
1636.039 820.955
1690.584 820.955
1745.130 820.955
1799.675 820.955
272.403 875.500
326.948 875.500
381.494 875.500
436.039 875.500
490.584 875.500
545.130 875.500
599.675 875.500
654.221 875.500
708.766 875.500
763.312 875.500
817.857 875.500
872.403 875.500
926.948 875.500
981.494 875.500
1036.039 875.500
1090.584 875.500
1145.130 875.500
1199.675 875.500
1254.221 875.500
1308.766 875.500
1363.312 875.500
1417.857 875.500
1472.403 875.500
1526.948 875.500
1581.494 875.500
1636.039 875.500
1690.584 875.500
1745.130 875.500
1799.675 875.500
272.403 930.046
326.948 930.046
381.494 930.046
436.039 930.046
490.584 930.046
545.130 930.046
599.675 930.046
654.221 930.046
708.766 930.046
763.312 930.046
817.857 930.046
872.403 930.046
926.948 930.046
981.494 930.046
1036.039 930.046
1090.584 930.046
1145.130 930.046
1199.675 930.046
1254.221 930.046
1308.766 930.046
1363.312 930.046
1417.857 930.046
1472.403 930.046
1526.948 930.046
1581.494 930.046
1636.039 930.046
1690.584 930.046
1745.130 930.046
1799.675 930.046
272.403 984.591
326.948 984.591
381.494 984.591
436.039 984.591
490.584 984.591
545.130 984.591
599.675 984.591
654.221 984.591
708.766 984.591
763.312 984.591
817.857 984.591
872.403 984.591
926.948 984.591
981.494 984.591
1036.039 984.591
1090.584 984.591
1145.130 984.591
1199.675 984.591
1254.221 984.591
1308.766 984.591
1363.312 984.591
1417.857 984.591
1472.403 984.591
1526.948 984.591
1581.494 984.591
1636.039 984.591
1690.584 984.591
1745.130 984.591
1799.675 984.591
272.403 1039.136
326.948 1039.136
381.494 1039.136
436.039 1039.136
490.584 1039.136
545.130 1039.136
599.675 1039.136
654.221 1039.136
708.766 1039.136
763.312 1039.136
817.857 1039.136
872.403 1039.136
926.948 1039.136
981.494 1039.136
1036.039 1039.136
1090.584 1039.136
1145.130 1039.136
1199.675 1039.136
1254.221 1039.136
1308.766 1039.136
1363.312 1039.136
1417.857 1039.136
1472.403 1039.136
1526.948 1039.136
1581.494 1039.136
1636.039 1039.136
1690.584 1039.136
1745.130 1039.136
1799.675 1039.136
272.403 1093.682
326.948 1093.682
381.494 1093.682
436.039 1093.682
490.584 1093.682
545.130 1093.682
599.675 1093.682
654.221 1093.682
708.766 1093.682
763.312 1093.682
817.857 1093.682
872.403 1093.682
926.948 1093.682
981.494 1093.682
1036.039 1093.682
1090.584 1093.682
1145.130 1093.682
1199.675 1093.682
1254.221 1093.682
1308.766 1093.682
1363.312 1093.682
1417.857 1093.682
1472.403 1093.682
1526.948 1093.682
1581.494 1093.682
1636.039 1093.682
1690.584 1093.682
1745.130 1093.682
1799.675 1093.682
272.403 1148.227
326.948 1148.227
381.494 1148.227
436.039 1148.227
490.584 1148.227
545.130 1148.227
599.675 1148.227
654.221 1148.227
708.766 1148.227
763.312 1148.227
817.857 1148.227
872.403 1148.227
926.948 1148.227
981.494 1148.227
1036.039 1148.227
1090.584 1148.227
1145.130 1148.227
1199.675 1148.227
1254.221 1148.227
1308.766 1148.227
1363.312 1148.227
1417.857 1148.227
1472.403 1148.227
1526.948 1148.227
1581.494 1148.227
1636.039 1148.227
1690.584 1148.227
1745.130 1148.227
1799.675 1148.227
272.403 1202.773
326.948 1202.773
381.494 1202.773
436.039 1202.773
490.584 1202.773
545.130 1202.773
599.675 1202.773
654.221 1202.773
708.766 1202.773
763.312 1202.773
817.857 1202.773
872.403 1202.773
926.948 1202.773
981.494 1202.773
1036.039 1202.773
1090.584 1202.773
1145.130 1202.773
1199.675 1202.773
1254.221 1202.773
1308.766 1202.773
1363.312 1202.773
1417.857 1202.773
1472.403 1202.773
1526.948 1202.773
1581.494 1202.773
1636.039 1202.773
1690.584 1202.773
1745.130 1202.773
1799.675 1202.773
272.403 1257.318
326.948 1257.318
381.494 1257.318
436.039 1257.318
490.584 1257.318
545.130 1257.318
599.675 1257.318
654.221 1257.318
708.766 1257.318
763.312 1257.318
817.857 1257.318
872.403 1257.318
926.948 1257.318
981.494 1257.318
1036.039 1257.318
1090.584 1257.318
1145.130 1257.318
1199.675 1257.318
1254.221 1257.318
1308.766 1257.318
1363.312 1257.318
1417.857 1257.318
1472.403 1257.318
1526.948 1257.318
1581.494 1257.318
1636.039 1257.318
1690.584 1257.318
1745.130 1257.318
1799.675 1257.318
272.403 1311.864
326.948 1311.864
381.494 1311.864
436.039 1311.864
490.584 1311.864
545.130 1311.864
599.675 1311.864
654.221 1311.864
708.766 1311.864
763.312 1311.864
817.857 1311.864
872.403 1311.864
926.948 1311.864
981.494 1311.864
1036.039 1311.864
1090.584 1311.864
1145.130 1311.864
1199.675 1311.864
1254.221 1311.864
1308.766 1311.864
1363.312 1311.864
1417.857 1311.864
1472.403 1311.864
1526.948 1311.864
1581.494 1311.864
1636.039 1311.864
1690.584 1311.864
1745.130 1311.864
1799.675 1311.864
326.948 1366.409
381.494 1366.409
436.039 1366.409
490.584 1366.409
545.130 1366.409
599.675 1366.409
654.221 1366.409
708.766 1366.409
763.312 1366.409
817.857 1366.409
872.403 1366.409
926.948 1366.409
981.494 1366.409
1036.039 1366.409
1090.584 1366.409
1145.130 1366.409
1199.675 1366.409
1254.221 1366.409
1308.766 1366.409
1363.312 1366.409
1417.857 1366.409
1472.403 1366.409
1526.948 1366.409
1581.494 1366.409
1636.039 1366.409
1690.584 1366.409
1745.130 1366.409
326.948 1420.955
381.494 1420.955
436.039 1420.955
490.584 1420.955
545.130 1420.955
599.675 1420.955
654.221 1420.955
708.766 1420.955
763.312 1420.955
817.857 1420.955
872.403 1420.955
926.948 1420.955
981.494 1420.955
1036.039 1420.955
1090.584 1420.955
1145.130 1420.955
1199.675 1420.955
1254.221 1420.955
1308.766 1420.955
1363.312 1420.955
1417.857 1420.955
1472.403 1420.955
1526.948 1420.955
1581.494 1420.955
1636.039 1420.955
1690.584 1420.955
1745.130 1420.955
381.494 1475.500
436.039 1475.500
490.584 1475.500
545.130 1475.500
599.675 1475.500
654.221 1475.500
708.766 1475.500
763.312 1475.500
817.857 1475.500
872.403 1475.500
926.948 1475.500
981.494 1475.500
1036.039 1475.500
1090.584 1475.500
1145.130 1475.500
1199.675 1475.500
1254.221 1475.500
1308.766 1475.500
1363.312 1475.500
1417.857 1475.500
1472.403 1475.500
1526.948 1475.500
1581.494 1475.500
1636.039 1475.500
1690.584 1475.500
436.039 1530.046
490.584 1530.046
545.130 1530.046
599.675 1530.046
654.221 1530.046
708.766 1530.046
763.312 1530.046
817.857 1530.046
872.403 1530.046
926.948 1530.046
981.494 1530.046
1036.039 1530.046
1090.584 1530.046
1145.130 1530.046
1199.675 1530.046
1254.221 1530.046
1308.766 1530.046
1363.312 1530.046
1417.857 1530.046
1472.403 1530.046
1526.948 1530.046
1581.494 1530.046
1636.039 1530.046
490.584 1584.591
545.130 1584.591
599.675 1584.591
654.221 1584.591
708.766 1584.591
763.312 1584.591
817.857 1584.591
872.403 1584.591
926.948 1584.591
981.494 1584.591
1036.039 1584.591
1090.584 1584.591
1145.130 1584.591
1199.675 1584.591
1254.221 1584.591
1308.766 1584.591
1363.312 1584.591
1417.857 1584.591
1472.403 1584.591
1526.948 1584.591
1581.494 1584.591
545.130 1639.136
599.675 1639.136
654.221 1639.136
708.766 1639.136
763.312 1639.136
817.857 1639.136
872.403 1639.136
926.948 1639.136
981.494 1639.136
1036.039 1639.136
1090.584 1639.136
1145.130 1639.136
1199.675 1639.136
1254.221 1639.136
1308.766 1639.136
1363.312 1639.136
1417.857 1639.136
1472.403 1639.136
1526.948 1639.136
599.675 1693.682
654.221 1693.682
708.766 1693.682
763.312 1693.682
817.857 1693.682
872.403 1693.682
926.948 1693.682
981.494 1693.682
1036.039 1693.682
1090.584 1693.682
1145.130 1693.682
1199.675 1693.682
1254.221 1693.682
1308.766 1693.682
1363.312 1693.682
1417.857 1693.682
1472.403 1693.682
708.766 1748.227
763.312 1748.227
817.857 1748.227
872.403 1748.227
926.948 1748.227
981.494 1748.227
1036.039 1748.227
1090.584 1748.227
1145.130 1748.227
1199.675 1748.227
1254.221 1748.227
1308.766 1748.227
1363.312 1748.227
