699.597 221.619
754.142 221.619
808.687 221.619
863.233 221.619
917.778 221.619
972.324 221.619
1026.869 221.619
1081.415 221.619
1135.960 221.619
1190.506 221.619
1245.051 221.619
1299.597 221.619
1354.142 221.619
590.506 276.165
645.051 276.165
699.597 276.165
754.142 276.165
808.687 276.165
863.233 276.165
917.778 276.165
972.324 276.165
1026.869 276.165
1081.415 276.165
1135.960 276.165
1190.506 276.165
1245.051 276.165
1299.597 276.165
1354.142 276.165
1408.687 276.165
1463.233 276.165
535.960 330.710
590.506 330.710
645.051 330.710
699.597 330.710
754.142 330.710
808.687 330.710
863.233 330.710
917.778 330.710
972.324 330.710
1026.869 330.710
1081.415 330.710
1135.960 330.710
1190.506 330.710
1245.051 330.710
1299.597 330.710
1354.142 330.710
1408.687 330.710
1463.233 330.710
1517.778 330.710
481.415 385.256
535.960 385.256
590.506 385.256
645.051 385.256
699.597 385.256
754.142 385.256
808.687 385.256
863.233 385.256
917.778 385.256
972.324 385.256
1026.869 385.256
1081.415 385.256
1135.960 385.256
1190.506 385.256
1245.051 385.256
1299.597 385.256
1354.142 385.256
1408.687 385.256
1463.233 385.256
1517.778 385.256
1572.324 385.256
426.869 439.801
481.415 439.801
535.960 439.801
590.506 439.801
645.051 439.801
699.597 439.801
754.142 439.801
808.687 439.801
863.233 439.801
917.778 439.801
972.324 439.801
1026.869 439.801
1081.415 439.801
1135.960 439.801
1190.506 439.801
1245.051 439.801
1299.597 439.801
1354.142 439.801
1408.687 439.801
1463.233 439.801
1517.778 439.801
1572.324 439.801
1626.869 439.801
372.324 494.346
426.869 494.346
481.415 494.346
535.960 494.346
590.506 494.346
645.051 494.346
699.597 494.346
754.142 494.346
808.687 494.346
863.233 494.346
917.778 494.346
972.324 494.346
1026.869 494.346
1081.415 494.346
1135.960 494.346
1190.506 494.346
1245.051 494.346
1299.597 494.346
1354.142 494.346
1408.687 494.346
1463.233 494.346
1517.778 494.346
1572.324 494.346
1626.869 494.346
1681.415 494.346
317.778 548.892
372.324 548.892
426.869 548.892
481.415 548.892
535.960 548.892
590.506 548.892
645.051 548.892
699.597 548.892
754.142 548.892
808.687 548.892
863.233 548.892
917.778 548.892
972.324 548.892
1026.869 548.892
1081.415 548.892
1135.960 548.892
1190.506 548.892
1245.051 548.892
1299.597 548.892
1354.142 548.892
1408.687 548.892
1463.233 548.892
1517.778 548.892
1572.324 548.892
1626.869 548.892
1681.415 548.892
1735.960 548.892
317.778 603.437
372.324 603.437
426.869 603.437
481.415 603.437
535.960 603.437
590.506 603.437
645.051 603.437
699.597 603.437
754.142 603.437
808.687 603.437
863.233 603.437
917.778 603.437
972.324 603.437
1026.869 603.437
1081.415 603.437
1135.960 603.437
1190.506 603.437
1245.051 603.437
1299.597 603.437
1354.142 603.437
1408.687 603.437
1463.233 603.437
1517.778 603.437
1572.324 603.437
1626.869 603.437
1681.415 603.437
1735.960 603.437
263.233 657.983
317.778 657.983
372.324 657.983
426.869 657.983
481.415 657.983
535.960 657.983
590.506 657.983
645.051 657.983
699.597 657.983
754.142 657.983
808.687 657.983
863.233 657.983
917.778 657.983
972.324 657.983
1026.869 657.983
1081.415 657.983
1135.960 657.983
1190.506 657.983
1245.051 657.983
1299.597 657.983
1354.142 657.983
1408.687 657.983
1463.233 657.983
1517.778 657.983
1572.324 657.983
1626.869 657.983
1681.415 657.983
1735.960 657.983
1790.506 657.983
263.233 712.528
317.778 712.528
372.324 712.528
426.869 712.528
481.415 712.528
535.960 712.528
590.506 712.528
645.051 712.528
699.597 712.528
754.142 712.528
808.687 712.528
863.233 712.528
917.778 712.528
972.324 712.528
1026.869 712.528
1081.415 712.528
1135.960 712.528
1190.506 712.528
1245.051 712.528
1299.597 712.528
1354.142 712.528
1408.687 712.528
1463.233 712.528
1517.778 712.528
1572.324 712.528
1626.869 712.528
1681.415 712.528
1735.960 712.528
1790.506 712.528
263.233 767.074
317.778 767.074
372.324 767.074
426.869 767.074
481.415 767.074
535.960 767.074
590.506 767.074
645.051 767.074
699.597 767.074
754.142 767.074
808.687 767.074
863.233 767.074
917.778 767.074
972.324 767.074
1026.869 767.074
1081.415 767.074
1135.960 767.074
1190.506 767.074
1245.051 767.074
1299.597 767.074
1354.142 767.074
1408.687 767.074
1463.233 767.074
1517.778 767.074
1572.324 767.074
1626.869 767.074
1681.415 767.074
1735.960 767.074
1790.506 767.074
263.233 821.619
317.778 821.619
372.324 821.619
426.869 821.619
481.415 821.619
535.960 821.619
590.506 821.619
645.051 821.619
699.597 821.619
754.142 821.619
808.687 821.619
863.233 821.619
917.778 821.619
972.324 821.619
1026.869 821.619
1081.415 821.619
1135.960 821.619
1190.506 821.619
1245.051 821.619
1299.597 821.619
1354.142 821.619
1408.687 821.619
1463.233 821.619
1517.778 821.619
1572.324 821.619
1626.869 821.619
1681.415 821.619
1735.960 821.619
1790.506 821.619
263.233 876.165
317.778 876.165
372.324 876.165
426.869 876.165
481.415 876.165
535.960 876.165
590.506 876.165
645.051 876.165
699.597 876.165
754.142 876.165
808.687 876.165
863.233 876.165
917.778 876.165
972.324 876.165
1026.869 876.165
1081.415 876.165
1135.960 876.165
1190.506 876.165
1245.051 876.165
1299.597 876.165
1354.142 876.165
1408.687 876.165
1463.233 876.165
1517.778 876.165
1572.324 876.165
1626.869 876.165
1681.415 876.165
1735.960 876.165
1790.506 876.165
263.233 930.710
317.778 930.710
372.324 930.710
426.869 930.710
481.415 930.710
535.960 930.710
590.506 930.710
645.051 930.710
699.597 930.710
754.142 930.710
808.687 930.710
863.233 930.710
917.778 930.710
972.324 930.710
1026.869 930.710
1081.415 930.710
1135.960 930.710
1190.506 930.710
1245.051 930.710
1299.597 930.710
1354.142 930.710
1408.687 930.710
1463.233 930.710
1517.778 930.710
1572.324 930.710
1626.869 930.710
1681.415 930.710
1735.960 930.710
1790.506 930.710
263.233 985.256
317.778 985.256
372.324 985.256
426.869 985.256
481.415 985.256
535.960 985.256
590.506 985.256
645.051 985.256
699.597 985.256
754.142 985.256
808.687 985.256
863.233 985.256
917.778 985.256
972.324 985.256
1026.869 985.256
1081.415 985.256
1135.960 985.256
1190.506 985.256
1245.051 985.256
1299.597 985.256
1354.142 985.256
1408.687 985.256
1463.233 985.256
1517.778 985.256
1572.324 985.256
1626.869 985.256
1681.415 985.256
1735.960 985.256
1790.506 985.256
263.233 1039.801
317.778 1039.801
372.324 1039.801
426.869 1039.801
481.415 1039.801
535.960 1039.801
590.506 1039.801
645.051 1039.801
699.597 1039.801
754.142 1039.801
808.687 1039.801
863.233 1039.801
917.778 1039.801
972.324 1039.801
1026.869 1039.801
1081.415 1039.801
1135.960 1039.801
1190.506 1039.801
1245.051 1039.801
1299.597 1039.801
1354.142 1039.801
1408.687 1039.801
1463.233 1039.801
1517.778 1039.801
1572.324 1039.801
1626.869 1039.801
1681.415 1039.801
1735.960 1039.801
1790.506 1039.801
263.233 1094.346
317.778 1094.346
372.324 1094.346
426.869 1094.346
481.415 1094.346
535.960 1094.346
590.506 1094.346
645.051 1094.346
699.597 1094.346
754.142 1094.346
808.687 1094.346
863.233 1094.346
917.778 1094.346
972.324 1094.346
1026.869 1094.346
1081.415 1094.346
1135.960 1094.346
1190.506 1094.346
1245.051 1094.346
1299.597 1094.346
1354.142 1094.346
1408.687 1094.346
1463.233 1094.346
1517.778 1094.346
1572.324 1094.346
1626.869 1094.346
1681.415 1094.346
1735.960 1094.346
1790.506 1094.346
263.233 1148.892
317.778 1148.892
372.324 1148.892
426.869 1148.892
481.415 1148.892
535.960 1148.892
590.506 1148.892
645.051 1148.892
699.597 1148.892
754.142 1148.892
808.687 1148.892
863.233 1148.892
917.778 1148.892
972.324 1148.892
1026.869 1148.892
1081.415 1148.892
1135.960 1148.892
1190.506 1148.892
1245.051 1148.892
1299.597 1148.892
1354.142 1148.892
1408.687 1148.892
1463.233 1148.892
1517.778 1148.892
1572.324 1148.892
1626.869 1148.892
1681.415 1148.892
1735.960 1148.892
1790.506 1148.892
263.233 1203.437
317.778 1203.437
372.324 1203.437
426.869 1203.437
481.415 1203.437
535.960 1203.437
590.506 1203.437
645.051 1203.437
699.597 1203.437
754.142 1203.437
808.687 1203.437
863.233 1203.437
917.778 1203.437
972.324 1203.437
1026.869 1203.437
1081.415 1203.437
1135.960 1203.437
1190.506 1203.437
1245.051 1203.437
1299.597 1203.437
1354.142 1203.437
1408.687 1203.437
1463.233 1203.437
1517.778 1203.437
1572.324 1203.437
1626.869 1203.437
1681.415 1203.437
1735.960 1203.437
1790.506 1203.437
263.233 1257.983
317.778 1257.983
372.324 1257.983
426.869 1257.983
481.415 1257.983
535.960 1257.983
590.506 1257.983
645.051 1257.983
699.597 1257.983
754.142 1257.983
808.687 1257.983
863.233 1257.983
917.778 1257.983
972.324 1257.983
1026.869 1257.983
1081.415 1257.983
1135.960 1257.983
1190.506 1257.983
1245.051 1257.983
1299.597 1257.983
1354.142 1257.983
1408.687 1257.983
1463.233 1257.983
1517.778 1257.983
1572.324 1257.983
1626.869 1257.983
1681.415 1257.983
1735.960 1257.983
1790.506 1257.983
263.233 1312.528
317.778 1312.528
372.324 1312.528
426.869 1312.528
481.415 1312.528
535.960 1312.528
590.506 1312.528
645.051 1312.528
699.597 1312.528
754.142 1312.528
808.687 1312.528
863.233 1312.528
917.778 1312.528
972.324 1312.528
1026.869 1312.528
1081.415 1312.528
1135.960 1312.528
1190.506 1312.528
1245.051 1312.528
1299.597 1312.528
1354.142 1312.528
1408.687 1312.528
1463.233 1312.528
1517.778 1312.528
1572.324 1312.528
1626.869 1312.528
1681.415 1312.528
1735.960 1312.528
1790.506 1312.528
317.778 1367.074
372.324 1367.074
426.869 1367.074
481.415 1367.074
535.960 1367.074
590.506 1367.074
645.051 1367.074
699.597 1367.074
754.142 1367.074
808.687 1367.074
863.233 1367.074
917.778 1367.074
972.324 1367.074
1026.869 1367.074
1081.415 1367.074
1135.960 1367.074
1190.506 1367.074
1245.051 1367.074
1299.597 1367.074
1354.142 1367.074
1408.687 1367.074
1463.233 1367.074
1517.778 1367.074
1572.324 1367.074
1626.869 1367.074
1681.415 1367.074
1735.960 1367.074
317.778 1421.619
372.324 1421.619
426.869 1421.619
481.415 1421.619
535.960 1421.619
590.506 1421.619
645.051 1421.619
699.597 1421.619
754.142 1421.619
808.687 1421.619
863.233 1421.619
917.778 1421.619
972.324 1421.619
1026.869 1421.619
1081.415 1421.619
1135.960 1421.619
1190.506 1421.619
1245.051 1421.619
1299.597 1421.619
1354.142 1421.619
1408.687 1421.619
1463.233 1421.619
1517.778 1421.619
1572.324 1421.619
1626.869 1421.619
1681.415 1421.619
1735.960 1421.619
372.324 1476.165
426.869 1476.165
481.415 1476.165
535.960 1476.165
590.506 1476.165
645.051 1476.165
699.597 1476.165
754.142 1476.165
808.687 1476.165
863.233 1476.165
917.778 1476.165
972.324 1476.165
1026.869 1476.165
1081.415 1476.165
1135.960 1476.165
1190.506 1476.165
1245.051 1476.165
1299.597 1476.165
1354.142 1476.165
1408.687 1476.165
1463.233 1476.165
1517.778 1476.165
1572.324 1476.165
1626.869 1476.165
1681.415 1476.165
426.869 1530.710
481.415 1530.710
535.960 1530.710
590.506 1530.710
645.051 1530.710
699.597 1530.710
754.142 1530.710
808.687 1530.710
863.233 1530.710
917.778 1530.710
972.324 1530.710
1026.869 1530.710
1081.415 1530.710
1135.960 1530.710
1190.506 1530.710
1245.051 1530.710
1299.597 1530.710
1354.142 1530.710
1408.687 1530.710
1463.233 1530.710
1517.778 1530.710
1572.324 1530.710
1626.869 1530.710
481.415 1585.256
535.960 1585.256
590.506 1585.256
645.051 1585.256
699.597 1585.256
754.142 1585.256
808.687 1585.256
863.233 1585.256
917.778 1585.256
972.324 1585.256
1026.869 1585.256
1081.415 1585.256
1135.960 1585.256
1190.506 1585.256
1245.051 1585.256
1299.597 1585.256
1354.142 1585.256
1408.687 1585.256
1463.233 1585.256
1517.778 1585.256
1572.324 1585.256
535.960 1639.801
590.506 1639.801
645.051 1639.801
699.597 1639.801
754.142 1639.801
808.687 1639.801
863.233 1639.801
917.778 1639.801
972.324 1639.801
1026.869 1639.801
1081.415 1639.801
1135.960 1639.801
1190.506 1639.801
1245.051 1639.801
1299.597 1639.801
1354.142 1639.801
1408.687 1639.801
1463.233 1639.801
1517.778 1639.801
590.506 1694.346
645.051 1694.346
699.597 1694.346
754.142 1694.346
808.687 1694.346
863.233 1694.346
917.778 1694.346
972.324 1694.346
1026.869 1694.346
1081.415 1694.346
1135.960 1694.346
1190.506 1694.346
1245.051 1694.346
1299.597 1694.346
1354.142 1694.346
1408.687 1694.346
1463.233 1694.346
699.597 1748.892
754.142 1748.892
808.687 1748.892
863.233 1748.892
917.778 1748.892
972.324 1748.892
1026.869 1748.892
1081.415 1748.892
1135.960 1748.892
1190.506 1748.892
1245.051 1748.892
1299.597 1748.892
1354.142 1748.892
