718.660 220.189
773.206 220.189
827.751 220.189
882.297 220.189
936.842 220.189
991.387 220.189
1045.933 220.189
1100.478 220.189
1155.024 220.189
1209.569 220.189
1264.115 220.189
1318.660 220.189
1373.206 220.189
609.569 274.735
664.115 274.735
718.660 274.735
773.206 274.735
827.751 274.735
882.297 274.735
936.842 274.735
991.387 274.735
1045.933 274.735
1100.478 274.735
1155.024 274.735
1209.569 274.735
1264.115 274.735
1318.660 274.735
1373.206 274.735
1427.751 274.735
1482.297 274.735
555.024 329.280
609.569 329.280
664.115 329.280
718.660 329.280
773.206 329.280
827.751 329.280
882.297 329.280
936.842 329.280
991.387 329.280
1045.933 329.280
1100.478 329.280
1155.024 329.280
1209.569 329.280
1264.115 329.280
1318.660 329.280
1373.206 329.280
1427.751 329.280
1482.297 329.280
1536.842 329.280
500.478 383.826
555.024 383.826
609.569 383.826
664.115 383.826
718.660 383.826
773.206 383.826
827.751 383.826
882.297 383.826
936.842 383.826
991.387 383.826
1045.933 383.826
1100.478 383.826
1155.024 383.826
1209.569 383.826
1264.115 383.826
1318.660 383.826
1373.206 383.826
1427.751 383.826
1482.297 383.826
1536.842 383.826
1591.387 383.826
445.933 438.371
500.478 438.371
555.024 438.371
609.569 438.371
664.115 438.371
718.660 438.371
773.206 438.371
827.751 438.371
882.297 438.371
936.842 438.371
991.387 438.371
1045.933 438.371
1100.478 438.371
1155.024 438.371
1209.569 438.371
1264.115 438.371
1318.660 438.371
1373.206 438.371
1427.751 438.371
1482.297 438.371
1536.842 438.371
1591.387 438.371
1645.933 438.371
391.387 492.916
445.933 492.916
500.478 492.916
555.024 492.916
609.569 492.916
664.115 492.916
718.660 492.916
773.206 492.916
827.751 492.916
882.297 492.916
936.842 492.916
991.387 492.916
1045.933 492.916
1100.478 492.916
1155.024 492.916
1209.569 492.916
1264.115 492.916
1318.660 492.916
1373.206 492.916
1427.751 492.916
1482.297 492.916
1536.842 492.916
1591.387 492.916
1645.933 492.916
1700.478 492.916
336.842 547.462
391.387 547.462
445.933 547.462
500.478 547.462
555.024 547.462
609.569 547.462
664.115 547.462
718.660 547.462
773.206 547.462
827.751 547.462
882.297 547.462
936.842 547.462
991.387 547.462
1045.933 547.462
1100.478 547.462
1155.024 547.462
1209.569 547.462
1264.115 547.462
1318.660 547.462
1373.206 547.462
1427.751 547.462
1482.297 547.462
1536.842 547.462
1591.387 547.462
1645.933 547.462
1700.478 547.462
1755.024 547.462
336.842 602.007
391.387 602.007
445.933 602.007
500.478 602.007
555.024 602.007
609.569 602.007
664.115 602.007
718.660 602.007
773.206 602.007
827.751 602.007
882.297 602.007
936.842 602.007
991.387 602.007
1045.933 602.007
1100.478 602.007
1155.024 602.007
1209.569 602.007
1264.115 602.007
1318.660 602.007
1373.206 602.007
1427.751 602.007
1482.297 602.007
1536.842 602.007
1591.387 602.007
1645.933 602.007
1700.478 602.007
1755.024 602.007
282.297 656.553
336.842 656.553
391.387 656.553
445.933 656.553
500.478 656.553
555.024 656.553
609.569 656.553
664.115 656.553
718.660 656.553
773.206 656.553
827.751 656.553
882.297 656.553
936.842 656.553
991.387 656.553
1045.933 656.553
1100.478 656.553
1155.024 656.553
1209.569 656.553
1264.115 656.553
1318.660 656.553
1373.206 656.553
1427.751 656.553
1482.297 656.553
1536.842 656.553
1591.387 656.553
1645.933 656.553
1700.478 656.553
1755.024 656.553
1809.569 656.553
282.297 711.098
336.842 711.098
391.387 711.098
445.933 711.098
500.478 711.098
555.024 711.098
609.569 711.098
664.115 711.098
718.660 711.098
773.206 711.098
827.751 711.098
882.297 711.098
936.842 711.098
991.387 711.098
1045.933 711.098
1100.478 711.098
1155.024 711.098
1209.569 711.098
1264.115 711.098
1318.660 711.098
1373.206 711.098
1427.751 711.098
1482.297 711.098
1536.842 711.098
1591.387 711.098
1645.933 711.098
1700.478 711.098
1755.024 711.098
1809.569 711.098
282.297 765.644
336.842 765.644
391.387 765.644
445.933 765.644
500.478 765.644
555.024 765.644
609.569 765.644
664.115 765.644
718.660 765.644
773.206 765.644
827.751 765.644
882.297 765.644
936.842 765.644
991.387 765.644
1045.933 765.644
1100.478 765.644
1155.024 765.644
1209.569 765.644
1264.115 765.644
1318.660 765.644
1373.206 765.644
1427.751 765.644
1482.297 765.644
1536.842 765.644
1591.387 765.644
1645.933 765.644
1700.478 765.644
1755.024 765.644
1809.569 765.644
282.297 820.189
336.842 820.189
391.387 820.189
445.933 820.189
500.478 820.189
555.024 820.189
609.569 820.189
664.115 820.189
718.660 820.189
773.206 820.189
827.751 820.189
882.297 820.189
936.842 820.189
991.387 820.189
1045.933 820.189
1100.478 820.189
1155.024 820.189
1209.569 820.189
1264.115 820.189
1318.660 820.189
1373.206 820.189
1427.751 820.189
1482.297 820.189
1536.842 820.189
1591.387 820.189
1645.933 820.189
1700.478 820.189
1755.024 820.189
1809.569 820.189
282.297 874.735
336.842 874.735
391.387 874.735
445.933 874.735
500.478 874.735
555.024 874.735
609.569 874.735
664.115 874.735
718.660 874.735
773.206 874.735
827.751 874.735
882.297 874.735
936.842 874.735
991.387 874.735
1045.933 874.735
1100.478 874.735
1155.024 874.735
1209.569 874.735
1264.115 874.735
1318.660 874.735
1373.206 874.735
1427.751 874.735
1482.297 874.735
1536.842 874.735
1591.387 874.735
1645.933 874.735
1700.478 874.735
1755.024 874.735
1809.569 874.735
282.297 929.280
336.842 929.280
391.387 929.280
445.933 929.280
500.478 929.280
555.024 929.280
609.569 929.280
664.115 929.280
718.660 929.280
773.206 929.280
827.751 929.280
882.297 929.280
936.842 929.280
991.387 929.280
1045.933 929.280
1100.478 929.280
1155.024 929.280
1209.569 929.280
1264.115 929.280
1318.660 929.280
1373.206 929.280
1427.751 929.280
1482.297 929.280
1536.842 929.280
1591.387 929.280
1645.933 929.280
1700.478 929.280
1755.024 929.280
1809.569 929.280
282.297 983.826
336.842 983.826
391.387 983.826
445.933 983.826
500.478 983.826
555.024 983.826
609.569 983.826
664.115 983.826
718.660 983.826
773.206 983.826
827.751 983.826
882.297 983.826
936.842 983.826
991.387 983.826
1045.933 983.826
1100.478 983.826
1155.024 983.826
1209.569 983.826
1264.115 983.826
1318.660 983.826
1373.206 983.826
1427.751 983.826
1482.297 983.826
1536.842 983.826
1591.387 983.826
1645.933 983.826
1700.478 983.826
1755.024 983.826
1809.569 983.826
282.297 1038.371
336.842 1038.371
391.387 1038.371
445.933 1038.371
500.478 1038.371
555.024 1038.371
609.569 1038.371
664.115 1038.371
718.660 1038.371
773.206 1038.371
827.751 1038.371
882.297 1038.371
936.842 1038.371
991.387 1038.371
1045.933 1038.371
1100.478 1038.371
1155.024 1038.371
1209.569 1038.371
1264.115 1038.371
1318.660 1038.371
1373.206 1038.371
1427.751 1038.371
1482.297 1038.371
1536.842 1038.371
1591.387 1038.371
1645.933 1038.371
1700.478 1038.371
1755.024 1038.371
1809.569 1038.371
282.297 1092.916
336.842 1092.916
391.387 1092.916
445.933 1092.916
500.478 1092.916
555.024 1092.916
609.569 1092.916
664.115 1092.916
718.660 1092.916
773.206 1092.916
827.751 1092.916
882.297 1092.916
936.842 1092.916
991.387 1092.916
1045.933 1092.916
1100.478 1092.916
1155.024 1092.916
1209.569 1092.916
1264.115 1092.916
1318.660 1092.916
1373.206 1092.916
1427.751 1092.916
1482.297 1092.916
1536.842 1092.916
1591.387 1092.916
1645.933 1092.916
1700.478 1092.916
1755.024 1092.916
1809.569 1092.916
282.297 1147.462
336.842 1147.462
391.387 1147.462
445.933 1147.462
500.478 1147.462
555.024 1147.462
609.569 1147.462
664.115 1147.462
718.660 1147.462
773.206 1147.462
827.751 1147.462
882.297 1147.462
936.842 1147.462
991.387 1147.462
1045.933 1147.462
1100.478 1147.462
1155.024 1147.462
1209.569 1147.462
1264.115 1147.462
1318.660 1147.462
1373.206 1147.462
1427.751 1147.462
1482.297 1147.462
1536.842 1147.462
1591.387 1147.462
1645.933 1147.462
1700.478 1147.462
1755.024 1147.462
1809.569 1147.462
282.297 1202.007
336.842 1202.007
391.387 1202.007
445.933 1202.007
500.478 1202.007
555.024 1202.007
609.569 1202.007
664.115 1202.007
718.660 1202.007
773.206 1202.007
827.751 1202.007
882.297 1202.007
936.842 1202.007
991.387 1202.007
1045.933 1202.007
1100.478 1202.007
1155.024 1202.007
1209.569 1202.007
1264.115 1202.007
1318.660 1202.007
1373.206 1202.007
1427.751 1202.007
1482.297 1202.007
1536.842 1202.007
1591.387 1202.007
1645.933 1202.007
1700.478 1202.007
1755.024 1202.007
1809.569 1202.007
282.297 1256.553
336.842 1256.553
391.387 1256.553
445.933 1256.553
500.478 1256.553
555.024 1256.553
609.569 1256.553
664.115 1256.553
718.660 1256.553
773.206 1256.553
827.751 1256.553
882.297 1256.553
936.842 1256.553
991.387 1256.553
1045.933 1256.553
1100.478 1256.553
1155.024 1256.553
1209.569 1256.553
1264.115 1256.553
1318.660 1256.553
1373.206 1256.553
1427.751 1256.553
1482.297 1256.553
1536.842 1256.553
1591.387 1256.553
1645.933 1256.553
1700.478 1256.553
1755.024 1256.553
1809.569 1256.553
282.297 1311.098
336.842 1311.098
391.387 1311.098
445.933 1311.098
500.478 1311.098
555.024 1311.098
609.569 1311.098
664.115 1311.098
718.660 1311.098
773.206 1311.098
827.751 1311.098
882.297 1311.098
936.842 1311.098
991.387 1311.098
1045.933 1311.098
1100.478 1311.098
1155.024 1311.098
1209.569 1311.098
1264.115 1311.098
1318.660 1311.098
1373.206 1311.098
1427.751 1311.098
1482.297 1311.098
1536.842 1311.098
1591.387 1311.098
1645.933 1311.098
1700.478 1311.098
1755.024 1311.098
1809.569 1311.098
336.842 1365.644
391.387 1365.644
445.933 1365.644
500.478 1365.644
555.024 1365.644
609.569 1365.644
664.115 1365.644
718.660 1365.644
773.206 1365.644
827.751 1365.644
882.297 1365.644
936.842 1365.644
991.387 1365.644
1045.933 1365.644
1100.478 1365.644
1155.024 1365.644
1209.569 1365.644
1264.115 1365.644
1318.660 1365.644
1373.206 1365.644
1427.751 1365.644
1482.297 1365.644
1536.842 1365.644
1591.387 1365.644
1645.933 1365.644
1700.478 1365.644
1755.024 1365.644
336.842 1420.189
391.387 1420.189
445.933 1420.189
500.478 1420.189
555.024 1420.189
609.569 1420.189
664.115 1420.189
718.660 1420.189
773.206 1420.189
827.751 1420.189
882.297 1420.189
936.842 1420.189
991.387 1420.189
1045.933 1420.189
1100.478 1420.189
1155.024 1420.189
1209.569 1420.189
1264.115 1420.189
1318.660 1420.189
1373.206 1420.189
1427.751 1420.189
1482.297 1420.189
1536.842 1420.189
1591.387 1420.189
1645.933 1420.189
1700.478 1420.189
1755.024 1420.189
391.387 1474.735
445.933 1474.735
500.478 1474.735
555.024 1474.735
609.569 1474.735
664.115 1474.735
718.660 1474.735
773.206 1474.735
827.751 1474.735
882.297 1474.735
936.842 1474.735
991.387 1474.735
1045.933 1474.735
1100.478 1474.735
1155.024 1474.735
1209.569 1474.735
1264.115 1474.735
1318.660 1474.735
1373.206 1474.735
1427.751 1474.735
1482.297 1474.735
1536.842 1474.735
1591.387 1474.735
1645.933 1474.735
1700.478 1474.735
445.933 1529.280
500.478 1529.280
555.024 1529.280
609.569 1529.280
664.115 1529.280
718.660 1529.280
773.206 1529.280
827.751 1529.280
882.297 1529.280
936.842 1529.280
991.387 1529.280
1045.933 1529.280
1100.478 1529.280
1155.024 1529.280
1209.569 1529.280
1264.115 1529.280
1318.660 1529.280
1373.206 1529.280
1427.751 1529.280
1482.297 1529.280
1536.842 1529.280
1591.387 1529.280
1645.933 1529.280
500.478 1583.826
555.024 1583.826
609.569 1583.826
664.115 1583.826
718.660 1583.826
773.206 1583.826
827.751 1583.826
882.297 1583.826
936.842 1583.826
991.387 1583.826
1045.933 1583.826
1100.478 1583.826
1155.024 1583.826
1209.569 1583.826
1264.115 1583.826
1318.660 1583.826
1373.206 1583.826
1427.751 1583.826
1482.297 1583.826
1536.842 1583.826
1591.387 1583.826
555.024 1638.371
609.569 1638.371
664.115 1638.371
718.660 1638.371
773.206 1638.371
827.751 1638.371
882.297 1638.371
936.842 1638.371
991.387 1638.371
1045.933 1638.371
1100.478 1638.371
1155.024 1638.371
1209.569 1638.371
1264.115 1638.371
1318.660 1638.371
1373.206 1638.371
1427.751 1638.371
1482.297 1638.371
1536.842 1638.371
609.569 1692.916
664.115 1692.916
718.660 1692.916
773.206 1692.916
827.751 1692.916
882.297 1692.916
936.842 1692.916
991.387 1692.916
1045.933 1692.916
1100.478 1692.916
1155.024 1692.916
1209.569 1692.916
1264.115 1692.916
1318.660 1692.916
1373.206 1692.916
1427.751 1692.916
1482.297 1692.916
718.660 1747.462
773.206 1747.462
827.751 1747.462
882.297 1747.462
936.842 1747.462
991.387 1747.462
1045.933 1747.462
1100.478 1747.462
1155.024 1747.462
1209.569 1747.462
1264.115 1747.462
1318.660 1747.462
1373.206 1747.462
