699.448 221.385
753.993 221.385
808.539 221.385
863.084 221.385
917.630 221.385
972.175 221.385
1026.721 221.385
1081.266 221.385
1135.811 221.385
1190.357 221.385
1244.902 221.385
1299.448 221.385
1353.993 221.385
590.357 275.931
644.902 275.931
699.448 275.931
753.993 275.931
808.539 275.931
863.084 275.931
917.630 275.931
972.175 275.931
1026.721 275.931
1081.266 275.931
1135.811 275.931
1190.357 275.931
1244.902 275.931
1299.448 275.931
1353.993 275.931
1408.539 275.931
1463.084 275.931
535.811 330.476
590.357 330.476
644.902 330.476
699.448 330.476
753.993 330.476
808.539 330.476
863.084 330.476
917.630 330.476
972.175 330.476
1026.721 330.476
1081.266 330.476
1135.811 330.476
1190.357 330.476
1244.902 330.476
1299.448 330.476
1353.993 330.476
1408.539 330.476
1463.084 330.476
1517.630 330.476
481.266 385.021
535.811 385.021
590.357 385.021
644.902 385.021
699.448 385.021
753.993 385.021
808.539 385.021
863.084 385.021
917.630 385.021
972.175 385.021
1026.721 385.021
1081.266 385.021
1135.811 385.021
1190.357 385.021
1244.902 385.021
1299.448 385.021
1353.993 385.021
1408.539 385.021
1463.084 385.021
1517.630 385.021
1572.175 385.021
426.721 439.567
481.266 439.567
535.811 439.567
590.357 439.567
644.902 439.567
699.448 439.567
753.993 439.567
808.539 439.567
863.084 439.567
917.630 439.567
972.175 439.567
1026.721 439.567
1081.266 439.567
1135.811 439.567
1190.357 439.567
1244.902 439.567
1299.448 439.567
1353.993 439.567
1408.539 439.567
1463.084 439.567
1517.630 439.567
1572.175 439.567
1626.721 439.567
372.175 494.112
426.721 494.112
481.266 494.112
535.811 494.112
590.357 494.112
644.902 494.112
699.448 494.112
753.993 494.112
808.539 494.112
863.084 494.112
917.630 494.112
972.175 494.112
1026.721 494.112
1081.266 494.112
1135.811 494.112
1190.357 494.112
1244.902 494.112
1299.448 494.112
1353.993 494.112
1408.539 494.112
1463.084 494.112
1517.630 494.112
1572.175 494.112
1626.721 494.112
1681.266 494.112
317.630 548.658
372.175 548.658
426.721 548.658
481.266 548.658
535.811 548.658
590.357 548.658
644.902 548.658
699.448 548.658
753.993 548.658
808.539 548.658
863.084 548.658
917.630 548.658
972.175 548.658
1026.721 548.658
1081.266 548.658
1135.811 548.658
1190.357 548.658
1244.902 548.658
1299.448 548.658
1353.993 548.658
1408.539 548.658
1463.084 548.658
1517.630 548.658
1572.175 548.658
1626.721 548.658
1681.266 548.658
1735.811 548.658
317.630 603.203
372.175 603.203
426.721 603.203
481.266 603.203
535.811 603.203
590.357 603.203
644.902 603.203
699.448 603.203
753.993 603.203
808.539 603.203
863.084 603.203
917.630 603.203
972.175 603.203
1026.721 603.203
1081.266 603.203
1135.811 603.203
1190.357 603.203
1244.902 603.203
1299.448 603.203
1353.993 603.203
1408.539 603.203
1463.084 603.203
1517.630 603.203
1572.175 603.203
1626.721 603.203
1681.266 603.203
1735.811 603.203
263.084 657.749
317.630 657.749
372.175 657.749
426.721 657.749
481.266 657.749
535.811 657.749
590.357 657.749
644.902 657.749
699.448 657.749
753.993 657.749
808.539 657.749
863.084 657.749
917.630 657.749
972.175 657.749
1026.721 657.749
1081.266 657.749
1135.811 657.749
1190.357 657.749
1244.902 657.749
1299.448 657.749
1353.993 657.749
1408.539 657.749
1463.084 657.749
1517.630 657.749
1572.175 657.749
1626.721 657.749
1681.266 657.749
1735.811 657.749
1790.357 657.749
263.084 712.294
317.630 712.294
372.175 712.294
426.721 712.294
481.266 712.294
535.811 712.294
590.357 712.294
644.902 712.294
699.448 712.294
753.993 712.294
808.539 712.294
863.084 712.294
917.630 712.294
972.175 712.294
1026.721 712.294
1081.266 712.294
1135.811 712.294
1190.357 712.294
1244.902 712.294
1299.448 712.294
1353.993 712.294
1408.539 712.294
1463.084 712.294
1517.630 712.294
1572.175 712.294
1626.721 712.294
1681.266 712.294
1735.811 712.294
1790.357 712.294
263.084 766.840
317.630 766.840
372.175 766.840
426.721 766.840
481.266 766.840
535.811 766.840
590.357 766.840
644.902 766.840
699.448 766.840
753.993 766.840
808.539 766.840
863.084 766.840
917.630 766.840
972.175 766.840
1026.721 766.840
1081.266 766.840
1135.811 766.840
1190.357 766.840
1244.902 766.840
1299.448 766.840
1353.993 766.840
1408.539 766.840
1463.084 766.840
1517.630 766.840
1572.175 766.840
1626.721 766.840
1681.266 766.840
1735.811 766.840
1790.357 766.840
263.084 821.385
317.630 821.385
372.175 821.385
426.721 821.385
481.266 821.385
535.811 821.385
590.357 821.385
644.902 821.385
699.448 821.385
753.993 821.385
808.539 821.385
863.084 821.385
917.630 821.385
972.175 821.385
1026.721 821.385
1081.266 821.385
1135.811 821.385
1190.357 821.385
1244.902 821.385
1299.448 821.385
1353.993 821.385
1408.539 821.385
1463.084 821.385
1517.630 821.385
1572.175 821.385
1626.721 821.385
1681.266 821.385
1735.811 821.385
1790.357 821.385
263.084 875.931
317.630 875.931
372.175 875.931
426.721 875.931
481.266 875.931
535.811 875.931
590.357 875.931
644.902 875.931
699.448 875.931
753.993 875.931
808.539 875.931
863.084 875.931
917.630 875.931
972.175 875.931
1026.721 875.931
1081.266 875.931
1135.811 875.931
1190.357 875.931
1244.902 875.931
1299.448 875.931
1353.993 875.931
1408.539 875.931
1463.084 875.931
1517.630 875.931
1572.175 875.931
1626.721 875.931
1681.266 875.931
1735.811 875.931
1790.357 875.931
263.084 930.476
317.630 930.476
372.175 930.476
426.721 930.476
481.266 930.476
535.811 930.476
590.357 930.476
644.902 930.476
699.448 930.476
753.993 930.476
808.539 930.476
863.084 930.476
917.630 930.476
972.175 930.476
1026.721 930.476
1081.266 930.476
1135.811 930.476
1190.357 930.476
1244.902 930.476
1299.448 930.476
1353.993 930.476
1408.539 930.476
1463.084 930.476
1517.630 930.476
1572.175 930.476
1626.721 930.476
1681.266 930.476
1735.811 930.476
1790.357 930.476
263.084 985.021
317.630 985.021
372.175 985.021
426.721 985.021
481.266 985.021
535.811 985.021
590.357 985.021
644.902 985.021
699.448 985.021
753.993 985.021
808.539 985.021
863.084 985.021
917.630 985.021
972.175 985.021
1026.721 985.021
1081.266 985.021
1135.811 985.021
1190.357 985.021
1244.902 985.021
1299.448 985.021
1353.993 985.021
1408.539 985.021
1463.084 985.021
1517.630 985.021
1572.175 985.021
1626.721 985.021
1681.266 985.021
1735.811 985.021
1790.357 985.021
263.084 1039.567
317.630 1039.567
372.175 1039.567
426.721 1039.567
481.266 1039.567
535.811 1039.567
590.357 1039.567
644.902 1039.567
699.448 1039.567
753.993 1039.567
808.539 1039.567
863.084 1039.567
917.630 1039.567
972.175 1039.567
1026.721 1039.567
1081.266 1039.567
1135.811 1039.567
1190.357 1039.567
1244.902 1039.567
1299.448 1039.567
1353.993 1039.567
1408.539 1039.567
1463.084 1039.567
1517.630 1039.567
1572.175 1039.567
1626.721 1039.567
1681.266 1039.567
1735.811 1039.567
1790.357 1039.567
263.084 1094.112
317.630 1094.112
372.175 1094.112
426.721 1094.112
481.266 1094.112
535.811 1094.112
590.357 1094.112
644.902 1094.112
699.448 1094.112
753.993 1094.112
808.539 1094.112
863.084 1094.112
917.630 1094.112
972.175 1094.112
1026.721 1094.112
1081.266 1094.112
1135.811 1094.112
1190.357 1094.112
1244.902 1094.112
1299.448 1094.112
1353.993 1094.112
1408.539 1094.112
1463.084 1094.112
1517.630 1094.112
1572.175 1094.112
1626.721 1094.112
1681.266 1094.112
1735.811 1094.112
1790.357 1094.112
263.084 1148.658
317.630 1148.658
372.175 1148.658
426.721 1148.658
481.266 1148.658
535.811 1148.658
590.357 1148.658
644.902 1148.658
699.448 1148.658
753.993 1148.658
808.539 1148.658
863.084 1148.658
917.630 1148.658
972.175 1148.658
1026.721 1148.658
1081.266 1148.658
1135.811 1148.658
1190.357 1148.658
1244.902 1148.658
1299.448 1148.658
1353.993 1148.658
1408.539 1148.658
1463.084 1148.658
1517.630 1148.658
1572.175 1148.658
1626.721 1148.658
1681.266 1148.658
1735.811 1148.658
1790.357 1148.658
263.084 1203.203
317.630 1203.203
372.175 1203.203
426.721 1203.203
481.266 1203.203
535.811 1203.203
590.357 1203.203
644.902 1203.203
699.448 1203.203
753.993 1203.203
808.539 1203.203
863.084 1203.203
917.630 1203.203
972.175 1203.203
1026.721 1203.203
1081.266 1203.203
1135.811 1203.203
1190.357 1203.203
1244.902 1203.203
1299.448 1203.203
1353.993 1203.203
1408.539 1203.203
1463.084 1203.203
1517.630 1203.203
1572.175 1203.203
1626.721 1203.203
1681.266 1203.203
1735.811 1203.203
1790.357 1203.203
263.084 1257.749
317.630 1257.749
372.175 1257.749
426.721 1257.749
481.266 1257.749
535.811 1257.749
590.357 1257.749
644.902 1257.749
699.448 1257.749
753.993 1257.749
808.539 1257.749
863.084 1257.749
917.630 1257.749
972.175 1257.749
1026.721 1257.749
1081.266 1257.749
1135.811 1257.749
1190.357 1257.749
1244.902 1257.749
1299.448 1257.749
1353.993 1257.749
1408.539 1257.749
1463.084 1257.749
1517.630 1257.749
1572.175 1257.749
1626.721 1257.749
1681.266 1257.749
1735.811 1257.749
1790.357 1257.749
263.084 1312.294
317.630 1312.294
372.175 1312.294
426.721 1312.294
481.266 1312.294
535.811 1312.294
590.357 1312.294
644.902 1312.294
699.448 1312.294
753.993 1312.294
808.539 1312.294
863.084 1312.294
917.630 1312.294
972.175 1312.294
1026.721 1312.294
1081.266 1312.294
1135.811 1312.294
1190.357 1312.294
1244.902 1312.294
1299.448 1312.294
1353.993 1312.294
1408.539 1312.294
1463.084 1312.294
1517.630 1312.294
1572.175 1312.294
1626.721 1312.294
1681.266 1312.294
1735.811 1312.294
1790.357 1312.294
317.630 1366.840
372.175 1366.840
426.721 1366.840
481.266 1366.840
535.811 1366.840
590.357 1366.840
644.902 1366.840
699.448 1366.840
753.993 1366.840
808.539 1366.840
863.084 1366.840
917.630 1366.840
972.175 1366.840
1026.721 1366.840
1081.266 1366.840
1135.811 1366.840
1190.357 1366.840
1244.902 1366.840
1299.448 1366.840
1353.993 1366.840
1408.539 1366.840
1463.084 1366.840
1517.630 1366.840
1572.175 1366.840
1626.721 1366.840
1681.266 1366.840
1735.811 1366.840
317.630 1421.385
372.175 1421.385
426.721 1421.385
481.266 1421.385
535.811 1421.385
590.357 1421.385
644.902 1421.385
699.448 1421.385
753.993 1421.385
808.539 1421.385
863.084 1421.385
917.630 1421.385
972.175 1421.385
1026.721 1421.385
1081.266 1421.385
1135.811 1421.385
1190.357 1421.385
1244.902 1421.385
1299.448 1421.385
1353.993 1421.385
1408.539 1421.385
1463.084 1421.385
1517.630 1421.385
1572.175 1421.385
1626.721 1421.385
1681.266 1421.385
1735.811 1421.385
372.175 1475.931
426.721 1475.931
481.266 1475.931
535.811 1475.931
590.357 1475.931
644.902 1475.931
699.448 1475.931
753.993 1475.931
808.539 1475.931
863.084 1475.931
917.630 1475.931
972.175 1475.931
1026.721 1475.931
1081.266 1475.931
1135.811 1475.931
1190.357 1475.931
1244.902 1475.931
1299.448 1475.931
1353.993 1475.931
1408.539 1475.931
1463.084 1475.931
1517.630 1475.931
1572.175 1475.931
1626.721 1475.931
1681.266 1475.931
426.721 1530.476
481.266 1530.476
535.811 1530.476
590.357 1530.476
644.902 1530.476
699.448 1530.476
753.993 1530.476
808.539 1530.476
863.084 1530.476
917.630 1530.476
972.175 1530.476
1026.721 1530.476
1081.266 1530.476
1135.811 1530.476
1190.357 1530.476
1244.902 1530.476
1299.448 1530.476
1353.993 1530.476
1408.539 1530.476
1463.084 1530.476
1517.630 1530.476
1572.175 1530.476
1626.721 1530.476
481.266 1585.021
535.811 1585.021
590.357 1585.021
644.902 1585.021
699.448 1585.021
753.993 1585.021
808.539 1585.021
863.084 1585.021
917.630 1585.021
972.175 1585.021
1026.721 1585.021
1081.266 1585.021
1135.811 1585.021
1190.357 1585.021
1244.902 1585.021
1299.448 1585.021
1353.993 1585.021
1408.539 1585.021
1463.084 1585.021
1517.630 1585.021
1572.175 1585.021
535.811 1639.567
590.357 1639.567
644.902 1639.567
699.448 1639.567
753.993 1639.567
808.539 1639.567
863.084 1639.567
917.630 1639.567
972.175 1639.567
1026.721 1639.567
1081.266 1639.567
1135.811 1639.567
1190.357 1639.567
1244.902 1639.567
1299.448 1639.567
1353.993 1639.567
1408.539 1639.567
1463.084 1639.567
1517.630 1639.567
590.357 1694.112
644.902 1694.112
699.448 1694.112
753.993 1694.112
808.539 1694.112
863.084 1694.112
917.630 1694.112
972.175 1694.112
1026.721 1694.112
1081.266 1694.112
1135.811 1694.112
1190.357 1694.112
1244.902 1694.112
1299.448 1694.112
1353.993 1694.112
1408.539 1694.112
1463.084 1694.112
699.448 1748.658
753.993 1748.658
808.539 1748.658
863.084 1748.658
917.630 1748.658
972.175 1748.658
1026.721 1748.658
1081.266 1748.658
1135.811 1748.658
1190.357 1748.658
1244.902 1748.658
1299.448 1748.658
1353.993 1748.658
