711.623 222.471
766.168 222.471
820.714 222.471
875.259 222.471
929.805 222.471
984.350 222.471
1038.896 222.471
1093.441 222.471
1147.987 222.471
1202.532 222.471
1257.078 222.471
1311.623 222.471
1366.168 222.471
602.532 277.016
657.078 277.016
711.623 277.016
766.168 277.016
820.714 277.016
875.259 277.016
929.805 277.016
984.350 277.016
1038.896 277.016
1093.441 277.016
1147.987 277.016
1202.532 277.016
1257.078 277.016
1311.623 277.016
1366.168 277.016
1420.714 277.016
1475.259 277.016
547.987 331.562
602.532 331.562
657.078 331.562
711.623 331.562
766.168 331.562
820.714 331.562
875.259 331.562
929.805 331.562
984.350 331.562
1038.896 331.562
1093.441 331.562
1147.987 331.562
1202.532 331.562
1257.078 331.562
1311.623 331.562
1366.168 331.562
1420.714 331.562
1475.259 331.562
1529.805 331.562
493.441 386.107
547.987 386.107
602.532 386.107
657.078 386.107
711.623 386.107
766.168 386.107
820.714 386.107
875.259 386.107
929.805 386.107
984.350 386.107
1038.896 386.107
1093.441 386.107
1147.987 386.107
1202.532 386.107
1257.078 386.107
1311.623 386.107
1366.168 386.107
1420.714 386.107
1475.259 386.107
1529.805 386.107
1584.350 386.107
438.896 440.653
493.441 440.653
547.987 440.653
602.532 440.653
657.078 440.653
711.623 440.653
766.168 440.653
820.714 440.653
875.259 440.653
929.805 440.653
984.350 440.653
1038.896 440.653
1093.441 440.653
1147.987 440.653
1202.532 440.653
1257.078 440.653
1311.623 440.653
1366.168 440.653
1420.714 440.653
1475.259 440.653
1529.805 440.653
1584.350 440.653
1638.896 440.653
384.350 495.198
438.896 495.198
493.441 495.198
547.987 495.198
602.532 495.198
657.078 495.198
711.623 495.198
766.168 495.198
820.714 495.198
875.259 495.198
929.805 495.198
984.350 495.198
1038.896 495.198
1093.441 495.198
1147.987 495.198
1202.532 495.198
1257.078 495.198
1311.623 495.198
1366.168 495.198
1420.714 495.198
1475.259 495.198
1529.805 495.198
1584.350 495.198
1638.896 495.198
1693.441 495.198
329.805 549.744
384.350 549.744
438.896 549.744
493.441 549.744
547.987 549.744
602.532 549.744
657.078 549.744
711.623 549.744
766.168 549.744
820.714 549.744
875.259 549.744
929.805 549.744
984.350 549.744
1038.896 549.744
1093.441 549.744
1147.987 549.744
1202.532 549.744
1257.078 549.744
1311.623 549.744
1366.168 549.744
1420.714 549.744
1475.259 549.744
1529.805 549.744
1584.350 549.744
1638.896 549.744
1693.441 549.744
1747.987 549.744
329.805 604.289
384.350 604.289
438.896 604.289
493.441 604.289
547.987 604.289
602.532 604.289
657.078 604.289
711.623 604.289
766.168 604.289
820.714 604.289
875.259 604.289
929.805 604.289
984.350 604.289
1038.896 604.289
1093.441 604.289
1147.987 604.289
1202.532 604.289
1257.078 604.289
1311.623 604.289
1366.168 604.289
1420.714 604.289
1475.259 604.289
1529.805 604.289
1584.350 604.289
1638.896 604.289
1693.441 604.289
1747.987 604.289
275.259 658.835
329.805 658.835
384.350 658.835
438.896 658.835
493.441 658.835
547.987 658.835
602.532 658.835
657.078 658.835
711.623 658.835
766.168 658.835
820.714 658.835
875.259 658.835
929.805 658.835
984.350 658.835
1038.896 658.835
1093.441 658.835
1147.987 658.835
1202.532 658.835
1257.078 658.835
1311.623 658.835
1366.168 658.835
1420.714 658.835
1475.259 658.835
1529.805 658.835
1584.350 658.835
1638.896 658.835
1693.441 658.835
1747.987 658.835
1802.532 658.835
275.259 713.380
329.805 713.380
384.350 713.380
438.896 713.380
493.441 713.380
547.987 713.380
602.532 713.380
657.078 713.380
711.623 713.380
766.168 713.380
820.714 713.380
875.259 713.380
929.805 713.380
984.350 713.380
1038.896 713.380
1093.441 713.380
1147.987 713.380
1202.532 713.380
1257.078 713.380
1311.623 713.380
1366.168 713.380
1420.714 713.380
1475.259 713.380
1529.805 713.380
1584.350 713.380
1638.896 713.380
1693.441 713.380
1747.987 713.380
1802.532 713.380
275.259 767.926
329.805 767.926
384.350 767.926
438.896 767.926
493.441 767.926
547.987 767.926
602.532 767.926
657.078 767.926
711.623 767.926
766.168 767.926
820.714 767.926
875.259 767.926
929.805 767.926
984.350 767.926
1038.896 767.926
1093.441 767.926
1147.987 767.926
1202.532 767.926
1257.078 767.926
1311.623 767.926
1366.168 767.926
1420.714 767.926
1475.259 767.926
1529.805 767.926
1584.350 767.926
1638.896 767.926
1693.441 767.926
1747.987 767.926
1802.532 767.926
275.259 822.471
329.805 822.471
384.350 822.471
438.896 822.471
493.441 822.471
547.987 822.471
602.532 822.471
657.078 822.471
711.623 822.471
766.168 822.471
820.714 822.471
875.259 822.471
929.805 822.471
984.350 822.471
1038.896 822.471
1093.441 822.471
1147.987 822.471
1202.532 822.471
1257.078 822.471
1311.623 822.471
1366.168 822.471
1420.714 822.471
1475.259 822.471
1529.805 822.471
1584.350 822.471
1638.896 822.471
1693.441 822.471
1747.987 822.471
1802.532 822.471
275.259 877.016
329.805 877.016
384.350 877.016
438.896 877.016
493.441 877.016
547.987 877.016
602.532 877.016
657.078 877.016
711.623 877.016
766.168 877.016
820.714 877.016
875.259 877.016
929.805 877.016
984.350 877.016
1038.896 877.016
1093.441 877.016
1147.987 877.016
1202.532 877.016
1257.078 877.016
1311.623 877.016
1366.168 877.016
1420.714 877.016
1475.259 877.016
1529.805 877.016
1584.350 877.016
1638.896 877.016
1693.441 877.016
1747.987 877.016
1802.532 877.016
275.259 931.562
329.805 931.562
384.350 931.562
438.896 931.562
493.441 931.562
547.987 931.562
602.532 931.562
657.078 931.562
711.623 931.562
766.168 931.562
820.714 931.562
875.259 931.562
929.805 931.562
984.350 931.562
1038.896 931.562
1093.441 931.562
1147.987 931.562
1202.532 931.562
1257.078 931.562
1311.623 931.562
1366.168 931.562
1420.714 931.562
1475.259 931.562
1529.805 931.562
1584.350 931.562
1638.896 931.562
1693.441 931.562
1747.987 931.562
1802.532 931.562
275.259 986.107
329.805 986.107
384.350 986.107
438.896 986.107
493.441 986.107
547.987 986.107
602.532 986.107
657.078 986.107
711.623 986.107
766.168 986.107
820.714 986.107
875.259 986.107
929.805 986.107
984.350 986.107
1038.896 986.107
1093.441 986.107
1147.987 986.107
1202.532 986.107
1257.078 986.107
1311.623 986.107
1366.168 986.107
1420.714 986.107
1475.259 986.107
1529.805 986.107
1584.350 986.107
1638.896 986.107
1693.441 986.107
1747.987 986.107
1802.532 986.107
275.259 1040.653
329.805 1040.653
384.350 1040.653
438.896 1040.653
493.441 1040.653
547.987 1040.653
602.532 1040.653
657.078 1040.653
711.623 1040.653
766.168 1040.653
820.714 1040.653
875.259 1040.653
929.805 1040.653
984.350 1040.653
1038.896 1040.653
1093.441 1040.653
1147.987 1040.653
1202.532 1040.653
1257.078 1040.653
1311.623 1040.653
1366.168 1040.653
1420.714 1040.653
1475.259 1040.653
1529.805 1040.653
1584.350 1040.653
1638.896 1040.653
1693.441 1040.653
1747.987 1040.653
1802.532 1040.653
275.259 1095.198
329.805 1095.198
384.350 1095.198
438.896 1095.198
493.441 1095.198
547.987 1095.198
602.532 1095.198
657.078 1095.198
711.623 1095.198
766.168 1095.198
820.714 1095.198
875.259 1095.198
929.805 1095.198
984.350 1095.198
1038.896 1095.198
1093.441 1095.198
1147.987 1095.198
1202.532 1095.198
1257.078 1095.198
1311.623 1095.198
1366.168 1095.198
1420.714 1095.198
1475.259 1095.198
1529.805 1095.198
1584.350 1095.198
1638.896 1095.198
1693.441 1095.198
1747.987 1095.198
1802.532 1095.198
275.259 1149.744
329.805 1149.744
384.350 1149.744
438.896 1149.744
493.441 1149.744
547.987 1149.744
602.532 1149.744
657.078 1149.744
711.623 1149.744
766.168 1149.744
820.714 1149.744
875.259 1149.744
929.805 1149.744
984.350 1149.744
1038.896 1149.744
1093.441 1149.744
1147.987 1149.744
1202.532 1149.744
1257.078 1149.744
1311.623 1149.744
1366.168 1149.744
1420.714 1149.744
1475.259 1149.744
1529.805 1149.744
1584.350 1149.744
1638.896 1149.744
1693.441 1149.744
1747.987 1149.744
1802.532 1149.744
275.259 1204.289
329.805 1204.289
384.350 1204.289
438.896 1204.289
493.441 1204.289
547.987 1204.289
602.532 1204.289
657.078 1204.289
711.623 1204.289
766.168 1204.289
820.714 1204.289
875.259 1204.289
929.805 1204.289
984.350 1204.289
1038.896 1204.289
1093.441 1204.289
1147.987 1204.289
1202.532 1204.289
1257.078 1204.289
1311.623 1204.289
1366.168 1204.289
1420.714 1204.289
1475.259 1204.289
1529.805 1204.289
1584.350 1204.289
1638.896 1204.289
1693.441 1204.289
1747.987 1204.289
1802.532 1204.289
275.259 1258.835
329.805 1258.835
384.350 1258.835
438.896 1258.835
493.441 1258.835
547.987 1258.835
602.532 1258.835
657.078 1258.835
711.623 1258.835
766.168 1258.835
820.714 1258.835
875.259 1258.835
929.805 1258.835
984.350 1258.835
1038.896 1258.835
1093.441 1258.835
1147.987 1258.835
1202.532 1258.835
1257.078 1258.835
1311.623 1258.835
1366.168 1258.835
1420.714 1258.835
1475.259 1258.835
1529.805 1258.835
1584.350 1258.835
1638.896 1258.835
1693.441 1258.835
1747.987 1258.835
1802.532 1258.835
275.259 1313.380
329.805 1313.380
384.350 1313.380
438.896 1313.380
493.441 1313.380
547.987 1313.380
602.532 1313.380
657.078 1313.380
711.623 1313.380
766.168 1313.380
820.714 1313.380
875.259 1313.380
929.805 1313.380
984.350 1313.380
1038.896 1313.380
1093.441 1313.380
1147.987 1313.380
1202.532 1313.380
1257.078 1313.380
1311.623 1313.380
1366.168 1313.380
1420.714 1313.380
1475.259 1313.380
1529.805 1313.380
1584.350 1313.380
1638.896 1313.380
1693.441 1313.380
1747.987 1313.380
1802.532 1313.380
329.805 1367.926
384.350 1367.926
438.896 1367.926
493.441 1367.926
547.987 1367.926
602.532 1367.926
657.078 1367.926
711.623 1367.926
766.168 1367.926
820.714 1367.926
875.259 1367.926
929.805 1367.926
984.350 1367.926
1038.896 1367.926
1093.441 1367.926
1147.987 1367.926
1202.532 1367.926
1257.078 1367.926
1311.623 1367.926
1366.168 1367.926
1420.714 1367.926
1475.259 1367.926
1529.805 1367.926
1584.350 1367.926
1638.896 1367.926
1693.441 1367.926
1747.987 1367.926
329.805 1422.471
384.350 1422.471
438.896 1422.471
493.441 1422.471
547.987 1422.471
602.532 1422.471
657.078 1422.471
711.623 1422.471
766.168 1422.471
820.714 1422.471
875.259 1422.471
929.805 1422.471
984.350 1422.471
1038.896 1422.471
1093.441 1422.471
1147.987 1422.471
1202.532 1422.471
1257.078 1422.471
1311.623 1422.471
1366.168 1422.471
1420.714 1422.471
1475.259 1422.471
1529.805 1422.471
1584.350 1422.471
1638.896 1422.471
1693.441 1422.471
1747.987 1422.471
384.350 1477.016
438.896 1477.016
493.441 1477.016
547.987 1477.016
602.532 1477.016
657.078 1477.016
711.623 1477.016
766.168 1477.016
820.714 1477.016
875.259 1477.016
929.805 1477.016
984.350 1477.016
1038.896 1477.016
1093.441 1477.016
1147.987 1477.016
1202.532 1477.016
1257.078 1477.016
1311.623 1477.016
1366.168 1477.016
1420.714 1477.016
1475.259 1477.016
1529.805 1477.016
1584.350 1477.016
1638.896 1477.016
1693.441 1477.016
438.896 1531.562
493.441 1531.562
547.987 1531.562
602.532 1531.562
657.078 1531.562
711.623 1531.562
766.168 1531.562
820.714 1531.562
875.259 1531.562
929.805 1531.562
984.350 1531.562
1038.896 1531.562
1093.441 1531.562
1147.987 1531.562
1202.532 1531.562
1257.078 1531.562
1311.623 1531.562
1366.168 1531.562
1420.714 1531.562
1475.259 1531.562
1529.805 1531.562
1584.350 1531.562
1638.896 1531.562
493.441 1586.107
547.987 1586.107
602.532 1586.107
657.078 1586.107
711.623 1586.107
766.168 1586.107
820.714 1586.107
875.259 1586.107
929.805 1586.107
984.350 1586.107
1038.896 1586.107
1093.441 1586.107
1147.987 1586.107
1202.532 1586.107
1257.078 1586.107
1311.623 1586.107
1366.168 1586.107
1420.714 1586.107
1475.259 1586.107
1529.805 1586.107
1584.350 1586.107
547.987 1640.653
602.532 1640.653
657.078 1640.653
711.623 1640.653
766.168 1640.653
820.714 1640.653
875.259 1640.653
929.805 1640.653
984.350 1640.653
1038.896 1640.653
1093.441 1640.653
1147.987 1640.653
1202.532 1640.653
1257.078 1640.653
1311.623 1640.653
1366.168 1640.653
1420.714 1640.653
1475.259 1640.653
1529.805 1640.653
602.532 1695.198
657.078 1695.198
711.623 1695.198
766.168 1695.198
820.714 1695.198
875.259 1695.198
929.805 1695.198
984.350 1695.198
1038.896 1695.198
1093.441 1695.198
1147.987 1695.198
1202.532 1695.198
1257.078 1695.198
1311.623 1695.198
1366.168 1695.198
1420.714 1695.198
1475.259 1695.198
711.623 1749.744
766.168 1749.744
820.714 1749.744
875.259 1749.744
929.805 1749.744
984.350 1749.744
1038.896 1749.744
1093.441 1749.744
1147.987 1749.744
1202.532 1749.744
1257.078 1749.744
1311.623 1749.744
1366.168 1749.744
