718.650 220.198
773.195 220.198
827.741 220.198
882.286 220.198
936.832 220.198
991.377 220.198
1045.923 220.198
1100.468 220.198
1155.014 220.198
1209.559 220.198
1264.105 220.198
1318.650 220.198
1373.195 220.198
609.559 274.744
664.105 274.744
718.650 274.744
773.195 274.744
827.741 274.744
882.286 274.744
936.832 274.744
991.377 274.744
1045.923 274.744
1100.468 274.744
1155.014 274.744
1209.559 274.744
1264.105 274.744
1318.650 274.744
1373.195 274.744
1427.741 274.744
1482.286 274.744
555.014 329.289
609.559 329.289
664.105 329.289
718.650 329.289
773.195 329.289
827.741 329.289
882.286 329.289
936.832 329.289
991.377 329.289
1045.923 329.289
1100.468 329.289
1155.014 329.289
1209.559 329.289
1264.105 329.289
1318.650 329.289
1373.195 329.289
1427.741 329.289
1482.286 329.289
1536.832 329.289
500.468 383.835
555.014 383.835
609.559 383.835
664.105 383.835
718.650 383.835
773.195 383.835
827.741 383.835
882.286 383.835
936.832 383.835
991.377 383.835
1045.923 383.835
1100.468 383.835
1155.014 383.835
1209.559 383.835
1264.105 383.835
1318.650 383.835
1373.195 383.835
1427.741 383.835
1482.286 383.835
1536.832 383.835
1591.377 383.835
445.923 438.380
500.468 438.380
555.014 438.380
609.559 438.380
664.105 438.380
718.650 438.380
773.195 438.380
827.741 438.380
882.286 438.380
936.832 438.380
991.377 438.380
1045.923 438.380
1100.468 438.380
1155.014 438.380
1209.559 438.380
1264.105 438.380
1318.650 438.380
1373.195 438.380
1427.741 438.380
1482.286 438.380
1536.832 438.380
1591.377 438.380
1645.923 438.380
391.377 492.926
445.923 492.926
500.468 492.926
555.014 492.926
609.559 492.926
664.105 492.926
718.650 492.926
773.195 492.926
827.741 492.926
882.286 492.926
936.832 492.926
991.377 492.926
1045.923 492.926
1100.468 492.926
1155.014 492.926
1209.559 492.926
1264.105 492.926
1318.650 492.926
1373.195 492.926
1427.741 492.926
1482.286 492.926
1536.832 492.926
1591.377 492.926
1645.923 492.926
1700.468 492.926
336.832 547.471
391.377 547.471
445.923 547.471
500.468 547.471
555.014 547.471
609.559 547.471
664.105 547.471
718.650 547.471
773.195 547.471
827.741 547.471
882.286 547.471
936.832 547.471
991.377 547.471
1045.923 547.471
1100.468 547.471
1155.014 547.471
1209.559 547.471
1264.105 547.471
1318.650 547.471
1373.195 547.471
1427.741 547.471
1482.286 547.471
1536.832 547.471
1591.377 547.471
1645.923 547.471
1700.468 547.471
1755.014 547.471
336.832 602.016
391.377 602.016
445.923 602.016
500.468 602.016
555.014 602.016
609.559 602.016
664.105 602.016
718.650 602.016
773.195 602.016
827.741 602.016
882.286 602.016
936.832 602.016
991.377 602.016
1045.923 602.016
1100.468 602.016
1155.014 602.016
1209.559 602.016
1264.105 602.016
1318.650 602.016
1373.195 602.016
1427.741 602.016
1482.286 602.016
1536.832 602.016
1591.377 602.016
1645.923 602.016
1700.468 602.016
1755.014 602.016
282.286 656.562
336.832 656.562
391.377 656.562
445.923 656.562
500.468 656.562
555.014 656.562
609.559 656.562
664.105 656.562
718.650 656.562
773.195 656.562
827.741 656.562
882.286 656.562
936.832 656.562
991.377 656.562
1045.923 656.562
1100.468 656.562
1155.014 656.562
1209.559 656.562
1264.105 656.562
1318.650 656.562
1373.195 656.562
1427.741 656.562
1482.286 656.562
1536.832 656.562
1591.377 656.562
1645.923 656.562
1700.468 656.562
1755.014 656.562
1809.559 656.562
282.286 711.107
336.832 711.107
391.377 711.107
445.923 711.107
500.468 711.107
555.014 711.107
609.559 711.107
664.105 711.107
718.650 711.107
773.195 711.107
827.741 711.107
882.286 711.107
936.832 711.107
991.377 711.107
1045.923 711.107
1100.468 711.107
1155.014 711.107
1209.559 711.107
1264.105 711.107
1318.650 711.107
1373.195 711.107
1427.741 711.107
1482.286 711.107
1536.832 711.107
1591.377 711.107
1645.923 711.107
1700.468 711.107
1755.014 711.107
1809.559 711.107
282.286 765.653
336.832 765.653
391.377 765.653
445.923 765.653
500.468 765.653
555.014 765.653
609.559 765.653
664.105 765.653
718.650 765.653
773.195 765.653
827.741 765.653
882.286 765.653
936.832 765.653
991.377 765.653
1045.923 765.653
1100.468 765.653
1155.014 765.653
1209.559 765.653
1264.105 765.653
1318.650 765.653
1373.195 765.653
1427.741 765.653
1482.286 765.653
1536.832 765.653
1591.377 765.653
1645.923 765.653
1700.468 765.653
1755.014 765.653
1809.559 765.653
282.286 820.198
336.832 820.198
391.377 820.198
445.923 820.198
500.468 820.198
555.014 820.198
609.559 820.198
664.105 820.198
718.650 820.198
773.195 820.198
827.741 820.198
882.286 820.198
936.832 820.198
991.377 820.198
1045.923 820.198
1100.468 820.198
1155.014 820.198
1209.559 820.198
1264.105 820.198
1318.650 820.198
1373.195 820.198
1427.741 820.198
1482.286 820.198
1536.832 820.198
1591.377 820.198
1645.923 820.198
1700.468 820.198
1755.014 820.198
1809.559 820.198
282.286 874.744
336.832 874.744
391.377 874.744
445.923 874.744
500.468 874.744
555.014 874.744
609.559 874.744
664.105 874.744
718.650 874.744
773.195 874.744
827.741 874.744
882.286 874.744
936.832 874.744
991.377 874.744
1045.923 874.744
1100.468 874.744
1155.014 874.744
1209.559 874.744
1264.105 874.744
1318.650 874.744
1373.195 874.744
1427.741 874.744
1482.286 874.744
1536.832 874.744
1591.377 874.744
1645.923 874.744
1700.468 874.744
1755.014 874.744
1809.559 874.744
282.286 929.289
336.832 929.289
391.377 929.289
445.923 929.289
500.468 929.289
555.014 929.289
609.559 929.289
664.105 929.289
718.650 929.289
773.195 929.289
827.741 929.289
882.286 929.289
936.832 929.289
991.377 929.289
1045.923 929.289
1100.468 929.289
1155.014 929.289
1209.559 929.289
1264.105 929.289
1318.650 929.289
1373.195 929.289
1427.741 929.289
1482.286 929.289
1536.832 929.289
1591.377 929.289
1645.923 929.289
1700.468 929.289
1755.014 929.289
1809.559 929.289
282.286 983.835
336.832 983.835
391.377 983.835
445.923 983.835
500.468 983.835
555.014 983.835
609.559 983.835
664.105 983.835
718.650 983.835
773.195 983.835
827.741 983.835
882.286 983.835
936.832 983.835
991.377 983.835
1045.923 983.835
1100.468 983.835
1155.014 983.835
1209.559 983.835
1264.105 983.835
1318.650 983.835
1373.195 983.835
1427.741 983.835
1482.286 983.835
1536.832 983.835
1591.377 983.835
1645.923 983.835
1700.468 983.835
1755.014 983.835
1809.559 983.835
282.286 1038.380
336.832 1038.380
391.377 1038.380
445.923 1038.380
500.468 1038.380
555.014 1038.380
609.559 1038.380
664.105 1038.380
718.650 1038.380
773.195 1038.380
827.741 1038.380
882.286 1038.380
936.832 1038.380
991.377 1038.380
1045.923 1038.380
1100.468 1038.380
1155.014 1038.380
1209.559 1038.380
1264.105 1038.380
1318.650 1038.380
1373.195 1038.380
1427.741 1038.380
1482.286 1038.380
1536.832 1038.380
1591.377 1038.380
1645.923 1038.380
1700.468 1038.380
1755.014 1038.380
1809.559 1038.380
282.286 1092.926
336.832 1092.926
391.377 1092.926
445.923 1092.926
500.468 1092.926
555.014 1092.926
609.559 1092.926
664.105 1092.926
718.650 1092.926
773.195 1092.926
827.741 1092.926
882.286 1092.926
936.832 1092.926
991.377 1092.926
1045.923 1092.926
1100.468 1092.926
1155.014 1092.926
1209.559 1092.926
1264.105 1092.926
1318.650 1092.926
1373.195 1092.926
1427.741 1092.926
1482.286 1092.926
1536.832 1092.926
1591.377 1092.926
1645.923 1092.926
1700.468 1092.926
1755.014 1092.926
1809.559 1092.926
282.286 1147.471
336.832 1147.471
391.377 1147.471
445.923 1147.471
500.468 1147.471
555.014 1147.471
609.559 1147.471
664.105 1147.471
718.650 1147.471
773.195 1147.471
827.741 1147.471
882.286 1147.471
936.832 1147.471
991.377 1147.471
1045.923 1147.471
1100.468 1147.471
1155.014 1147.471
1209.559 1147.471
1264.105 1147.471
1318.650 1147.471
1373.195 1147.471
1427.741 1147.471
1482.286 1147.471
1536.832 1147.471
1591.377 1147.471
1645.923 1147.471
1700.468 1147.471
1755.014 1147.471
1809.559 1147.471
282.286 1202.016
336.832 1202.016
391.377 1202.016
445.923 1202.016
500.468 1202.016
555.014 1202.016
609.559 1202.016
664.105 1202.016
718.650 1202.016
773.195 1202.016
827.741 1202.016
882.286 1202.016
936.832 1202.016
991.377 1202.016
1045.923 1202.016
1100.468 1202.016
1155.014 1202.016
1209.559 1202.016
1264.105 1202.016
1318.650 1202.016
1373.195 1202.016
1427.741 1202.016
1482.286 1202.016
1536.832 1202.016
1591.377 1202.016
1645.923 1202.016
1700.468 1202.016
1755.014 1202.016
1809.559 1202.016
282.286 1256.562
336.832 1256.562
391.377 1256.562
445.923 1256.562
500.468 1256.562
555.014 1256.562
609.559 1256.562
664.105 1256.562
718.650 1256.562
773.195 1256.562
827.741 1256.562
882.286 1256.562
936.832 1256.562
991.377 1256.562
1045.923 1256.562
1100.468 1256.562
1155.014 1256.562
1209.559 1256.562
1264.105 1256.562
1318.650 1256.562
1373.195 1256.562
1427.741 1256.562
1482.286 1256.562
1536.832 1256.562
1591.377 1256.562
1645.923 1256.562
1700.468 1256.562
1755.014 1256.562
1809.559 1256.562
282.286 1311.107
336.832 1311.107
391.377 1311.107
445.923 1311.107
500.468 1311.107
555.014 1311.107
609.559 1311.107
664.105 1311.107
718.650 1311.107
773.195 1311.107
827.741 1311.107
882.286 1311.107
936.832 1311.107
991.377 1311.107
1045.923 1311.107
1100.468 1311.107
1155.014 1311.107
1209.559 1311.107
1264.105 1311.107
1318.650 1311.107
1373.195 1311.107
1427.741 1311.107
1482.286 1311.107
1536.832 1311.107
1591.377 1311.107
1645.923 1311.107
1700.468 1311.107
1755.014 1311.107
1809.559 1311.107
336.832 1365.653
391.377 1365.653
445.923 1365.653
500.468 1365.653
555.014 1365.653
609.559 1365.653
664.105 1365.653
718.650 1365.653
773.195 1365.653
827.741 1365.653
882.286 1365.653
936.832 1365.653
991.377 1365.653
1045.923 1365.653
1100.468 1365.653
1155.014 1365.653
1209.559 1365.653
1264.105 1365.653
1318.650 1365.653
1373.195 1365.653
1427.741 1365.653
1482.286 1365.653
1536.832 1365.653
1591.377 1365.653
1645.923 1365.653
1700.468 1365.653
1755.014 1365.653
336.832 1420.198
391.377 1420.198
445.923 1420.198
500.468 1420.198
555.014 1420.198
609.559 1420.198
664.105 1420.198
718.650 1420.198
773.195 1420.198
827.741 1420.198
882.286 1420.198
936.832 1420.198
991.377 1420.198
1045.923 1420.198
1100.468 1420.198
1155.014 1420.198
1209.559 1420.198
1264.105 1420.198
1318.650 1420.198
1373.195 1420.198
1427.741 1420.198
1482.286 1420.198
1536.832 1420.198
1591.377 1420.198
1645.923 1420.198
1700.468 1420.198
1755.014 1420.198
391.377 1474.744
445.923 1474.744
500.468 1474.744
555.014 1474.744
609.559 1474.744
664.105 1474.744
718.650 1474.744
773.195 1474.744
827.741 1474.744
882.286 1474.744
936.832 1474.744
991.377 1474.744
1045.923 1474.744
1100.468 1474.744
1155.014 1474.744
1209.559 1474.744
1264.105 1474.744
1318.650 1474.744
1373.195 1474.744
1427.741 1474.744
1482.286 1474.744
1536.832 1474.744
1591.377 1474.744
1645.923 1474.744
1700.468 1474.744
445.923 1529.289
500.468 1529.289
555.014 1529.289
609.559 1529.289
664.105 1529.289
718.650 1529.289
773.195 1529.289
827.741 1529.289
882.286 1529.289
936.832 1529.289
991.377 1529.289
1045.923 1529.289
1100.468 1529.289
1155.014 1529.289
1209.559 1529.289
1264.105 1529.289
1318.650 1529.289
1373.195 1529.289
1427.741 1529.289
1482.286 1529.289
1536.832 1529.289
1591.377 1529.289
1645.923 1529.289
500.468 1583.835
555.014 1583.835
609.559 1583.835
664.105 1583.835
718.650 1583.835
773.195 1583.835
827.741 1583.835
882.286 1583.835
936.832 1583.835
991.377 1583.835
1045.923 1583.835
1100.468 1583.835
1155.014 1583.835
1209.559 1583.835
1264.105 1583.835
1318.650 1583.835
1373.195 1583.835
1427.741 1583.835
1482.286 1583.835
1536.832 1583.835
1591.377 1583.835
555.014 1638.380
609.559 1638.380
664.105 1638.380
718.650 1638.380
773.195 1638.380
827.741 1638.380
882.286 1638.380
936.832 1638.380
991.377 1638.380
1045.923 1638.380
1100.468 1638.380
1155.014 1638.380
1209.559 1638.380
1264.105 1638.380
1318.650 1638.380
1373.195 1638.380
1427.741 1638.380
1482.286 1638.380
1536.832 1638.380
609.559 1692.926
664.105 1692.926
718.650 1692.926
773.195 1692.926
827.741 1692.926
882.286 1692.926
936.832 1692.926
991.377 1692.926
1045.923 1692.926
1100.468 1692.926
1155.014 1692.926
1209.559 1692.926
1264.105 1692.926
1318.650 1692.926
1373.195 1692.926
1427.741 1692.926
1482.286 1692.926
718.650 1747.471
773.195 1747.471
827.741 1747.471
882.286 1747.471
936.832 1747.471
991.377 1747.471
1045.923 1747.471
1100.468 1747.471
1155.014 1747.471
1209.559 1747.471
1264.105 1747.471
1318.650 1747.471
1373.195 1747.471
