710.594 228.370
765.140 228.370
819.685 228.370
874.230 228.370
928.776 228.370
983.321 228.370
1037.867 228.370
1092.412 228.370
1146.958 228.370
1201.503 228.370
1256.049 228.370
1310.594 228.370
1365.140 228.370
601.503 282.916
656.049 282.916
710.594 282.916
765.140 282.916
819.685 282.916
874.230 282.916
928.776 282.916
983.321 282.916
1037.867 282.916
1092.412 282.916
1146.958 282.916
1201.503 282.916
1256.049 282.916
1310.594 282.916
1365.140 282.916
1419.685 282.916
1474.230 282.916
546.958 337.461
601.503 337.461
656.049 337.461
710.594 337.461
765.140 337.461
819.685 337.461
874.230 337.461
928.776 337.461
983.321 337.461
1037.867 337.461
1092.412 337.461
1146.958 337.461
1201.503 337.461
1256.049 337.461
1310.594 337.461
1365.140 337.461
1419.685 337.461
1474.230 337.461
1528.776 337.461
492.412 392.007
546.958 392.007
601.503 392.007
656.049 392.007
710.594 392.007
765.140 392.007
819.685 392.007
874.230 392.007
928.776 392.007
983.321 392.007
1037.867 392.007
1092.412 392.007
1146.958 392.007
1201.503 392.007
1256.049 392.007
1310.594 392.007
1365.140 392.007
1419.685 392.007
1474.230 392.007
1528.776 392.007
1583.321 392.007
437.867 446.552
492.412 446.552
546.958 446.552
601.503 446.552
656.049 446.552
710.594 446.552
765.140 446.552
819.685 446.552
874.230 446.552
928.776 446.552
983.321 446.552
1037.867 446.552
1092.412 446.552
1146.958 446.552
1201.503 446.552
1256.049 446.552
1310.594 446.552
1365.140 446.552
1419.685 446.552
1474.230 446.552
1528.776 446.552
1583.321 446.552
1637.867 446.552
383.321 501.097
437.867 501.097
492.412 501.097
546.958 501.097
601.503 501.097
656.049 501.097
710.594 501.097
765.140 501.097
819.685 501.097
874.230 501.097
928.776 501.097
983.321 501.097
1037.867 501.097
1092.412 501.097
1146.958 501.097
1201.503 501.097
1256.049 501.097
1310.594 501.097
1365.140 501.097
1419.685 501.097
1474.230 501.097
1528.776 501.097
1583.321 501.097
1637.867 501.097
1692.412 501.097
328.776 555.643
383.321 555.643
437.867 555.643
492.412 555.643
546.958 555.643
601.503 555.643
656.049 555.643
710.594 555.643
765.140 555.643
819.685 555.643
874.230 555.643
928.776 555.643
983.321 555.643
1037.867 555.643
1092.412 555.643
1146.958 555.643
1201.503 555.643
1256.049 555.643
1310.594 555.643
1365.140 555.643
1419.685 555.643
1474.230 555.643
1528.776 555.643
1583.321 555.643
1637.867 555.643
1692.412 555.643
1746.958 555.643
328.776 610.188
383.321 610.188
437.867 610.188
492.412 610.188
546.958 610.188
601.503 610.188
656.049 610.188
710.594 610.188
765.140 610.188
819.685 610.188
874.230 610.188
928.776 610.188
983.321 610.188
1037.867 610.188
1092.412 610.188
1146.958 610.188
1201.503 610.188
1256.049 610.188
1310.594 610.188
1365.140 610.188
1419.685 610.188
1474.230 610.188
1528.776 610.188
1583.321 610.188
1637.867 610.188
1692.412 610.188
1746.958 610.188
274.230 664.734
328.776 664.734
383.321 664.734
437.867 664.734
492.412 664.734
546.958 664.734
601.503 664.734
656.049 664.734
710.594 664.734
765.140 664.734
819.685 664.734
874.230 664.734
928.776 664.734
983.321 664.734
1037.867 664.734
1092.412 664.734
1146.958 664.734
1201.503 664.734
1256.049 664.734
1310.594 664.734
1365.140 664.734
1419.685 664.734
1474.230 664.734
1528.776 664.734
1583.321 664.734
1637.867 664.734
1692.412 664.734
1746.958 664.734
1801.503 664.734
274.230 719.279
328.776 719.279
383.321 719.279
437.867 719.279
492.412 719.279
546.958 719.279
601.503 719.279
656.049 719.279
710.594 719.279
765.140 719.279
819.685 719.279
874.230 719.279
928.776 719.279
983.321 719.279
1037.867 719.279
1092.412 719.279
1146.958 719.279
1201.503 719.279
1256.049 719.279
1310.594 719.279
1365.140 719.279
1419.685 719.279
1474.230 719.279
1528.776 719.279
1583.321 719.279
1637.867 719.279
1692.412 719.279
1746.958 719.279
1801.503 719.279
274.230 773.825
328.776 773.825
383.321 773.825
437.867 773.825
492.412 773.825
546.958 773.825
601.503 773.825
656.049 773.825
710.594 773.825
765.140 773.825
819.685 773.825
874.230 773.825
928.776 773.825
983.321 773.825
1037.867 773.825
1092.412 773.825
1146.958 773.825
1201.503 773.825
1256.049 773.825
1310.594 773.825
1365.140 773.825
1419.685 773.825
1474.230 773.825
1528.776 773.825
1583.321 773.825
1637.867 773.825
1692.412 773.825
1746.958 773.825
1801.503 773.825
274.230 828.370
328.776 828.370
383.321 828.370
437.867 828.370
492.412 828.370
546.958 828.370
601.503 828.370
656.049 828.370
710.594 828.370
765.140 828.370
819.685 828.370
874.230 828.370
928.776 828.370
983.321 828.370
1037.867 828.370
1092.412 828.370
1146.958 828.370
1201.503 828.370
1256.049 828.370
1310.594 828.370
1365.140 828.370
1419.685 828.370
1474.230 828.370
1528.776 828.370
1583.321 828.370
1637.867 828.370
1692.412 828.370
1746.958 828.370
1801.503 828.370
274.230 882.916
328.776 882.916
383.321 882.916
437.867 882.916
492.412 882.916
546.958 882.916
601.503 882.916
656.049 882.916
710.594 882.916
765.140 882.916
819.685 882.916
874.230 882.916
928.776 882.916
983.321 882.916
1037.867 882.916
1092.412 882.916
1146.958 882.916
1201.503 882.916
1256.049 882.916
1310.594 882.916
1365.140 882.916
1419.685 882.916
1474.230 882.916
1528.776 882.916
1583.321 882.916
1637.867 882.916
1692.412 882.916
1746.958 882.916
1801.503 882.916
274.230 937.461
328.776 937.461
383.321 937.461
437.867 937.461
492.412 937.461
546.958 937.461
601.503 937.461
656.049 937.461
710.594 937.461
765.140 937.461
819.685 937.461
874.230 937.461
928.776 937.461
983.321 937.461
1037.867 937.461
1092.412 937.461
1146.958 937.461
1201.503 937.461
1256.049 937.461
1310.594 937.461
1365.140 937.461
1419.685 937.461
1474.230 937.461
1528.776 937.461
1583.321 937.461
1637.867 937.461
1692.412 937.461
1746.958 937.461
1801.503 937.461
274.230 992.007
328.776 992.007
383.321 992.007
437.867 992.007
492.412 992.007
546.958 992.007
601.503 992.007
656.049 992.007
710.594 992.007
765.140 992.007
819.685 992.007
874.230 992.007
928.776 992.007
983.321 992.007
1037.867 992.007
1092.412 992.007
1146.958 992.007
1201.503 992.007
1256.049 992.007
1310.594 992.007
1365.140 992.007
1419.685 992.007
1474.230 992.007
1528.776 992.007
1583.321 992.007
1637.867 992.007
1692.412 992.007
1746.958 992.007
1801.503 992.007
274.230 1046.552
328.776 1046.552
383.321 1046.552
437.867 1046.552
492.412 1046.552
546.958 1046.552
601.503 1046.552
656.049 1046.552
710.594 1046.552
765.140 1046.552
819.685 1046.552
874.230 1046.552
928.776 1046.552
983.321 1046.552
1037.867 1046.552
1092.412 1046.552
1146.958 1046.552
1201.503 1046.552
1256.049 1046.552
1310.594 1046.552
1365.140 1046.552
1419.685 1046.552
1474.230 1046.552
1528.776 1046.552
1583.321 1046.552
1637.867 1046.552
1692.412 1046.552
1746.958 1046.552
1801.503 1046.552
274.230 1101.097
328.776 1101.097
383.321 1101.097
437.867 1101.097
492.412 1101.097
546.958 1101.097
601.503 1101.097
656.049 1101.097
710.594 1101.097
765.140 1101.097
819.685 1101.097
874.230 1101.097
928.776 1101.097
983.321 1101.097
1037.867 1101.097
1092.412 1101.097
1146.958 1101.097
1201.503 1101.097
1256.049 1101.097
1310.594 1101.097
1365.140 1101.097
1419.685 1101.097
1474.230 1101.097
1528.776 1101.097
1583.321 1101.097
1637.867 1101.097
1692.412 1101.097
1746.958 1101.097
1801.503 1101.097
274.230 1155.643
328.776 1155.643
383.321 1155.643
437.867 1155.643
492.412 1155.643
546.958 1155.643
601.503 1155.643
656.049 1155.643
710.594 1155.643
765.140 1155.643
819.685 1155.643
874.230 1155.643
928.776 1155.643
983.321 1155.643
1037.867 1155.643
1092.412 1155.643
1146.958 1155.643
1201.503 1155.643
1256.049 1155.643
1310.594 1155.643
1365.140 1155.643
1419.685 1155.643
1474.230 1155.643
1528.776 1155.643
1583.321 1155.643
1637.867 1155.643
1692.412 1155.643
1746.958 1155.643
1801.503 1155.643
274.230 1210.188
328.776 1210.188
383.321 1210.188
437.867 1210.188
492.412 1210.188
546.958 1210.188
601.503 1210.188
656.049 1210.188
710.594 1210.188
765.140 1210.188
819.685 1210.188
874.230 1210.188
928.776 1210.188
983.321 1210.188
1037.867 1210.188
1092.412 1210.188
1146.958 1210.188
1201.503 1210.188
1256.049 1210.188
1310.594 1210.188
1365.140 1210.188
1419.685 1210.188
1474.230 1210.188
1528.776 1210.188
1583.321 1210.188
1637.867 1210.188
1692.412 1210.188
1746.958 1210.188
1801.503 1210.188
274.230 1264.734
328.776 1264.734
383.321 1264.734
437.867 1264.734
492.412 1264.734
546.958 1264.734
601.503 1264.734
656.049 1264.734
710.594 1264.734
765.140 1264.734
819.685 1264.734
874.230 1264.734
928.776 1264.734
983.321 1264.734
1037.867 1264.734
1092.412 1264.734
1146.958 1264.734
1201.503 1264.734
1256.049 1264.734
1310.594 1264.734
1365.140 1264.734
1419.685 1264.734
1474.230 1264.734
1528.776 1264.734
1583.321 1264.734
1637.867 1264.734
1692.412 1264.734
1746.958 1264.734
1801.503 1264.734
274.230 1319.279
328.776 1319.279
383.321 1319.279
437.867 1319.279
492.412 1319.279
546.958 1319.279
601.503 1319.279
656.049 1319.279
710.594 1319.279
765.140 1319.279
819.685 1319.279
874.230 1319.279
928.776 1319.279
983.321 1319.279
1037.867 1319.279
1092.412 1319.279
1146.958 1319.279
1201.503 1319.279
1256.049 1319.279
1310.594 1319.279
1365.140 1319.279
1419.685 1319.279
1474.230 1319.279
1528.776 1319.279
1583.321 1319.279
1637.867 1319.279
1692.412 1319.279
1746.958 1319.279
1801.503 1319.279
328.776 1373.825
383.321 1373.825
437.867 1373.825
492.412 1373.825
546.958 1373.825
601.503 1373.825
656.049 1373.825
710.594 1373.825
765.140 1373.825
819.685 1373.825
874.230 1373.825
928.776 1373.825
983.321 1373.825
1037.867 1373.825
1092.412 1373.825
1146.958 1373.825
1201.503 1373.825
1256.049 1373.825
1310.594 1373.825
1365.140 1373.825
1419.685 1373.825
1474.230 1373.825
1528.776 1373.825
1583.321 1373.825
1637.867 1373.825
1692.412 1373.825
1746.958 1373.825
328.776 1428.370
383.321 1428.370
437.867 1428.370
492.412 1428.370
546.958 1428.370
601.503 1428.370
656.049 1428.370
710.594 1428.370
765.140 1428.370
819.685 1428.370
874.230 1428.370
928.776 1428.370
983.321 1428.370
1037.867 1428.370
1092.412 1428.370
1146.958 1428.370
1201.503 1428.370
1256.049 1428.370
1310.594 1428.370
1365.140 1428.370
1419.685 1428.370
1474.230 1428.370
1528.776 1428.370
1583.321 1428.370
1637.867 1428.370
1692.412 1428.370
1746.958 1428.370
383.321 1482.916
437.867 1482.916
492.412 1482.916
546.958 1482.916
601.503 1482.916
656.049 1482.916
710.594 1482.916
765.140 1482.916
819.685 1482.916
874.230 1482.916
928.776 1482.916
983.321 1482.916
1037.867 1482.916
1092.412 1482.916
1146.958 1482.916
1201.503 1482.916
1256.049 1482.916
1310.594 1482.916
1365.140 1482.916
1419.685 1482.916
1474.230 1482.916
1528.776 1482.916
1583.321 1482.916
1637.867 1482.916
1692.412 1482.916
437.867 1537.461
492.412 1537.461
546.958 1537.461
601.503 1537.461
656.049 1537.461
710.594 1537.461
765.140 1537.461
819.685 1537.461
874.230 1537.461
928.776 1537.461
983.321 1537.461
1037.867 1537.461
1092.412 1537.461
1146.958 1537.461
1201.503 1537.461
1256.049 1537.461
1310.594 1537.461
1365.140 1537.461
1419.685 1537.461
1474.230 1537.461
1528.776 1537.461
1583.321 1537.461
1637.867 1537.461
492.412 1592.007
546.958 1592.007
601.503 1592.007
656.049 1592.007
710.594 1592.007
765.140 1592.007
819.685 1592.007
874.230 1592.007
928.776 1592.007
983.321 1592.007
1037.867 1592.007
1092.412 1592.007
1146.958 1592.007
1201.503 1592.007
1256.049 1592.007
1310.594 1592.007
1365.140 1592.007
1419.685 1592.007
1474.230 1592.007
1528.776 1592.007
1583.321 1592.007
546.958 1646.552
601.503 1646.552
656.049 1646.552
710.594 1646.552
765.140 1646.552
819.685 1646.552
874.230 1646.552
928.776 1646.552
983.321 1646.552
1037.867 1646.552
1092.412 1646.552
1146.958 1646.552
1201.503 1646.552
1256.049 1646.552
1310.594 1646.552
1365.140 1646.552
1419.685 1646.552
1474.230 1646.552
1528.776 1646.552
601.503 1701.097
656.049 1701.097
710.594 1701.097
765.140 1701.097
819.685 1701.097
874.230 1701.097
928.776 1701.097
983.321 1701.097
1037.867 1701.097
1092.412 1701.097
1146.958 1701.097
1201.503 1701.097
1256.049 1701.097
1310.594 1701.097
1365.140 1701.097
1419.685 1701.097
1474.230 1701.097
710.594 1755.643
765.140 1755.643
819.685 1755.643
874.230 1755.643
928.776 1755.643
983.321 1755.643
1037.867 1755.643
1092.412 1755.643
1146.958 1755.643
1201.503 1755.643
1256.049 1755.643
1310.594 1755.643
1365.140 1755.643
