718.713 220.206
773.258 220.206
827.803 220.206
882.349 220.206
936.894 220.206
991.440 220.206
1045.985 220.206
1100.531 220.206
1155.076 220.206
1209.622 220.206
1264.167 220.206
1318.713 220.206
1373.258 220.206
609.622 274.752
664.167 274.752
718.713 274.752
773.258 274.752
827.803 274.752
882.349 274.752
936.894 274.752
991.440 274.752
1045.985 274.752
1100.531 274.752
1155.076 274.752
1209.622 274.752
1264.167 274.752
1318.713 274.752
1373.258 274.752
1427.803 274.752
1482.349 274.752
555.076 329.297
609.622 329.297
664.167 329.297
718.713 329.297
773.258 329.297
827.803 329.297
882.349 329.297
936.894 329.297
991.440 329.297
1045.985 329.297
1100.531 329.297
1155.076 329.297
1209.622 329.297
1264.167 329.297
1318.713 329.297
1373.258 329.297
1427.803 329.297
1482.349 329.297
1536.894 329.297
500.531 383.843
555.076 383.843
609.622 383.843
664.167 383.843
718.713 383.843
773.258 383.843
827.803 383.843
882.349 383.843
936.894 383.843
991.440 383.843
1045.985 383.843
1100.531 383.843
1155.076 383.843
1209.622 383.843
1264.167 383.843
1318.713 383.843
1373.258 383.843
1427.803 383.843
1482.349 383.843
1536.894 383.843
1591.440 383.843
445.985 438.388
500.531 438.388
555.076 438.388
609.622 438.388
664.167 438.388
718.713 438.388
773.258 438.388
827.803 438.388
882.349 438.388
936.894 438.388
991.440 438.388
1045.985 438.388
1100.531 438.388
1155.076 438.388
1209.622 438.388
1264.167 438.388
1318.713 438.388
1373.258 438.388
1427.803 438.388
1482.349 438.388
1536.894 438.388
1591.440 438.388
1645.985 438.388
391.440 492.934
445.985 492.934
500.531 492.934
555.076 492.934
609.622 492.934
664.167 492.934
718.713 492.934
773.258 492.934
827.803 492.934
882.349 492.934
936.894 492.934
991.440 492.934
1045.985 492.934
1100.531 492.934
1155.076 492.934
1209.622 492.934
1264.167 492.934
1318.713 492.934
1373.258 492.934
1427.803 492.934
1482.349 492.934
1536.894 492.934
1591.440 492.934
1645.985 492.934
1700.531 492.934
336.894 547.479
391.440 547.479
445.985 547.479
500.531 547.479
555.076 547.479
609.622 547.479
664.167 547.479
718.713 547.479
773.258 547.479
827.803 547.479
882.349 547.479
936.894 547.479
991.440 547.479
1045.985 547.479
1100.531 547.479
1155.076 547.479
1209.622 547.479
1264.167 547.479
1318.713 547.479
1373.258 547.479
1427.803 547.479
1482.349 547.479
1536.894 547.479
1591.440 547.479
1645.985 547.479
1700.531 547.479
1755.076 547.479
336.894 602.025
391.440 602.025
445.985 602.025
500.531 602.025
555.076 602.025
609.622 602.025
664.167 602.025
718.713 602.025
773.258 602.025
827.803 602.025
882.349 602.025
936.894 602.025
991.440 602.025
1045.985 602.025
1100.531 602.025
1155.076 602.025
1209.622 602.025
1264.167 602.025
1318.713 602.025
1373.258 602.025
1427.803 602.025
1482.349 602.025
1536.894 602.025
1591.440 602.025
1645.985 602.025
1700.531 602.025
1755.076 602.025
282.349 656.570
336.894 656.570
391.440 656.570
445.985 656.570
500.531 656.570
555.076 656.570
609.622 656.570
664.167 656.570
718.713 656.570
773.258 656.570
827.803 656.570
882.349 656.570
936.894 656.570
991.440 656.570
1045.985 656.570
1100.531 656.570
1155.076 656.570
1209.622 656.570
1264.167 656.570
1318.713 656.570
1373.258 656.570
1427.803 656.570
1482.349 656.570
1536.894 656.570
1591.440 656.570
1645.985 656.570
1700.531 656.570
1755.076 656.570
1809.622 656.570
282.349 711.115
336.894 711.115
391.440 711.115
445.985 711.115
500.531 711.115
555.076 711.115
609.622 711.115
664.167 711.115
718.713 711.115
773.258 711.115
827.803 711.115
882.349 711.115
936.894 711.115
991.440 711.115
1045.985 711.115
1100.531 711.115
1155.076 711.115
1209.622 711.115
1264.167 711.115
1318.713 711.115
1373.258 711.115
1427.803 711.115
1482.349 711.115
1536.894 711.115
1591.440 711.115
1645.985 711.115
1700.531 711.115
1755.076 711.115
1809.622 711.115
282.349 765.661
336.894 765.661
391.440 765.661
445.985 765.661
500.531 765.661
555.076 765.661
609.622 765.661
664.167 765.661
718.713 765.661
773.258 765.661
827.803 765.661
882.349 765.661
936.894 765.661
991.440 765.661
1045.985 765.661
1100.531 765.661
1155.076 765.661
1209.622 765.661
1264.167 765.661
1318.713 765.661
1373.258 765.661
1427.803 765.661
1482.349 765.661
1536.894 765.661
1591.440 765.661
1645.985 765.661
1700.531 765.661
1755.076 765.661
1809.622 765.661
282.349 820.206
336.894 820.206
391.440 820.206
445.985 820.206
500.531 820.206
555.076 820.206
609.622 820.206
664.167 820.206
718.713 820.206
773.258 820.206
827.803 820.206
882.349 820.206
936.894 820.206
991.440 820.206
1045.985 820.206
1100.531 820.206
1155.076 820.206
1209.622 820.206
1264.167 820.206
1318.713 820.206
1373.258 820.206
1427.803 820.206
1482.349 820.206
1536.894 820.206
1591.440 820.206
1645.985 820.206
1700.531 820.206
1755.076 820.206
1809.622 820.206
282.349 874.752
336.894 874.752
391.440 874.752
445.985 874.752
500.531 874.752
555.076 874.752
609.622 874.752
664.167 874.752
718.713 874.752
773.258 874.752
827.803 874.752
882.349 874.752
936.894 874.752
991.440 874.752
1045.985 874.752
1100.531 874.752
1155.076 874.752
1209.622 874.752
1264.167 874.752
1318.713 874.752
1373.258 874.752
1427.803 874.752
1482.349 874.752
1536.894 874.752
1591.440 874.752
1645.985 874.752
1700.531 874.752
1755.076 874.752
1809.622 874.752
282.349 929.297
336.894 929.297
391.440 929.297
445.985 929.297
500.531 929.297
555.076 929.297
609.622 929.297
664.167 929.297
718.713 929.297
773.258 929.297
827.803 929.297
882.349 929.297
936.894 929.297
991.440 929.297
1045.985 929.297
1100.531 929.297
1155.076 929.297
1209.622 929.297
1264.167 929.297
1318.713 929.297
1373.258 929.297
1427.803 929.297
1482.349 929.297
1536.894 929.297
1591.440 929.297
1645.985 929.297
1700.531 929.297
1755.076 929.297
1809.622 929.297
282.349 983.843
336.894 983.843
391.440 983.843
445.985 983.843
500.531 983.843
555.076 983.843
609.622 983.843
664.167 983.843
718.713 983.843
773.258 983.843
827.803 983.843
882.349 983.843
936.894 983.843
991.440 983.843
1045.985 983.843
1100.531 983.843
1155.076 983.843
1209.622 983.843
1264.167 983.843
1318.713 983.843
1373.258 983.843
1427.803 983.843
1482.349 983.843
1536.894 983.843
1591.440 983.843
1645.985 983.843
1700.531 983.843
1755.076 983.843
1809.622 983.843
282.349 1038.388
336.894 1038.388
391.440 1038.388
445.985 1038.388
500.531 1038.388
555.076 1038.388
609.622 1038.388
664.167 1038.388
718.713 1038.388
773.258 1038.388
827.803 1038.388
882.349 1038.388
936.894 1038.388
991.440 1038.388
1045.985 1038.388
1100.531 1038.388
1155.076 1038.388
1209.622 1038.388
1264.167 1038.388
1318.713 1038.388
1373.258 1038.388
1427.803 1038.388
1482.349 1038.388
1536.894 1038.388
1591.440 1038.388
1645.985 1038.388
1700.531 1038.388
1755.076 1038.388
1809.622 1038.388
282.349 1092.934
336.894 1092.934
391.440 1092.934
445.985 1092.934
500.531 1092.934
555.076 1092.934
609.622 1092.934
664.167 1092.934
718.713 1092.934
773.258 1092.934
827.803 1092.934
882.349 1092.934
936.894 1092.934
991.440 1092.934
1045.985 1092.934
1100.531 1092.934
1155.076 1092.934
1209.622 1092.934
1264.167 1092.934
1318.713 1092.934
1373.258 1092.934
1427.803 1092.934
1482.349 1092.934
1536.894 1092.934
1591.440 1092.934
1645.985 1092.934
1700.531 1092.934
1755.076 1092.934
1809.622 1092.934
282.349 1147.479
336.894 1147.479
391.440 1147.479
445.985 1147.479
500.531 1147.479
555.076 1147.479
609.622 1147.479
664.167 1147.479
718.713 1147.479
773.258 1147.479
827.803 1147.479
882.349 1147.479
936.894 1147.479
991.440 1147.479
1045.985 1147.479
1100.531 1147.479
1155.076 1147.479
1209.622 1147.479
1264.167 1147.479
1318.713 1147.479
1373.258 1147.479
1427.803 1147.479
1482.349 1147.479
1536.894 1147.479
1591.440 1147.479
1645.985 1147.479
1700.531 1147.479
1755.076 1147.479
1809.622 1147.479
282.349 1202.025
336.894 1202.025
391.440 1202.025
445.985 1202.025
500.531 1202.025
555.076 1202.025
609.622 1202.025
664.167 1202.025
718.713 1202.025
773.258 1202.025
827.803 1202.025
882.349 1202.025
936.894 1202.025
991.440 1202.025
1045.985 1202.025
1100.531 1202.025
1155.076 1202.025
1209.622 1202.025
1264.167 1202.025
1318.713 1202.025
1373.258 1202.025
1427.803 1202.025
1482.349 1202.025
1536.894 1202.025
1591.440 1202.025
1645.985 1202.025
1700.531 1202.025
1755.076 1202.025
1809.622 1202.025
282.349 1256.570
336.894 1256.570
391.440 1256.570
445.985 1256.570
500.531 1256.570
555.076 1256.570
609.622 1256.570
664.167 1256.570
718.713 1256.570
773.258 1256.570
827.803 1256.570
882.349 1256.570
936.894 1256.570
991.440 1256.570
1045.985 1256.570
1100.531 1256.570
1155.076 1256.570
1209.622 1256.570
1264.167 1256.570
1318.713 1256.570
1373.258 1256.570
1427.803 1256.570
1482.349 1256.570
1536.894 1256.570
1591.440 1256.570
1645.985 1256.570
1700.531 1256.570
1755.076 1256.570
1809.622 1256.570
282.349 1311.115
336.894 1311.115
391.440 1311.115
445.985 1311.115
500.531 1311.115
555.076 1311.115
609.622 1311.115
664.167 1311.115
718.713 1311.115
773.258 1311.115
827.803 1311.115
882.349 1311.115
936.894 1311.115
991.440 1311.115
1045.985 1311.115
1100.531 1311.115
1155.076 1311.115
1209.622 1311.115
1264.167 1311.115
1318.713 1311.115
1373.258 1311.115
1427.803 1311.115
1482.349 1311.115
1536.894 1311.115
1591.440 1311.115
1645.985 1311.115
1700.531 1311.115
1755.076 1311.115
1809.622 1311.115
336.894 1365.661
391.440 1365.661
445.985 1365.661
500.531 1365.661
555.076 1365.661
609.622 1365.661
664.167 1365.661
718.713 1365.661
773.258 1365.661
827.803 1365.661
882.349 1365.661
936.894 1365.661
991.440 1365.661
1045.985 1365.661
1100.531 1365.661
1155.076 1365.661
1209.622 1365.661
1264.167 1365.661
1318.713 1365.661
1373.258 1365.661
1427.803 1365.661
1482.349 1365.661
1536.894 1365.661
1591.440 1365.661
1645.985 1365.661
1700.531 1365.661
1755.076 1365.661
336.894 1420.206
391.440 1420.206
445.985 1420.206
500.531 1420.206
555.076 1420.206
609.622 1420.206
664.167 1420.206
718.713 1420.206
773.258 1420.206
827.803 1420.206
882.349 1420.206
936.894 1420.206
991.440 1420.206
1045.985 1420.206
1100.531 1420.206
1155.076 1420.206
1209.622 1420.206
1264.167 1420.206
1318.713 1420.206
1373.258 1420.206
1427.803 1420.206
1482.349 1420.206
1536.894 1420.206
1591.440 1420.206
1645.985 1420.206
1700.531 1420.206
1755.076 1420.206
391.440 1474.752
445.985 1474.752
500.531 1474.752
555.076 1474.752
609.622 1474.752
664.167 1474.752
718.713 1474.752
773.258 1474.752
827.803 1474.752
882.349 1474.752
936.894 1474.752
991.440 1474.752
1045.985 1474.752
1100.531 1474.752
1155.076 1474.752
1209.622 1474.752
1264.167 1474.752
1318.713 1474.752
1373.258 1474.752
1427.803 1474.752
1482.349 1474.752
1536.894 1474.752
1591.440 1474.752
1645.985 1474.752
1700.531 1474.752
445.985 1529.297
500.531 1529.297
555.076 1529.297
609.622 1529.297
664.167 1529.297
718.713 1529.297
773.258 1529.297
827.803 1529.297
882.349 1529.297
936.894 1529.297
991.440 1529.297
1045.985 1529.297
1100.531 1529.297
1155.076 1529.297
1209.622 1529.297
1264.167 1529.297
1318.713 1529.297
1373.258 1529.297
1427.803 1529.297
1482.349 1529.297
1536.894 1529.297
1591.440 1529.297
1645.985 1529.297
500.531 1583.843
555.076 1583.843
609.622 1583.843
664.167 1583.843
718.713 1583.843
773.258 1583.843
827.803 1583.843
882.349 1583.843
936.894 1583.843
991.440 1583.843
1045.985 1583.843
1100.531 1583.843
1155.076 1583.843
1209.622 1583.843
1264.167 1583.843
1318.713 1583.843
1373.258 1583.843
1427.803 1583.843
1482.349 1583.843
1536.894 1583.843
1591.440 1583.843
555.076 1638.388
609.622 1638.388
664.167 1638.388
718.713 1638.388
773.258 1638.388
827.803 1638.388
882.349 1638.388
936.894 1638.388
991.440 1638.388
1045.985 1638.388
1100.531 1638.388
1155.076 1638.388
1209.622 1638.388
1264.167 1638.388
1318.713 1638.388
1373.258 1638.388
1427.803 1638.388
1482.349 1638.388
1536.894 1638.388
609.622 1692.934
664.167 1692.934
718.713 1692.934
773.258 1692.934
827.803 1692.934
882.349 1692.934
936.894 1692.934
991.440 1692.934
1045.985 1692.934
1100.531 1692.934
1155.076 1692.934
1209.622 1692.934
1264.167 1692.934
1318.713 1692.934
1373.258 1692.934
1427.803 1692.934
1482.349 1692.934
718.713 1747.479
773.258 1747.479
827.803 1747.479
882.349 1747.479
936.894 1747.479
991.440 1747.479
1045.985 1747.479
1100.531 1747.479
1155.076 1747.479
1209.622 1747.479
1264.167 1747.479
1318.713 1747.479
1373.258 1747.479
