8.501698361334271112e+02 2.417251159497633353e+02
9.047152906788816153e+02 2.417251159497633353e+02
9.592607452243362332e+02 2.417251159497633353e+02
1.013806199769790737e+03 2.417251159497633353e+02
1.068351654315245241e+03 2.417251159497633353e+02
1.122897108860699745e+03 2.417251159497633353e+02
1.177442563406154250e+03 2.417251159497633353e+02
6.865334724970634852e+02 2.962705704952178394e+02
7.410789270425179893e+02 2.962705704952178394e+02
7.956243815879724934e+02 2.962705704952178394e+02
8.501698361334271112e+02 2.962705704952178394e+02
9.047152906788816153e+02 2.962705704952178394e+02
9.592607452243362332e+02 2.962705704952178394e+02
1.013806199769790737e+03 2.962705704952178394e+02
1.068351654315245241e+03 2.962705704952178394e+02
1.122897108860699745e+03 2.962705704952178394e+02
1.177442563406154250e+03 2.962705704952178394e+02
1.231988017951608981e+03 2.962705704952178394e+02
1.286533472497063485e+03 2.962705704952178394e+02
1.341078927042517989e+03 2.962705704952178394e+02
5.774425634061543633e+02 3.508160250406724572e+02
6.319880179516089811e+02 3.508160250406724572e+02
6.865334724970634852e+02 3.508160250406724572e+02
7.410789270425179893e+02 3.508160250406724572e+02
7.956243815879724934e+02 3.508160250406724572e+02
8.501698361334271112e+02 3.508160250406724572e+02
9.047152906788816153e+02 3.508160250406724572e+02
9.592607452243362332e+02 3.508160250406724572e+02
1.013806199769790737e+03 3.508160250406724572e+02
1.068351654315245241e+03 3.508160250406724572e+02
1.122897108860699745e+03 3.508160250406724572e+02
1.177442563406154250e+03 3.508160250406724572e+02
1.231988017951608981e+03 3.508160250406724572e+02
1.286533472497063485e+03 3.508160250406724572e+02
1.341078927042517989e+03 3.508160250406724572e+02
1.395624381587972493e+03 3.508160250406724572e+02
1.450169836133426998e+03 3.508160250406724572e+02
5.228971088606998592e+02 4.053614795861269613e+02
5.774425634061543633e+02 4.053614795861269613e+02
6.319880179516089811e+02 4.053614795861269613e+02
6.865334724970634852e+02 4.053614795861269613e+02
7.410789270425179893e+02 4.053614795861269613e+02
7.956243815879724934e+02 4.053614795861269613e+02
8.501698361334271112e+02 4.053614795861269613e+02
9.047152906788816153e+02 4.053614795861269613e+02
9.592607452243362332e+02 4.053614795861269613e+02
1.013806199769790737e+03 4.053614795861269613e+02
1.068351654315245241e+03 4.053614795861269613e+02
1.122897108860699745e+03 4.053614795861269613e+02
1.177442563406154250e+03 4.053614795861269613e+02
1.231988017951608981e+03 4.053614795861269613e+02
1.286533472497063485e+03 4.053614795861269613e+02
1.341078927042517989e+03 4.053614795861269613e+02
1.395624381587972493e+03 4.053614795861269613e+02
1.450169836133426998e+03 4.053614795861269613e+02
1.504715290678881502e+03 4.053614795861269613e+02
4.683516543152453551e+02 4.599069341315815791e+02
5.228971088606998592e+02 4.599069341315815791e+02
5.774425634061543633e+02 4.599069341315815791e+02
6.319880179516089811e+02 4.599069341315815791e+02
6.865334724970634852e+02 4.599069341315815791e+02
7.410789270425179893e+02 4.599069341315815791e+02
7.956243815879724934e+02 4.599069341315815791e+02
8.501698361334271112e+02 4.599069341315815791e+02
9.047152906788816153e+02 4.599069341315815791e+02
9.592607452243362332e+02 4.599069341315815791e+02
1.013806199769790737e+03 4.599069341315815791e+02
1.068351654315245241e+03 4.599069341315815791e+02
1.122897108860699745e+03 4.599069341315815791e+02
1.177442563406154250e+03 4.599069341315815791e+02
1.231988017951608981e+03 4.599069341315815791e+02
1.286533472497063485e+03 4.599069341315815791e+02
1.341078927042517989e+03 4.599069341315815791e+02
1.395624381587972493e+03 4.599069341315815791e+02
1.450169836133426998e+03 4.599069341315815791e+02
1.504715290678881502e+03 4.599069341315815791e+02
1.559260745224336006e+03 4.599069341315815791e+02
4.138061997697907373e+02 5.144523886770360832e+02
4.683516543152453551e+02 5.144523886770360832e+02
5.228971088606998592e+02 5.144523886770360832e+02
5.774425634061543633e+02 5.144523886770360832e+02
6.319880179516089811e+02 5.144523886770360832e+02
6.865334724970634852e+02 5.144523886770360832e+02
7.410789270425179893e+02 5.144523886770360832e+02
7.956243815879724934e+02 5.144523886770360832e+02
8.501698361334271112e+02 5.144523886770360832e+02
9.047152906788816153e+02 5.144523886770360832e+02
9.592607452243362332e+02 5.144523886770360832e+02
1.013806199769790737e+03 5.144523886770360832e+02
1.068351654315245241e+03 5.144523886770360832e+02
1.122897108860699745e+03 5.144523886770360832e+02
1.177442563406154250e+03 5.144523886770360832e+02
1.231988017951608981e+03 5.144523886770360832e+02
1.286533472497063485e+03 5.144523886770360832e+02
1.341078927042517989e+03 5.144523886770360832e+02
1.395624381587972493e+03 5.144523886770360832e+02
1.450169836133426998e+03 5.144523886770360832e+02
1.504715290678881502e+03 5.144523886770360832e+02
1.559260745224336006e+03 5.144523886770360832e+02
1.613806199769790510e+03 5.144523886770360832e+02
3.592607452243362332e+02 5.689978432224905873e+02
4.138061997697907373e+02 5.689978432224905873e+02
4.683516543152453551e+02 5.689978432224905873e+02
5.228971088606998592e+02 5.689978432224905873e+02
5.774425634061543633e+02 5.689978432224905873e+02
6.319880179516089811e+02 5.689978432224905873e+02
6.865334724970634852e+02 5.689978432224905873e+02
7.410789270425179893e+02 5.689978432224905873e+02
7.956243815879724934e+02 5.689978432224905873e+02
8.501698361334271112e+02 5.689978432224905873e+02
9.047152906788816153e+02 5.689978432224905873e+02
9.592607452243362332e+02 5.689978432224905873e+02
1.013806199769790737e+03 5.689978432224905873e+02
1.068351654315245241e+03 5.689978432224905873e+02
1.122897108860699745e+03 5.689978432224905873e+02
1.177442563406154250e+03 5.689978432224905873e+02
1.231988017951608981e+03 5.689978432224905873e+02
1.286533472497063485e+03 5.689978432224905873e+02
1.341078927042517989e+03 5.689978432224905873e+02
1.395624381587972493e+03 5.689978432224905873e+02
1.450169836133426998e+03 5.689978432224905873e+02
1.504715290678881502e+03 5.689978432224905873e+02
1.559260745224336006e+03 5.689978432224905873e+02
1.613806199769790510e+03 5.689978432224905873e+02
1.668351654315245241e+03 5.689978432224905873e+02
3.592607452243362332e+02 6.235432977679452051e+02
4.138061997697907373e+02 6.235432977679452051e+02
4.683516543152453551e+02 6.235432977679452051e+02
5.228971088606998592e+02 6.235432977679452051e+02
5.774425634061543633e+02 6.235432977679452051e+02
6.319880179516089811e+02 6.235432977679452051e+02
6.865334724970634852e+02 6.235432977679452051e+02
7.410789270425179893e+02 6.235432977679452051e+02
7.956243815879724934e+02 6.235432977679452051e+02
8.501698361334271112e+02 6.235432977679452051e+02
9.047152906788816153e+02 6.235432977679452051e+02
9.592607452243362332e+02 6.235432977679452051e+02
1.013806199769790737e+03 6.235432977679452051e+02
1.068351654315245241e+03 6.235432977679452051e+02
1.122897108860699745e+03 6.235432977679452051e+02
1.177442563406154250e+03 6.235432977679452051e+02
1.231988017951608981e+03 6.235432977679452051e+02
1.286533472497063485e+03 6.235432977679452051e+02
1.341078927042517989e+03 6.235432977679452051e+02
1.395624381587972493e+03 6.235432977679452051e+02
1.450169836133426998e+03 6.235432977679452051e+02
1.504715290678881502e+03 6.235432977679452051e+02
1.559260745224336006e+03 6.235432977679452051e+02
1.613806199769790510e+03 6.235432977679452051e+02
1.668351654315245241e+03 6.235432977679452051e+02
3.047152906788816153e+02 6.780887523133997092e+02
3.592607452243362332e+02 6.780887523133997092e+02
4.138061997697907373e+02 6.780887523133997092e+02
4.683516543152453551e+02 6.780887523133997092e+02
5.228971088606998592e+02 6.780887523133997092e+02
5.774425634061543633e+02 6.780887523133997092e+02
6.319880179516089811e+02 6.780887523133997092e+02
6.865334724970634852e+02 6.780887523133997092e+02
7.410789270425179893e+02 6.780887523133997092e+02
7.956243815879724934e+02 6.780887523133997092e+02
8.501698361334271112e+02 6.780887523133997092e+02
9.047152906788816153e+02 6.780887523133997092e+02
9.592607452243362332e+02 6.780887523133997092e+02
1.013806199769790737e+03 6.780887523133997092e+02
1.068351654315245241e+03 6.780887523133997092e+02
1.122897108860699745e+03 6.780887523133997092e+02
1.177442563406154250e+03 6.780887523133997092e+02
1.231988017951608981e+03 6.780887523133997092e+02
1.286533472497063485e+03 6.780887523133997092e+02
1.341078927042517989e+03 6.780887523133997092e+02
1.395624381587972493e+03 6.780887523133997092e+02
1.450169836133426998e+03 6.780887523133997092e+02
1.504715290678881502e+03 6.780887523133997092e+02
1.559260745224336006e+03 6.780887523133997092e+02
1.613806199769790510e+03 6.780887523133997092e+02
1.668351654315245241e+03 6.780887523133997092e+02
1.722897108860699745e+03 6.780887523133997092e+02
3.047152906788816153e+02 7.326342068588542134e+02
3.592607452243362332e+02 7.326342068588542134e+02
4.138061997697907373e+02 7.326342068588542134e+02
4.683516543152453551e+02 7.326342068588542134e+02
5.228971088606998592e+02 7.326342068588542134e+02
5.774425634061543633e+02 7.326342068588542134e+02
6.319880179516089811e+02 7.326342068588542134e+02
6.865334724970634852e+02 7.326342068588542134e+02
7.410789270425179893e+02 7.326342068588542134e+02
7.956243815879724934e+02 7.326342068588542134e+02
8.501698361334271112e+02 7.326342068588542134e+02
9.047152906788816153e+02 7.326342068588542134e+02
9.592607452243362332e+02 7.326342068588542134e+02
1.013806199769790737e+03 7.326342068588542134e+02
1.068351654315245241e+03 7.326342068588542134e+02
1.122897108860699745e+03 7.326342068588542134e+02
1.177442563406154250e+03 7.326342068588542134e+02
1.231988017951608981e+03 7.326342068588542134e+02
1.286533472497063485e+03 7.326342068588542134e+02
1.341078927042517989e+03 7.326342068588542134e+02
1.395624381587972493e+03 7.326342068588542134e+02
1.450169836133426998e+03 7.326342068588542134e+02
1.504715290678881502e+03 7.326342068588542134e+02
1.559260745224336006e+03 7.326342068588542134e+02
1.613806199769790510e+03 7.326342068588542134e+02
1.668351654315245241e+03 7.326342068588542134e+02
1.722897108860699745e+03 7.326342068588542134e+02
3.047152906788816153e+02 7.871796614043087175e+02
3.592607452243362332e+02 7.871796614043087175e+02
4.138061997697907373e+02 7.871796614043087175e+02
4.683516543152453551e+02 7.871796614043087175e+02
5.228971088606998592e+02 7.871796614043087175e+02
5.774425634061543633e+02 7.871796614043087175e+02
6.319880179516089811e+02 7.871796614043087175e+02
6.865334724970634852e+02 7.871796614043087175e+02
7.410789270425179893e+02 7.871796614043087175e+02
7.956243815879724934e+02 7.871796614043087175e+02
8.501698361334271112e+02 7.871796614043087175e+02
9.047152906788816153e+02 7.871796614043087175e+02
9.592607452243362332e+02 7.871796614043087175e+02
1.013806199769790737e+03 7.871796614043087175e+02
1.068351654315245241e+03 7.871796614043087175e+02
1.122897108860699745e+03 7.871796614043087175e+02
1.177442563406154250e+03 7.871796614043087175e+02
1.231988017951608981e+03 7.871796614043087175e+02
1.286533472497063485e+03 7.871796614043087175e+02
1.341078927042517989e+03 7.871796614043087175e+02
1.395624381587972493e+03 7.871796614043087175e+02
1.450169836133426998e+03 7.871796614043087175e+02
1.504715290678881502e+03 7.871796614043087175e+02
1.559260745224336006e+03 7.871796614043087175e+02
1.613806199769790510e+03 7.871796614043087175e+02
1.668351654315245241e+03 7.871796614043087175e+02
1.722897108860699745e+03 7.871796614043087175e+02
2.501698361334271112e+02 8.417251159497633353e+02
3.047152906788816153e+02 8.417251159497633353e+02
3.592607452243362332e+02 8.417251159497633353e+02
4.138061997697907373e+02 8.417251159497633353e+02
4.683516543152453551e+02 8.417251159497633353e+02
5.228971088606998592e+02 8.417251159497633353e+02
5.774425634061543633e+02 8.417251159497633353e+02
6.319880179516089811e+02 8.417251159497633353e+02
6.865334724970634852e+02 8.417251159497633353e+02
7.410789270425179893e+02 8.417251159497633353e+02
7.956243815879724934e+02 8.417251159497633353e+02
8.501698361334271112e+02 8.417251159497633353e+02
9.047152906788816153e+02 8.417251159497633353e+02
9.592607452243362332e+02 8.417251159497633353e+02
1.013806199769790737e+03 8.417251159497633353e+02
1.068351654315245241e+03 8.417251159497633353e+02
1.122897108860699745e+03 8.417251159497633353e+02
1.177442563406154250e+03 8.417251159497633353e+02
1.231988017951608981e+03 8.417251159497633353e+02
1.286533472497063485e+03 8.417251159497633353e+02
1.341078927042517989e+03 8.417251159497633353e+02
1.395624381587972493e+03 8.417251159497633353e+02
1.450169836133426998e+03 8.417251159497633353e+02
1.504715290678881502e+03 8.417251159497633353e+02
1.559260745224336006e+03 8.417251159497633353e+02
1.613806199769790510e+03 8.417251159497633353e+02
1.668351654315245241e+03 8.417251159497633353e+02
1.722897108860699745e+03 8.417251159497633353e+02
1.777442563406154477e+03 8.417251159497633353e+02
2.501698361334271112e+02 8.962705704952178394e+02
3.047152906788816153e+02 8.962705704952178394e+02
3.592607452243362332e+02 8.962705704952178394e+02
4.138061997697907373e+02 8.962705704952178394e+02
4.683516543152453551e+02 8.962705704952178394e+02
5.228971088606998592e+02 8.962705704952178394e+02
5.774425634061543633e+02 8.962705704952178394e+02
6.319880179516089811e+02 8.962705704952178394e+02
6.865334724970634852e+02 8.962705704952178394e+02
7.410789270425179893e+02 8.962705704952178394e+02
7.956243815879724934e+02 8.962705704952178394e+02
8.501698361334271112e+02 8.962705704952178394e+02
9.047152906788816153e+02 8.962705704952178394e+02
9.592607452243362332e+02 8.962705704952178394e+02
1.013806199769790737e+03 8.962705704952178394e+02
1.068351654315245241e+03 8.962705704952178394e+02
1.122897108860699745e+03 8.962705704952178394e+02
1.177442563406154250e+03 8.962705704952178394e+02
1.231988017951608981e+03 8.962705704952178394e+02
1.286533472497063485e+03 8.962705704952178394e+02
1.341078927042517989e+03 8.962705704952178394e+02
1.395624381587972493e+03 8.962705704952178394e+02
1.450169836133426998e+03 8.962705704952178394e+02
1.504715290678881502e+03 8.962705704952178394e+02
1.559260745224336006e+03 8.962705704952178394e+02
1.613806199769790510e+03 8.962705704952178394e+02
1.668351654315245241e+03 8.962705704952178394e+02
1.722897108860699745e+03 8.962705704952178394e+02
1.777442563406154477e+03 8.962705704952178394e+02
2.501698361334271112e+02 9.508160250406724572e+02
3.047152906788816153e+02 9.508160250406724572e+02
3.592607452243362332e+02 9.508160250406724572e+02
4.138061997697907373e+02 9.508160250406724572e+02
4.683516543152453551e+02 9.508160250406724572e+02
5.228971088606998592e+02 9.508160250406724572e+02
5.774425634061543633e+02 9.508160250406724572e+02
6.319880179516089811e+02 9.508160250406724572e+02
6.865334724970634852e+02 9.508160250406724572e+02
7.410789270425179893e+02 9.508160250406724572e+02
7.956243815879724934e+02 9.508160250406724572e+02
8.501698361334271112e+02 9.508160250406724572e+02
9.047152906788816153e+02 9.508160250406724572e+02
9.592607452243362332e+02 9.508160250406724572e+02
1.013806199769790737e+03 9.508160250406724572e+02
1.068351654315245241e+03 9.508160250406724572e+02
1.122897108860699745e+03 9.508160250406724572e+02
1.177442563406154250e+03 9.508160250406724572e+02
1.231988017951608981e+03 9.508160250406724572e+02
1.286533472497063485e+03 9.508160250406724572e+02
1.341078927042517989e+03 9.508160250406724572e+02
1.395624381587972493e+03 9.508160250406724572e+02
1.450169836133426998e+03 9.508160250406724572e+02
1.504715290678881502e+03 9.508160250406724572e+02
1.559260745224336006e+03 9.508160250406724572e+02
1.613806199769790510e+03 9.508160250406724572e+02
1.668351654315245241e+03 9.508160250406724572e+02
1.722897108860699745e+03 9.508160250406724572e+02
1.777442563406154477e+03 9.508160250406724572e+02
2.501698361334271112e+02 1.005361479586126961e+03
3.047152906788816153e+02 1.005361479586126961e+03
3.592607452243362332e+02 1.005361479586126961e+03
4.138061997697907373e+02 1.005361479586126961e+03
4.683516543152453551e+02 1.005361479586126961e+03
5.228971088606998592e+02 1.005361479586126961e+03
5.774425634061543633e+02 1.005361479586126961e+03
6.319880179516089811e+02 1.005361479586126961e+03
6.865334724970634852e+02 1.005361479586126961e+03
7.410789270425179893e+02 1.005361479586126961e+03
7.956243815879724934e+02 1.005361479586126961e+03
8.501698361334271112e+02 1.005361479586126961e+03
9.047152906788816153e+02 1.005361479586126961e+03
9.592607452243362332e+02 1.005361479586126961e+03
1.013806199769790737e+03 1.005361479586126961e+03
1.068351654315245241e+03 1.005361479586126961e+03
1.122897108860699745e+03 1.005361479586126961e+03
1.177442563406154250e+03 1.005361479586126961e+03
1.231988017951608981e+03 1.005361479586126961e+03
1.286533472497063485e+03 1.005361479586126961e+03
1.341078927042517989e+03 1.005361479586126961e+03
1.395624381587972493e+03 1.005361479586126961e+03
1.450169836133426998e+03 1.005361479586126961e+03
1.504715290678881502e+03 1.005361479586126961e+03
1.559260745224336006e+03 1.005361479586126961e+03
1.613806199769790510e+03 1.005361479586126961e+03
1.668351654315245241e+03 1.005361479586126961e+03
1.722897108860699745e+03 1.005361479586126961e+03
1.777442563406154477e+03 1.005361479586126961e+03
2.501698361334271112e+02 1.059906934131581465e+03
3.047152906788816153e+02 1.059906934131581465e+03
3.592607452243362332e+02 1.059906934131581465e+03
4.138061997697907373e+02 1.059906934131581465e+03
4.683516543152453551e+02 1.059906934131581465e+03
5.228971088606998592e+02 1.059906934131581465e+03
5.774425634061543633e+02 1.059906934131581465e+03
6.319880179516089811e+02 1.059906934131581465e+03
6.865334724970634852e+02 1.059906934131581465e+03
7.410789270425179893e+02 1.059906934131581465e+03
7.956243815879724934e+02 1.059906934131581465e+03
8.501698361334271112e+02 1.059906934131581465e+03
9.047152906788816153e+02 1.059906934131581465e+03
9.592607452243362332e+02 1.059906934131581465e+03
1.013806199769790737e+03 1.059906934131581465e+03
1.068351654315245241e+03 1.059906934131581465e+03
1.122897108860699745e+03 1.059906934131581465e+03
1.177442563406154250e+03 1.059906934131581465e+03
1.231988017951608981e+03 1.059906934131581465e+03
1.286533472497063485e+03 1.059906934131581465e+03
1.341078927042517989e+03 1.059906934131581465e+03
1.395624381587972493e+03 1.059906934131581465e+03
1.450169836133426998e+03 1.059906934131581465e+03
1.504715290678881502e+03 1.059906934131581465e+03
1.559260745224336006e+03 1.059906934131581465e+03
1.613806199769790510e+03 1.059906934131581465e+03
1.668351654315245241e+03 1.059906934131581465e+03
1.722897108860699745e+03 1.059906934131581465e+03
1.777442563406154477e+03 1.059906934131581465e+03
2.501698361334271112e+02 1.114452388677035970e+03
3.047152906788816153e+02 1.114452388677035970e+03
3.592607452243362332e+02 1.114452388677035970e+03
4.138061997697907373e+02 1.114452388677035970e+03
4.683516543152453551e+02 1.114452388677035970e+03
5.228971088606998592e+02 1.114452388677035970e+03
5.774425634061543633e+02 1.114452388677035970e+03
6.319880179516089811e+02 1.114452388677035970e+03
6.865334724970634852e+02 1.114452388677035970e+03
7.410789270425179893e+02 1.114452388677035970e+03
7.956243815879724934e+02 1.114452388677035970e+03
8.501698361334271112e+02 1.114452388677035970e+03
9.047152906788816153e+02 1.114452388677035970e+03
9.592607452243362332e+02 1.114452388677035970e+03
1.013806199769790737e+03 1.114452388677035970e+03
1.068351654315245241e+03 1.114452388677035970e+03
1.122897108860699745e+03 1.114452388677035970e+03
1.177442563406154250e+03 1.114452388677035970e+03
1.231988017951608981e+03 1.114452388677035970e+03
1.286533472497063485e+03 1.114452388677035970e+03
1.341078927042517989e+03 1.114452388677035970e+03
1.395624381587972493e+03 1.114452388677035970e+03
1.450169836133426998e+03 1.114452388677035970e+03
1.504715290678881502e+03 1.114452388677035970e+03
1.559260745224336006e+03 1.114452388677035970e+03
1.613806199769790510e+03 1.114452388677035970e+03
1.668351654315245241e+03 1.114452388677035970e+03
1.722897108860699745e+03 1.114452388677035970e+03
1.777442563406154477e+03 1.114452388677035970e+03
2.501698361334271112e+02 1.168997843222490474e+03
3.047152906788816153e+02 1.168997843222490474e+03
3.592607452243362332e+02 1.168997843222490474e+03
4.138061997697907373e+02 1.168997843222490474e+03
4.683516543152453551e+02 1.168997843222490474e+03
5.228971088606998592e+02 1.168997843222490474e+03
5.774425634061543633e+02 1.168997843222490474e+03
6.319880179516089811e+02 1.168997843222490474e+03
6.865334724970634852e+02 1.168997843222490474e+03
7.410789270425179893e+02 1.168997843222490474e+03
7.956243815879724934e+02 1.168997843222490474e+03
8.501698361334271112e+02 1.168997843222490474e+03
9.047152906788816153e+02 1.168997843222490474e+03
9.592607452243362332e+02 1.168997843222490474e+03
1.013806199769790737e+03 1.168997843222490474e+03
1.068351654315245241e+03 1.168997843222490474e+03
1.122897108860699745e+03 1.168997843222490474e+03
1.177442563406154250e+03 1.168997843222490474e+03
1.231988017951608981e+03 1.168997843222490474e+03
1.286533472497063485e+03 1.168997843222490474e+03
1.341078927042517989e+03 1.168997843222490474e+03
1.395624381587972493e+03 1.168997843222490474e+03
1.450169836133426998e+03 1.168997843222490474e+03
1.504715290678881502e+03 1.168997843222490474e+03
1.559260745224336006e+03 1.168997843222490474e+03
1.613806199769790510e+03 1.168997843222490474e+03
1.668351654315245241e+03 1.168997843222490474e+03
1.722897108860699745e+03 1.168997843222490474e+03
1.777442563406154477e+03 1.168997843222490474e+03
3.047152906788816153e+02 1.223543297767945205e+03
3.592607452243362332e+02 1.223543297767945205e+03
4.138061997697907373e+02 1.223543297767945205e+03
4.683516543152453551e+02 1.223543297767945205e+03
5.228971088606998592e+02 1.223543297767945205e+03
5.774425634061543633e+02 1.223543297767945205e+03
6.319880179516089811e+02 1.223543297767945205e+03
6.865334724970634852e+02 1.223543297767945205e+03
7.410789270425179893e+02 1.223543297767945205e+03
7.956243815879724934e+02 1.223543297767945205e+03
8.501698361334271112e+02 1.223543297767945205e+03
9.047152906788816153e+02 1.223543297767945205e+03
9.592607452243362332e+02 1.223543297767945205e+03
1.013806199769790737e+03 1.223543297767945205e+03
1.068351654315245241e+03 1.223543297767945205e+03
1.122897108860699745e+03 1.223543297767945205e+03
1.177442563406154250e+03 1.223543297767945205e+03
1.231988017951608981e+03 1.223543297767945205e+03
1.286533472497063485e+03 1.223543297767945205e+03
1.341078927042517989e+03 1.223543297767945205e+03
1.395624381587972493e+03 1.223543297767945205e+03
1.450169836133426998e+03 1.223543297767945205e+03
1.504715290678881502e+03 1.223543297767945205e+03
1.559260745224336006e+03 1.223543297767945205e+03
1.613806199769790510e+03 1.223543297767945205e+03
1.668351654315245241e+03 1.223543297767945205e+03
1.722897108860699745e+03 1.223543297767945205e+03
3.047152906788816153e+02 1.278088752313399709e+03
3.592607452243362332e+02 1.278088752313399709e+03
4.138061997697907373e+02 1.278088752313399709e+03
4.683516543152453551e+02 1.278088752313399709e+03
5.228971088606998592e+02 1.278088752313399709e+03
5.774425634061543633e+02 1.278088752313399709e+03
6.319880179516089811e+02 1.278088752313399709e+03
6.865334724970634852e+02 1.278088752313399709e+03
7.410789270425179893e+02 1.278088752313399709e+03
7.956243815879724934e+02 1.278088752313399709e+03
8.501698361334271112e+02 1.278088752313399709e+03
9.047152906788816153e+02 1.278088752313399709e+03
9.592607452243362332e+02 1.278088752313399709e+03
1.013806199769790737e+03 1.278088752313399709e+03
1.068351654315245241e+03 1.278088752313399709e+03
1.122897108860699745e+03 1.278088752313399709e+03
1.177442563406154250e+03 1.278088752313399709e+03
1.231988017951608981e+03 1.278088752313399709e+03
1.286533472497063485e+03 1.278088752313399709e+03
1.341078927042517989e+03 1.278088752313399709e+03
1.395624381587972493e+03 1.278088752313399709e+03
1.450169836133426998e+03 1.278088752313399709e+03
1.504715290678881502e+03 1.278088752313399709e+03
1.559260745224336006e+03 1.278088752313399709e+03
1.613806199769790510e+03 1.278088752313399709e+03
1.668351654315245241e+03 1.278088752313399709e+03
1.722897108860699745e+03 1.278088752313399709e+03
3.047152906788816153e+02 1.332634206858854213e+03
3.592607452243362332e+02 1.332634206858854213e+03
4.138061997697907373e+02 1.332634206858854213e+03
4.683516543152453551e+02 1.332634206858854213e+03
5.228971088606998592e+02 1.332634206858854213e+03
5.774425634061543633e+02 1.332634206858854213e+03
6.319880179516089811e+02 1.332634206858854213e+03
6.865334724970634852e+02 1.332634206858854213e+03
7.410789270425179893e+02 1.332634206858854213e+03
7.956243815879724934e+02 1.332634206858854213e+03
8.501698361334271112e+02 1.332634206858854213e+03
9.047152906788816153e+02 1.332634206858854213e+03
9.592607452243362332e+02 1.332634206858854213e+03
1.013806199769790737e+03 1.332634206858854213e+03
1.068351654315245241e+03 1.332634206858854213e+03
1.122897108860699745e+03 1.332634206858854213e+03
1.177442563406154250e+03 1.332634206858854213e+03
1.231988017951608981e+03 1.332634206858854213e+03
1.286533472497063485e+03 1.332634206858854213e+03
1.341078927042517989e+03 1.332634206858854213e+03
1.395624381587972493e+03 1.332634206858854213e+03
1.450169836133426998e+03 1.332634206858854213e+03
1.504715290678881502e+03 1.332634206858854213e+03
1.559260745224336006e+03 1.332634206858854213e+03
1.613806199769790510e+03 1.332634206858854213e+03
1.668351654315245241e+03 1.332634206858854213e+03
1.722897108860699745e+03 1.332634206858854213e+03
3.592607452243362332e+02 1.387179661404308717e+03
4.138061997697907373e+02 1.387179661404308717e+03
4.683516543152453551e+02 1.387179661404308717e+03
5.228971088606998592e+02 1.387179661404308717e+03
5.774425634061543633e+02 1.387179661404308717e+03
6.319880179516089811e+02 1.387179661404308717e+03
6.865334724970634852e+02 1.387179661404308717e+03
7.410789270425179893e+02 1.387179661404308717e+03
7.956243815879724934e+02 1.387179661404308717e+03
8.501698361334271112e+02 1.387179661404308717e+03
9.047152906788816153e+02 1.387179661404308717e+03
9.592607452243362332e+02 1.387179661404308717e+03
1.013806199769790737e+03 1.387179661404308717e+03
1.068351654315245241e+03 1.387179661404308717e+03
1.122897108860699745e+03 1.387179661404308717e+03
1.177442563406154250e+03 1.387179661404308717e+03
1.231988017951608981e+03 1.387179661404308717e+03
1.286533472497063485e+03 1.387179661404308717e+03
1.341078927042517989e+03 1.387179661404308717e+03
1.395624381587972493e+03 1.387179661404308717e+03
1.450169836133426998e+03 1.387179661404308717e+03
1.504715290678881502e+03 1.387179661404308717e+03
1.559260745224336006e+03 1.387179661404308717e+03
1.613806199769790510e+03 1.387179661404308717e+03
1.668351654315245241e+03 1.387179661404308717e+03
3.592607452243362332e+02 1.441725115949763222e+03
4.138061997697907373e+02 1.441725115949763222e+03
4.683516543152453551e+02 1.441725115949763222e+03
5.228971088606998592e+02 1.441725115949763222e+03
5.774425634061543633e+02 1.441725115949763222e+03
6.319880179516089811e+02 1.441725115949763222e+03
6.865334724970634852e+02 1.441725115949763222e+03
7.410789270425179893e+02 1.441725115949763222e+03
7.956243815879724934e+02 1.441725115949763222e+03
8.501698361334271112e+02 1.441725115949763222e+03
9.047152906788816153e+02 1.441725115949763222e+03
9.592607452243362332e+02 1.441725115949763222e+03
1.013806199769790737e+03 1.441725115949763222e+03
1.068351654315245241e+03 1.441725115949763222e+03
1.122897108860699745e+03 1.441725115949763222e+03
1.177442563406154250e+03 1.441725115949763222e+03
1.231988017951608981e+03 1.441725115949763222e+03
1.286533472497063485e+03 1.441725115949763222e+03
1.341078927042517989e+03 1.441725115949763222e+03
1.395624381587972493e+03 1.441725115949763222e+03
1.450169836133426998e+03 1.441725115949763222e+03
1.504715290678881502e+03 1.441725115949763222e+03
1.559260745224336006e+03 1.441725115949763222e+03
1.613806199769790510e+03 1.441725115949763222e+03
1.668351654315245241e+03 1.441725115949763222e+03
4.138061997697907373e+02 1.496270570495217726e+03
4.683516543152453551e+02 1.496270570495217726e+03
5.228971088606998592e+02 1.496270570495217726e+03
5.774425634061543633e+02 1.496270570495217726e+03
6.319880179516089811e+02 1.496270570495217726e+03
6.865334724970634852e+02 1.496270570495217726e+03
7.410789270425179893e+02 1.496270570495217726e+03
7.956243815879724934e+02 1.496270570495217726e+03
8.501698361334271112e+02 1.496270570495217726e+03
9.047152906788816153e+02 1.496270570495217726e+03
9.592607452243362332e+02 1.496270570495217726e+03
1.013806199769790737e+03 1.496270570495217726e+03
1.068351654315245241e+03 1.496270570495217726e+03
1.122897108860699745e+03 1.496270570495217726e+03
1.177442563406154250e+03 1.496270570495217726e+03
1.231988017951608981e+03 1.496270570495217726e+03
1.286533472497063485e+03 1.496270570495217726e+03
1.341078927042517989e+03 1.496270570495217726e+03
1.395624381587972493e+03 1.496270570495217726e+03
1.450169836133426998e+03 1.496270570495217726e+03
1.504715290678881502e+03 1.496270570495217726e+03
1.559260745224336006e+03 1.496270570495217726e+03
1.613806199769790510e+03 1.496270570495217726e+03
4.683516543152453551e+02 1.550816025040672230e+03
5.228971088606998592e+02 1.550816025040672230e+03
5.774425634061543633e+02 1.550816025040672230e+03
6.319880179516089811e+02 1.550816025040672230e+03
6.865334724970634852e+02 1.550816025040672230e+03
7.410789270425179893e+02 1.550816025040672230e+03
7.956243815879724934e+02 1.550816025040672230e+03
8.501698361334271112e+02 1.550816025040672230e+03
9.047152906788816153e+02 1.550816025040672230e+03
9.592607452243362332e+02 1.550816025040672230e+03
1.013806199769790737e+03 1.550816025040672230e+03
1.068351654315245241e+03 1.550816025040672230e+03
1.122897108860699745e+03 1.550816025040672230e+03
1.177442563406154250e+03 1.550816025040672230e+03
1.231988017951608981e+03 1.550816025040672230e+03
1.286533472497063485e+03 1.550816025040672230e+03
1.341078927042517989e+03 1.550816025040672230e+03
1.395624381587972493e+03 1.550816025040672230e+03
1.450169836133426998e+03 1.550816025040672230e+03
1.504715290678881502e+03 1.550816025040672230e+03
1.559260745224336006e+03 1.550816025040672230e+03
5.228971088606998592e+02 1.605361479586126734e+03
5.774425634061543633e+02 1.605361479586126734e+03
6.319880179516089811e+02 1.605361479586126734e+03
6.865334724970634852e+02 1.605361479586126734e+03
7.410789270425179893e+02 1.605361479586126734e+03
7.956243815879724934e+02 1.605361479586126734e+03
8.501698361334271112e+02 1.605361479586126734e+03
9.047152906788816153e+02 1.605361479586126734e+03
9.592607452243362332e+02 1.605361479586126734e+03
1.013806199769790737e+03 1.605361479586126734e+03
1.068351654315245241e+03 1.605361479586126734e+03
1.122897108860699745e+03 1.605361479586126734e+03
1.177442563406154250e+03 1.605361479586126734e+03
1.231988017951608981e+03 1.605361479586126734e+03
1.286533472497063485e+03 1.605361479586126734e+03
1.341078927042517989e+03 1.605361479586126734e+03
1.395624381587972493e+03 1.605361479586126734e+03
1.450169836133426998e+03 1.605361479586126734e+03
1.504715290678881502e+03 1.605361479586126734e+03
5.774425634061543633e+02 1.659906934131581465e+03
6.319880179516089811e+02 1.659906934131581465e+03
6.865334724970634852e+02 1.659906934131581465e+03
7.410789270425179893e+02 1.659906934131581465e+03
7.956243815879724934e+02 1.659906934131581465e+03
8.501698361334271112e+02 1.659906934131581465e+03
9.047152906788816153e+02 1.659906934131581465e+03
9.592607452243362332e+02 1.659906934131581465e+03
1.013806199769790737e+03 1.659906934131581465e+03
1.068351654315245241e+03 1.659906934131581465e+03
1.122897108860699745e+03 1.659906934131581465e+03
1.177442563406154250e+03 1.659906934131581465e+03
1.231988017951608981e+03 1.659906934131581465e+03
1.286533472497063485e+03 1.659906934131581465e+03
1.341078927042517989e+03 1.659906934131581465e+03
1.395624381587972493e+03 1.659906934131581465e+03
1.450169836133426998e+03 1.659906934131581465e+03
6.865334724970634852e+02 1.714452388677035970e+03
7.410789270425179893e+02 1.714452388677035970e+03
7.956243815879724934e+02 1.714452388677035970e+03
8.501698361334271112e+02 1.714452388677035970e+03
9.047152906788816153e+02 1.714452388677035970e+03
9.592607452243362332e+02 1.714452388677035970e+03
1.013806199769790737e+03 1.714452388677035970e+03
1.068351654315245241e+03 1.714452388677035970e+03
1.122897108860699745e+03 1.714452388677035970e+03
1.177442563406154250e+03 1.714452388677035970e+03
1.231988017951608981e+03 1.714452388677035970e+03
1.286533472497063485e+03 1.714452388677035970e+03
1.341078927042517989e+03 1.714452388677035970e+03
8.501698361334271112e+02 1.768997843222490701e+03
9.047152906788816153e+02 1.768997843222490701e+03
9.592607452243362332e+02 1.768997843222490701e+03
1.013806199769790737e+03 1.768997843222490701e+03
1.068351654315245241e+03 1.768997843222490701e+03
1.122897108860699745e+03 1.768997843222490701e+03
1.177442563406154250e+03 1.768997843222490701e+03
