1.004277104587803592e+03 1.533438748296892982e+02
1.095186195496894470e+03 1.533438748296892982e+02
7.315498318605308441e+02 2.442529657387801763e+02
8.224589227696217222e+02 2.442529657387801763e+02
9.133680136787127140e+02 2.442529657387801763e+02
1.004277104587803592e+03 2.442529657387801763e+02
1.095186195496894470e+03 2.442529657387801763e+02
1.186095286405985462e+03 2.442529657387801763e+02
1.277004377315076226e+03 2.442529657387801763e+02
1.367913468224167218e+03 2.442529657387801763e+02
5.497316500423489742e+02 3.351620566478711680e+02
6.406407409514399660e+02 3.351620566478711680e+02
7.315498318605308441e+02 3.351620566478711680e+02
8.224589227696217222e+02 3.351620566478711680e+02
9.133680136787127140e+02 3.351620566478711680e+02
1.004277104587803592e+03 3.351620566478711680e+02
1.095186195496894470e+03 3.351620566478711680e+02
1.186095286405985462e+03 3.351620566478711680e+02
1.277004377315076226e+03 3.351620566478711680e+02
1.367913468224167218e+03 3.351620566478711680e+02
1.458822559133257982e+03 3.351620566478711680e+02
1.549731650042348974e+03 3.351620566478711680e+02
4.588225591332580962e+02 4.260711475569620461e+02
5.497316500423489742e+02 4.260711475569620461e+02
6.406407409514399660e+02 4.260711475569620461e+02
7.315498318605308441e+02 4.260711475569620461e+02
8.224589227696217222e+02 4.260711475569620461e+02
9.133680136787127140e+02 4.260711475569620461e+02
1.004277104587803592e+03 4.260711475569620461e+02
1.095186195496894470e+03 4.260711475569620461e+02
1.186095286405985462e+03 4.260711475569620461e+02
1.277004377315076226e+03 4.260711475569620461e+02
1.367913468224167218e+03 4.260711475569620461e+02
1.458822559133257982e+03 4.260711475569620461e+02
1.549731650042348974e+03 4.260711475569620461e+02
1.640640740951439966e+03 4.260711475569620461e+02
3.679134682241672181e+02 5.169802384660529242e+02
4.588225591332580962e+02 5.169802384660529242e+02
5.497316500423489742e+02 5.169802384660529242e+02
6.406407409514399660e+02 5.169802384660529242e+02
7.315498318605308441e+02 5.169802384660529242e+02
8.224589227696217222e+02 5.169802384660529242e+02
9.133680136787127140e+02 5.169802384660529242e+02
1.004277104587803592e+03 5.169802384660529242e+02
1.095186195496894470e+03 5.169802384660529242e+02
1.186095286405985462e+03 5.169802384660529242e+02
1.277004377315076226e+03 5.169802384660529242e+02
1.367913468224167218e+03 5.169802384660529242e+02
1.458822559133257982e+03 5.169802384660529242e+02
1.549731650042348974e+03 5.169802384660529242e+02
1.640640740951439966e+03 5.169802384660529242e+02
1.731549831860530958e+03 5.169802384660529242e+02
3.679134682241672181e+02 6.078893293751439160e+02
4.588225591332580962e+02 6.078893293751439160e+02
5.497316500423489742e+02 6.078893293751439160e+02
6.406407409514399660e+02 6.078893293751439160e+02
7.315498318605308441e+02 6.078893293751439160e+02
8.224589227696217222e+02 6.078893293751439160e+02
9.133680136787127140e+02 6.078893293751439160e+02
1.004277104587803592e+03 6.078893293751439160e+02
1.095186195496894470e+03 6.078893293751439160e+02
1.186095286405985462e+03 6.078893293751439160e+02
1.277004377315076226e+03 6.078893293751439160e+02
1.367913468224167218e+03 6.078893293751439160e+02
1.458822559133257982e+03 6.078893293751439160e+02
1.549731650042348974e+03 6.078893293751439160e+02
1.640640740951439966e+03 6.078893293751439160e+02
1.731549831860530958e+03 6.078893293751439160e+02
2.770043773150762263e+02 6.987984202842347941e+02
3.679134682241672181e+02 6.987984202842347941e+02
4.588225591332580962e+02 6.987984202842347941e+02
5.497316500423489742e+02 6.987984202842347941e+02
6.406407409514399660e+02 6.987984202842347941e+02
7.315498318605308441e+02 6.987984202842347941e+02
8.224589227696217222e+02 6.987984202842347941e+02
9.133680136787127140e+02 6.987984202842347941e+02
1.004277104587803592e+03 6.987984202842347941e+02
1.095186195496894470e+03 6.987984202842347941e+02
1.186095286405985462e+03 6.987984202842347941e+02
1.277004377315076226e+03 6.987984202842347941e+02
1.367913468224167218e+03 6.987984202842347941e+02
1.458822559133257982e+03 6.987984202842347941e+02
1.549731650042348974e+03 6.987984202842347941e+02
1.640640740951439966e+03 6.987984202842347941e+02
1.731549831860530958e+03 6.987984202842347941e+02
1.822458922769621722e+03 6.987984202842347941e+02
2.770043773150762263e+02 7.897075111933256721e+02
3.679134682241672181e+02 7.897075111933256721e+02
4.588225591332580962e+02 7.897075111933256721e+02
5.497316500423489742e+02 7.897075111933256721e+02
6.406407409514399660e+02 7.897075111933256721e+02
7.315498318605308441e+02 7.897075111933256721e+02
8.224589227696217222e+02 7.897075111933256721e+02
9.133680136787127140e+02 7.897075111933256721e+02
1.004277104587803592e+03 7.897075111933256721e+02
1.095186195496894470e+03 7.897075111933256721e+02
1.186095286405985462e+03 7.897075111933256721e+02
1.277004377315076226e+03 7.897075111933256721e+02
1.367913468224167218e+03 7.897075111933256721e+02
1.458822559133257982e+03 7.897075111933256721e+02
1.549731650042348974e+03 7.897075111933256721e+02
1.640640740951439966e+03 7.897075111933256721e+02
1.731549831860530958e+03 7.897075111933256721e+02
1.822458922769621722e+03 7.897075111933256721e+02
2.770043773150762263e+02 8.806166021024166639e+02
3.679134682241672181e+02 8.806166021024166639e+02
4.588225591332580962e+02 8.806166021024166639e+02
5.497316500423489742e+02 8.806166021024166639e+02
6.406407409514399660e+02 8.806166021024166639e+02
7.315498318605308441e+02 8.806166021024166639e+02
8.224589227696217222e+02 8.806166021024166639e+02
9.133680136787127140e+02 8.806166021024166639e+02
1.004277104587803592e+03 8.806166021024166639e+02
1.095186195496894470e+03 8.806166021024166639e+02
1.186095286405985462e+03 8.806166021024166639e+02
1.277004377315076226e+03 8.806166021024166639e+02
1.367913468224167218e+03 8.806166021024166639e+02
1.458822559133257982e+03 8.806166021024166639e+02
1.549731650042348974e+03 8.806166021024166639e+02
1.640640740951439966e+03 8.806166021024166639e+02
1.731549831860530958e+03 8.806166021024166639e+02
1.822458922769621722e+03 8.806166021024166639e+02
1.860952864059853482e+02 9.715256930115075420e+02
2.770043773150762263e+02 9.715256930115075420e+02
3.679134682241672181e+02 9.715256930115075420e+02
4.588225591332580962e+02 9.715256930115075420e+02
5.497316500423489742e+02 9.715256930115075420e+02
6.406407409514399660e+02 9.715256930115075420e+02
7.315498318605308441e+02 9.715256930115075420e+02
8.224589227696217222e+02 9.715256930115075420e+02
9.133680136787127140e+02 9.715256930115075420e+02
1.004277104587803592e+03 9.715256930115075420e+02
1.095186195496894470e+03 9.715256930115075420e+02
1.186095286405985462e+03 9.715256930115075420e+02
1.277004377315076226e+03 9.715256930115075420e+02
1.367913468224167218e+03 9.715256930115075420e+02
1.458822559133257982e+03 9.715256930115075420e+02
1.549731650042348974e+03 9.715256930115075420e+02
1.640640740951439966e+03 9.715256930115075420e+02
1.731549831860530958e+03 9.715256930115075420e+02
1.822458922769621722e+03 9.715256930115075420e+02
1.913368013678712714e+03 9.715256930115075420e+02
1.860952864059853482e+02 1.062434783920598420e+03
2.770043773150762263e+02 1.062434783920598420e+03
3.679134682241672181e+02 1.062434783920598420e+03
4.588225591332580962e+02 1.062434783920598420e+03
5.497316500423489742e+02 1.062434783920598420e+03
6.406407409514399660e+02 1.062434783920598420e+03
7.315498318605308441e+02 1.062434783920598420e+03
8.224589227696217222e+02 1.062434783920598420e+03
9.133680136787127140e+02 1.062434783920598420e+03
1.004277104587803592e+03 1.062434783920598420e+03
1.095186195496894470e+03 1.062434783920598420e+03
1.186095286405985462e+03 1.062434783920598420e+03
1.277004377315076226e+03 1.062434783920598420e+03
1.367913468224167218e+03 1.062434783920598420e+03
1.458822559133257982e+03 1.062434783920598420e+03
1.549731650042348974e+03 1.062434783920598420e+03
1.640640740951439966e+03 1.062434783920598420e+03
1.731549831860530958e+03 1.062434783920598420e+03
1.822458922769621722e+03 1.062434783920598420e+03
1.913368013678712714e+03 1.062434783920598420e+03
2.770043773150762263e+02 1.153343874829689412e+03
3.679134682241672181e+02 1.153343874829689412e+03
4.588225591332580962e+02 1.153343874829689412e+03
5.497316500423489742e+02 1.153343874829689412e+03
6.406407409514399660e+02 1.153343874829689412e+03
7.315498318605308441e+02 1.153343874829689412e+03
8.224589227696217222e+02 1.153343874829689412e+03
9.133680136787127140e+02 1.153343874829689412e+03
1.004277104587803592e+03 1.153343874829689412e+03
1.095186195496894470e+03 1.153343874829689412e+03
1.186095286405985462e+03 1.153343874829689412e+03
1.277004377315076226e+03 1.153343874829689412e+03
1.367913468224167218e+03 1.153343874829689412e+03
1.458822559133257982e+03 1.153343874829689412e+03
1.549731650042348974e+03 1.153343874829689412e+03
1.640640740951439966e+03 1.153343874829689412e+03
1.731549831860530958e+03 1.153343874829689412e+03
1.822458922769621722e+03 1.153343874829689412e+03
2.770043773150762263e+02 1.244252965738780176e+03
3.679134682241672181e+02 1.244252965738780176e+03
4.588225591332580962e+02 1.244252965738780176e+03
5.497316500423489742e+02 1.244252965738780176e+03
6.406407409514399660e+02 1.244252965738780176e+03
7.315498318605308441e+02 1.244252965738780176e+03
8.224589227696217222e+02 1.244252965738780176e+03
9.133680136787127140e+02 1.244252965738780176e+03
1.004277104587803592e+03 1.244252965738780176e+03
1.095186195496894470e+03 1.244252965738780176e+03
1.186095286405985462e+03 1.244252965738780176e+03
1.277004377315076226e+03 1.244252965738780176e+03
1.367913468224167218e+03 1.244252965738780176e+03
1.458822559133257982e+03 1.244252965738780176e+03
1.549731650042348974e+03 1.244252965738780176e+03
1.640640740951439966e+03 1.244252965738780176e+03
1.731549831860530958e+03 1.244252965738780176e+03
1.822458922769621722e+03 1.244252965738780176e+03
2.770043773150762263e+02 1.335162056647871168e+03
3.679134682241672181e+02 1.335162056647871168e+03
4.588225591332580962e+02 1.335162056647871168e+03
5.497316500423489742e+02 1.335162056647871168e+03
6.406407409514399660e+02 1.335162056647871168e+03
7.315498318605308441e+02 1.335162056647871168e+03
8.224589227696217222e+02 1.335162056647871168e+03
9.133680136787127140e+02 1.335162056647871168e+03
1.004277104587803592e+03 1.335162056647871168e+03
1.095186195496894470e+03 1.335162056647871168e+03
1.186095286405985462e+03 1.335162056647871168e+03
1.277004377315076226e+03 1.335162056647871168e+03
1.367913468224167218e+03 1.335162056647871168e+03
1.458822559133257982e+03 1.335162056647871168e+03
1.549731650042348974e+03 1.335162056647871168e+03
1.640640740951439966e+03 1.335162056647871168e+03
1.731549831860530958e+03 1.335162056647871168e+03
1.822458922769621722e+03 1.335162056647871168e+03
3.679134682241672181e+02 1.426071147556961932e+03
4.588225591332580962e+02 1.426071147556961932e+03
5.497316500423489742e+02 1.426071147556961932e+03
6.406407409514399660e+02 1.426071147556961932e+03
7.315498318605308441e+02 1.426071147556961932e+03
8.224589227696217222e+02 1.426071147556961932e+03
9.133680136787127140e+02 1.426071147556961932e+03
1.004277104587803592e+03 1.426071147556961932e+03
1.095186195496894470e+03 1.426071147556961932e+03
1.186095286405985462e+03 1.426071147556961932e+03
1.277004377315076226e+03 1.426071147556961932e+03
1.367913468224167218e+03 1.426071147556961932e+03
1.458822559133257982e+03 1.426071147556961932e+03
1.549731650042348974e+03 1.426071147556961932e+03
1.640640740951439966e+03 1.426071147556961932e+03
1.731549831860530958e+03 1.426071147556961932e+03
3.679134682241672181e+02 1.516980238466052924e+03
4.588225591332580962e+02 1.516980238466052924e+03
5.497316500423489742e+02 1.516980238466052924e+03
6.406407409514399660e+02 1.516980238466052924e+03
7.315498318605308441e+02 1.516980238466052924e+03
8.224589227696217222e+02 1.516980238466052924e+03
9.133680136787127140e+02 1.516980238466052924e+03
1.004277104587803592e+03 1.516980238466052924e+03
1.095186195496894470e+03 1.516980238466052924e+03
1.186095286405985462e+03 1.516980238466052924e+03
1.277004377315076226e+03 1.516980238466052924e+03
1.367913468224167218e+03 1.516980238466052924e+03
1.458822559133257982e+03 1.516980238466052924e+03
1.549731650042348974e+03 1.516980238466052924e+03
1.640640740951439966e+03 1.516980238466052924e+03
1.731549831860530958e+03 1.516980238466052924e+03
4.588225591332580962e+02 1.607889329375143916e+03
5.497316500423489742e+02 1.607889329375143916e+03
6.406407409514399660e+02 1.607889329375143916e+03
7.315498318605308441e+02 1.607889329375143916e+03
8.224589227696217222e+02 1.607889329375143916e+03
9.133680136787127140e+02 1.607889329375143916e+03
1.004277104587803592e+03 1.607889329375143916e+03
1.095186195496894470e+03 1.607889329375143916e+03
1.186095286405985462e+03 1.607889329375143916e+03
1.277004377315076226e+03 1.607889329375143916e+03
1.367913468224167218e+03 1.607889329375143916e+03
1.458822559133257982e+03 1.607889329375143916e+03
1.549731650042348974e+03 1.607889329375143916e+03
1.640640740951439966e+03 1.607889329375143916e+03
5.497316500423489742e+02 1.698798420284234908e+03
6.406407409514399660e+02 1.698798420284234908e+03
7.315498318605308441e+02 1.698798420284234908e+03
8.224589227696217222e+02 1.698798420284234908e+03
9.133680136787127140e+02 1.698798420284234908e+03
1.004277104587803592e+03 1.698798420284234908e+03
1.095186195496894470e+03 1.698798420284234908e+03
1.186095286405985462e+03 1.698798420284234908e+03
1.277004377315076226e+03 1.698798420284234908e+03
1.367913468224167218e+03 1.698798420284234908e+03
1.458822559133257982e+03 1.698798420284234908e+03
1.549731650042348974e+03 1.698798420284234908e+03
7.315498318605308441e+02 1.789707511193325672e+03
8.224589227696217222e+02 1.789707511193325672e+03
9.133680136787127140e+02 1.789707511193325672e+03
1.004277104587803592e+03 1.789707511193325672e+03
1.095186195496894470e+03 1.789707511193325672e+03
1.186095286405985462e+03 1.789707511193325672e+03
1.277004377315076226e+03 1.789707511193325672e+03
1.367913468224167218e+03 1.789707511193325672e+03
1.004277104587803592e+03 1.880616602102416664e+03
1.095186195496894470e+03 1.880616602102416664e+03
