862.364 262.364
916.909 262.364
971.455 262.364
1026.000 262.364
1080.545 262.364
1135.091 262.364
1189.636 262.364
698.727 316.909
753.273 316.909
807.818 316.909
862.364 316.909
916.909 316.909
971.455 316.909
1026.000 316.909
1080.545 316.909
1135.091 316.909
1189.636 316.909
1244.182 316.909
1298.727 316.909
1353.273 316.909
589.636 371.455
644.182 371.455
698.727 371.455
753.273 371.455
807.818 371.455
862.364 371.455
916.909 371.455
971.455 371.455
1026.000 371.455
1080.545 371.455
1135.091 371.455
1189.636 371.455
1244.182 371.455
1298.727 371.455
1353.273 371.455
1407.818 371.455
1462.364 371.455
535.091 426.000
589.636 426.000
644.182 426.000
698.727 426.000
753.273 426.000
807.818 426.000
862.364 426.000
916.909 426.000
971.455 426.000
1026.000 426.000
1080.545 426.000
1135.091 426.000
1189.636 426.000
1244.182 426.000
1298.727 426.000
1353.273 426.000
1407.818 426.000
1462.364 426.000
1516.909 426.000
480.545 480.545
535.091 480.545
589.636 480.545
644.182 480.545
698.727 480.545
753.273 480.545
807.818 480.545
862.364 480.545
916.909 480.545
971.455 480.545
1026.000 480.545
1080.545 480.545
1135.091 480.545
1189.636 480.545
1244.182 480.545
1298.727 480.545
1353.273 480.545
1407.818 480.545
1462.364 480.545
1516.909 480.545
1571.455 480.545
426.000 535.091
480.545 535.091
535.091 535.091
589.636 535.091
644.182 535.091
698.727 535.091
753.273 535.091
807.818 535.091
862.364 535.091
916.909 535.091
971.455 535.091
1026.000 535.091
1080.545 535.091
1135.091 535.091
1189.636 535.091
1244.182 535.091
1298.727 535.091
1353.273 535.091
1407.818 535.091
1462.364 535.091
1516.909 535.091
1571.455 535.091
1626.000 535.091
371.455 589.636
426.000 589.636
480.545 589.636
535.091 589.636
589.636 589.636
644.182 589.636
698.727 589.636
753.273 589.636
807.818 589.636
862.364 589.636
916.909 589.636
971.455 589.636
1026.000 589.636
1080.545 589.636
1135.091 589.636
1189.636 589.636
1244.182 589.636
1298.727 589.636
1353.273 589.636
1407.818 589.636
1462.364 589.636
1516.909 589.636
1571.455 589.636
1626.000 589.636
1680.545 589.636
371.455 644.182
426.000 644.182
480.545 644.182
535.091 644.182
589.636 644.182
644.182 644.182
698.727 644.182
753.273 644.182
807.818 644.182
862.364 644.182
916.909 644.182
971.455 644.182
1026.000 644.182
1080.545 644.182
1135.091 644.182
1189.636 644.182
1244.182 644.182
1298.727 644.182
1353.273 644.182
1407.818 644.182
1462.364 644.182
1516.909 644.182
1571.455 644.182
1626.000 644.182
1680.545 644.182
316.909 698.727
371.455 698.727
426.000 698.727
480.545 698.727
535.091 698.727
589.636 698.727
644.182 698.727
698.727 698.727
753.273 698.727
807.818 698.727
862.364 698.727
916.909 698.727
971.455 698.727
1026.000 698.727
1080.545 698.727
1135.091 698.727
1189.636 698.727
1244.182 698.727
1298.727 698.727
1353.273 698.727
1407.818 698.727
1462.364 698.727
1516.909 698.727
1571.455 698.727
1626.000 698.727
1680.545 698.727
1735.091 698.727
316.909 753.273
371.455 753.273
426.000 753.273
480.545 753.273
535.091 753.273
589.636 753.273
644.182 753.273
698.727 753.273
753.273 753.273
807.818 753.273
862.364 753.273
916.909 753.273
971.455 753.273
1026.000 753.273
1080.545 753.273
1135.091 753.273
1189.636 753.273
1244.182 753.273
1298.727 753.273
1353.273 753.273
1407.818 753.273
1462.364 753.273
1516.909 753.273
1571.455 753.273
1626.000 753.273
1680.545 753.273
1735.091 753.273
316.909 807.818
371.455 807.818
426.000 807.818
480.545 807.818
535.091 807.818
589.636 807.818
644.182 807.818
698.727 807.818
753.273 807.818
807.818 807.818
862.364 807.818
916.909 807.818
971.455 807.818
1026.000 807.818
1080.545 807.818
1135.091 807.818
1189.636 807.818
1244.182 807.818
1298.727 807.818
1353.273 807.818
1407.818 807.818
1462.364 807.818
1516.909 807.818
1571.455 807.818
1626.000 807.818
1680.545 807.818
1735.091 807.818
262.364 862.364
316.909 862.364
371.455 862.364
426.000 862.364
480.545 862.364
535.091 862.364
589.636 862.364
644.182 862.364
698.727 862.364
753.273 862.364
807.818 862.364
862.364 862.364
916.909 862.364
971.455 862.364
1026.000 862.364
1080.545 862.364
1135.091 862.364
1189.636 862.364
1244.182 862.364
1298.727 862.364
1353.273 862.364
1407.818 862.364
1462.364 862.364
1516.909 862.364
1571.455 862.364
1626.000 862.364
1680.545 862.364
1735.091 862.364
1789.636 862.364
262.364 916.909
316.909 916.909
371.455 916.909
426.000 916.909
480.545 916.909
535.091 916.909
589.636 916.909
644.182 916.909
698.727 916.909
753.273 916.909
807.818 916.909
862.364 916.909
916.909 916.909
971.455 916.909
1026.000 916.909
1080.545 916.909
1135.091 916.909
1189.636 916.909
1244.182 916.909
1298.727 916.909
1353.273 916.909
1407.818 916.909
1462.364 916.909
1516.909 916.909
1571.455 916.909
1626.000 916.909
1680.545 916.909
1735.091 916.909
1789.636 916.909
262.364 971.455
316.909 971.455
371.455 971.455
426.000 971.455
480.545 971.455
535.091 971.455
589.636 971.455
644.182 971.455
698.727 971.455
753.273 971.455
807.818 971.455
862.364 971.455
916.909 971.455
971.455 971.455
1026.000 971.455
1080.545 971.455
1135.091 971.455
1189.636 971.455
1244.182 971.455
1298.727 971.455
1353.273 971.455
1407.818 971.455
1462.364 971.455
1516.909 971.455
1571.455 971.455
1626.000 971.455
1680.545 971.455
1735.091 971.455
1789.636 971.455
262.364 1026.000
316.909 1026.000
371.455 1026.000
426.000 1026.000
480.545 1026.000
535.091 1026.000
589.636 1026.000
644.182 1026.000
698.727 1026.000
753.273 1026.000
807.818 1026.000
862.364 1026.000
916.909 1026.000
971.455 1026.000
1026.000 1026.000
1080.545 1026.000
1135.091 1026.000
1189.636 1026.000
1244.182 1026.000
1298.727 1026.000
1353.273 1026.000
1407.818 1026.000
1462.364 1026.000
1516.909 1026.000
1571.455 1026.000
1626.000 1026.000
1680.545 1026.000
1735.091 1026.000
1789.636 1026.000
262.364 1080.545
316.909 1080.545
371.455 1080.545
426.000 1080.545
480.545 1080.545
535.091 1080.545
589.636 1080.545
644.182 1080.545
698.727 1080.545
753.273 1080.545
807.818 1080.545
862.364 1080.545
916.909 1080.545
971.455 1080.545
1026.000 1080.545
1080.545 1080.545
1135.091 1080.545
1189.636 1080.545
1244.182 1080.545
1298.727 1080.545
1353.273 1080.545
1407.818 1080.545
1462.364 1080.545
1516.909 1080.545
1571.455 1080.545
1626.000 1080.545
1680.545 1080.545
1735.091 1080.545
1789.636 1080.545
262.364 1135.091
316.909 1135.091
371.455 1135.091
426.000 1135.091
480.545 1135.091
535.091 1135.091
589.636 1135.091
644.182 1135.091
698.727 1135.091
753.273 1135.091
807.818 1135.091
862.364 1135.091
916.909 1135.091
971.455 1135.091
1026.000 1135.091
1080.545 1135.091
1135.091 1135.091
1189.636 1135.091
1244.182 1135.091
1298.727 1135.091
1353.273 1135.091
1407.818 1135.091
1462.364 1135.091
1516.909 1135.091
1571.455 1135.091
1626.000 1135.091
1680.545 1135.091
1735.091 1135.091
1789.636 1135.091
262.364 1189.636
316.909 1189.636
371.455 1189.636
426.000 1189.636
480.545 1189.636
535.091 1189.636
589.636 1189.636
644.182 1189.636
698.727 1189.636
753.273 1189.636
807.818 1189.636
862.364 1189.636
916.909 1189.636
971.455 1189.636
1026.000 1189.636
1080.545 1189.636
1135.091 1189.636
1189.636 1189.636
1244.182 1189.636
1298.727 1189.636
1353.273 1189.636
1407.818 1189.636
1462.364 1189.636
1516.909 1189.636
1571.455 1189.636
1626.000 1189.636
1680.545 1189.636
1735.091 1189.636
1789.636 1189.636
316.909 1244.182
371.455 1244.182
426.000 1244.182
480.545 1244.182
535.091 1244.182
589.636 1244.182
644.182 1244.182
698.727 1244.182
753.273 1244.182
807.818 1244.182
862.364 1244.182
916.909 1244.182
971.455 1244.182
1026.000 1244.182
1080.545 1244.182
1135.091 1244.182
1189.636 1244.182
1244.182 1244.182
1298.727 1244.182
1353.273 1244.182
1407.818 1244.182
1462.364 1244.182
1516.909 1244.182
1571.455 1244.182
1626.000 1244.182
1680.545 1244.182
1735.091 1244.182
316.909 1298.727
371.455 1298.727
426.000 1298.727
480.545 1298.727
535.091 1298.727
589.636 1298.727
644.182 1298.727
698.727 1298.727
753.273 1298.727
807.818 1298.727
862.364 1298.727
916.909 1298.727
971.455 1298.727
1026.000 1298.727
1080.545 1298.727
1135.091 1298.727
1189.636 1298.727
1244.182 1298.727
1298.727 1298.727
1353.273 1298.727
1407.818 1298.727
1462.364 1298.727
1516.909 1298.727
1571.455 1298.727
1626.000 1298.727
1680.545 1298.727
1735.091 1298.727
316.909 1353.273
371.455 1353.273
426.000 1353.273
480.545 1353.273
535.091 1353.273
589.636 1353.273
644.182 1353.273
698.727 1353.273
753.273 1353.273
807.818 1353.273
862.364 1353.273
916.909 1353.273
971.455 1353.273
1026.000 1353.273
1080.545 1353.273
1135.091 1353.273
1189.636 1353.273
1244.182 1353.273
1298.727 1353.273
1353.273 1353.273
1407.818 1353.273
1462.364 1353.273
1516.909 1353.273
1571.455 1353.273
1626.000 1353.273
1680.545 1353.273
1735.091 1353.273
371.455 1407.818
426.000 1407.818
480.545 1407.818
535.091 1407.818
589.636 1407.818
644.182 1407.818
698.727 1407.818
753.273 1407.818
807.818 1407.818
862.364 1407.818
916.909 1407.818
971.455 1407.818
1026.000 1407.818
1080.545 1407.818
1135.091 1407.818
1189.636 1407.818
1244.182 1407.818
1298.727 1407.818
1353.273 1407.818
1407.818 1407.818
1462.364 1407.818
1516.909 1407.818
1571.455 1407.818
1626.000 1407.818
1680.545 1407.818
371.455 1462.364
426.000 1462.364
480.545 1462.364
535.091 1462.364
589.636 1462.364
644.182 1462.364
698.727 1462.364
753.273 1462.364
807.818 1462.364
862.364 1462.364
916.909 1462.364
971.455 1462.364
1026.000 1462.364
1080.545 1462.364
1135.091 1462.364
1189.636 1462.364
1244.182 1462.364
1298.727 1462.364
1353.273 1462.364
1407.818 1462.364
1462.364 1462.364
1516.909 1462.364
1571.455 1462.364
1626.000 1462.364
1680.545 1462.364
426.000 1516.909
480.545 1516.909
535.091 1516.909
589.636 1516.909
644.182 1516.909
698.727 1516.909
753.273 1516.909
807.818 1516.909
862.364 1516.909
916.909 1516.909
971.455 1516.909
1026.000 1516.909
1080.545 1516.909
1135.091 1516.909
1189.636 1516.909
1244.182 1516.909
1298.727 1516.909
1353.273 1516.909
1407.818 1516.909
1462.364 1516.909
1516.909 1516.909
1571.455 1516.909
1626.000 1516.909
480.545 1571.455
535.091 1571.455
589.636 1571.455
644.182 1571.455
698.727 1571.455
753.273 1571.455
807.818 1571.455
862.364 1571.455
916.909 1571.455
971.455 1571.455
1026.000 1571.455
1080.545 1571.455
1135.091 1571.455
1189.636 1571.455
1244.182 1571.455
1298.727 1571.455
1353.273 1571.455
1407.818 1571.455
1462.364 1571.455
1516.909 1571.455
1571.455 1571.455
535.091 1626.000
589.636 1626.000
644.182 1626.000
698.727 1626.000
753.273 1626.000
807.818 1626.000
862.364 1626.000
916.909 1626.000
971.455 1626.000
1026.000 1626.000
1080.545 1626.000
1135.091 1626.000
1189.636 1626.000
1244.182 1626.000
1298.727 1626.000
1353.273 1626.000
1407.818 1626.000
1462.364 1626.000
1516.909 1626.000
589.636 1680.545
644.182 1680.545
698.727 1680.545
753.273 1680.545
807.818 1680.545
862.364 1680.545
916.909 1680.545
971.455 1680.545
1026.000 1680.545
1080.545 1680.545
1135.091 1680.545
1189.636 1680.545
1244.182 1680.545
1298.727 1680.545
1353.273 1680.545
1407.818 1680.545
1462.364 1680.545
698.727 1735.091
753.273 1735.091
807.818 1735.091
862.364 1735.091
916.909 1735.091
971.455 1735.091
1026.000 1735.091
1080.545 1735.091
1135.091 1735.091
1189.636 1735.091
1244.182 1735.091
1298.727 1735.091
1353.273 1735.091
862.364 1789.636
916.909 1789.636
971.455 1789.636
1026.000 1789.636
1080.545 1789.636
1135.091 1789.636
1189.636 1789.636
