-6.959265720904041219e-02
-3.410870621491374766e-01
-1.231095392943525185e-01
-3.307427598925858914e-01
-2.598313929487842955e-02
-1.239481497937613280e-01
-2.018685886225332904e-01
-1.797931456835798192e-01
-1.694578074522450906e-01
-1.247578725597061483e-01
-1.892375913926921116e-01
-6.488967617140443955e-02
-5.635249042942647169e-02
-8.684342465148327250e-02
-5.544386381933613661e-02
-1.248277177142552430e-01
-1.013712537591741070e-01
-1.305622234255126024e-01
-5.720549722568594314e-02
-1.168420882605870070e-01
9.894604319423478539e-03
8.886495647032137402e-02
-4.255467295747943079e-02
-4.186399578998332288e-02
-8.778033631214331167e-02
-7.351337856015356664e-02
-9.476469769615611383e-02
-6.793697919014171638e-02
-8.775328209571298110e-02
-8.423403309432010710e-02
-4.789249830331199220e-02
-3.536932358970605594e-02
-1.604249423532746327e-02
-4.814565258327079163e-03
-4.129260076101979454e-02
-6.907222967641342415e-02
-1.008593024197672883e-01
-7.525798050505558279e-02
-8.541191863561041486e-02
-7.323947295395542845e-02
-5.617186413636924419e-02
-2.739886912654219964e-02
2.635265149578646660e-01
1.815061116733855118e-01
1.991387030238310138e-02
8.244141070743900290e-03
-5.457967298517061097e-03
-4.793786029015513483e-02
-1.226757274222421007e-01
-6.844235899858638894e-02
-8.582731614908283013e-02
-5.186312315009398988e-02
-3.592905846501054379e-02
2.059981388287019516e-02
8.893796974060953764e-02
7.655203093782410317e-02
-1.267961655902756328e-03
-5.249429084039983900e-02
-5.224772276673905758e-02
7.344899384462816316e-02
1.045369718179795099e-01
1.175214394320516081e-01
9.274922542243284329e-02
9.015942262146947606e-02
3.858433378314168882e-01
5.944804928523516052e-01
2.978214702738721242e-02
2.452342989326070088e-01
1.716930264358678404e-01
4.791117776017854157e-01
-3.033443492228304894e-01
-2.080441023423362443e-02
-7.723344815721322476e-02
-1.914180752339433161e-02
-8.227799424819463858e-02
6.442881779734999093e-01
4.835044880593815653e-01
6.629653560552460634e-02
-2.241665479009837675e-02
3.549251719089386303e-01
-3.780743900048639805e-01
-8.972727279647513265e-02
-9.602994592119687423e-02
-4.877384524137503424e-02
-2.848453961682119451e-02
7.711809589824757116e-02
-5.222178814736681829e-02
1.701205191903668035e-01
-4.643096473744385833e-01
-5.907558307913386708e-02
-1.993320182147085284e-01
-8.220594173341155830e-02
2.547065819861440983e-01
2.666743731220048153e-01
-6.011230169109875732e-01
-2.384959799416725146e-01
7.114291480835439191e-03
