8.273710685303428680e-03
1.058221664181959419e-02
1.322113065225031907e-02
1.251361190487767193e-02
1.322479096483795968e-02
-2.322324155206559153e-03
9.011439480178930900e-03
1.151121542434952252e-02
1.889158874925260176e-02
2.077118090159746008e-02
2.061535800534353147e-02
1.157784281000759884e-02
-2.727122843782888231e-02
-2.294556616943944395e-03
-7.519828519963718885e-03
-1.635418505944931725e-02
5.699103943620281373e-03
5.847358170028849923e-03
1.166291288395592506e-02
1.129613656086609318e-02
-8.564719813149181821e-03
-3.276357308318762762e-02
-2.841403820186192905e-02
1.854963769185108760e-02
-9.134601271583711254e-03
-8.126572168498933865e-03
3.952223175365784935e-02
9.441866820339071126e-03
-2.301231395315403178e-03
1.131997126729541482e-02
-1.893731510904824236e-02
-2.072017943522946881e-02
-3.419165227857229317e-02
-1.701969039363276232e-02
4.479518898523139614e-02
-1.075698005909471629e-02
3.811731445669819252e-03
6.676597342200396579e-02
2.125748691155953524e-02
2.900651270459341305e-03
2.526307766911451563e-02
-2.301900782596448883e-02
-2.754249157599587827e-02
-3.073411095784101335e-02
-1.401774632143182320e-02
3.345383465729113992e-02
-3.140091382171342205e-02
-8.795921916685284919e-03
4.420656708468572588e-02
-2.241292751063332384e-03
-6.587967707793453316e-03
2.937587661654176077e-02
-2.430992309554853847e-02
-3.277563722027983240e-02
-2.247871028528273391e-02
-1.351223296730111149e-02
9.207327643941146458e-03
-4.585897997077265781e-02
-1.670174695036124451e-02
3.498150382505026135e-02
-1.849597712976647559e-02
-2.002722295466206545e-02
1.686152052818807451e-02
-2.667816728256505732e-02
-2.886613863246869846e-02
-1.152493362423441699e-02
3.413978020705195175e-03
2.976245901643026839e-02
-5.908347898090377665e-03
2.729653529844477608e-03
2.795913128849884105e-02
-1.129706192697733577e-02
-4.043795211954124592e-03
1.599677638132745994e-02
-2.308711279127136431e-02
-2.472069748802850631e-02
1.053900854062389883e-02
3.336680314526892233e-02
1.903366147362277327e-02
1.262347386362698380e-02
1.955201742223697248e-02
6.994035421371472445e-03
1.881759965566438819e-02
1.583111584233816774e-02
-1.227521781339286147e-02
1.243591678730099348e-02
5.961651484651356477e-03
4.334276570388424614e-03
5.424638735478348218e-03
5.909775322921236550e-03
9.927990026260890416e-03
4.576411452819756365e-03
4.627667723960093285e-04
-1.358884321208999376e-03
-6.946123744160200486e-04
1.940527372920394377e-05
1.917191669743274676e-03
