2.182379292876279742e-02
-6.351010189069407341e-02
6.323967854806747738e-03
-4.162803888923996554e-03
3.840105022568617021e-02
-9.252417090537205097e-03
-7.957111376221535914e-02
-7.272174197072277246e-02
-1.269617534198390352e-01
-7.252919430271032031e-02
-8.591887548720379686e-02
8.373663709250220993e-03
2.732430752557301473e-02
-3.451507805087648123e-02
-5.124399183667729951e-02
-8.292954552077816399e-02
-6.452580194378361444e-02
-8.118012958099066201e-02
-4.070499810145730007e-02
-1.048648799922102248e-01
6.609617920163887717e-03
1.022893187745600452e-01
-3.083843469804397122e-02
-3.282896486828584814e-03
-1.110092884933713830e-01
-7.040077643332562363e-02
-1.008074663788992020e-01
-8.648329273926910754e-02
-1.091603730005538397e-01
-8.860075633215183655e-02
-1.249175964925220844e-01
1.080291375830702560e-02
4.266365044865860767e-02
-3.418627882793882911e-02
-6.267549664975372026e-02
-1.033616930435382331e-01
-1.134985459480909314e-01
-9.873443672197837473e-02
-9.888274727424575805e-02
-1.314237395865933689e-01
-1.173379681084455867e-01
-1.461878706764637159e-01
-7.842317190337615151e-03
1.173377615919791034e-01
-3.882430910519654721e-02
-5.608297480153777437e-02
-1.006310846165328343e-01
-9.889081291039147903e-02
-1.604853084219958481e-01
-9.847026226263433379e-02
-1.264749718931958145e-01
-1.352573813281333914e-01
-1.083712254993288854e-01
-2.754686525204184597e-02
1.675655016554257470e-02
-1.918378399096026116e-02
-4.111540869855136865e-02
-9.968487854810556548e-02
-1.353255115762638794e-01
-8.903219799128207768e-02
-1.110006914534258093e-01
-9.604548936672276105e-02
-1.130964829519980341e-01
-1.916507635877328641e-01
5.016930933493923828e-02
2.986676562364516396e-01
-2.598589993973119544e-02
-4.964379391274799380e-02
-6.404332222110309392e-02
-8.086473898831694762e-02
-6.957838811808897406e-02
-8.689023329178141575e-02
-1.134624970497380703e-01
-1.068343416826341707e-01
-1.058145095004313363e-01
1.907092280979421628e-01
1.592971271626380247e-01
-3.412454842503433172e-02
-6.117154810135985027e-02
-6.496119413972385737e-02
-5.086389613348141214e-02
-7.774346586108034363e-02
-7.705077897489225058e-02
-6.373845368880763640e-02
1.901182709768974022e-02
3.189814906939677508e-01
-2.885411475274054713e-02
-1.005735140201675648e-01
-7.887422234680474542e-02
-1.077383782354667668e-01
-8.954940071121990364e-02
5.357754872425085635e-02
1.075319331268074496e-01
4.136682638388344269e-01
7.345685021411343940e-02
3.650496652195917568e-01
3.626849534664450259e-01
