3.424900245214577976e-02
-8.872808968056671020e-02
-6.940179687897873873e-02
-1.750819915838255081e-01
1.490413079483113579e-01
2.222315031260625393e-02
-1.367097691415268268e-01
-1.295016306675812467e-01
-1.496378728001836744e-01
-1.173022707620542116e-01
-1.987632840232718689e-01
1.659855481623729451e-02
2.688718717329439262e-02
-4.156855502783420031e-02
-4.867531565257172954e-02
-9.011914268221977997e-02
-1.024144726396145899e-01
-1.381332740231663581e-01
-6.248839095507971453e-02
-2.180843059338997136e-01
-3.225637752899607191e-02
3.162734375587378799e-01
-8.001437722700500965e-02
-1.887035055224268662e-02
-7.704631099554175300e-02
-8.879453822446652100e-02
-9.728147688160670992e-02
-8.882620989811630674e-02
-1.180027842401699389e-01
-1.272026746631532701e-01
-2.827103026157815613e-01
3.662411293635355891e-01
2.009475085954358364e-03
2.107656045356102840e-05
-7.151044117380346565e-02
-6.696097092728089950e-02
-1.368880344080131983e-01
-1.002825960004490313e-01
-1.341062315482744460e-01
-1.229603298994390581e-01
-1.269178030321245210e-01
-1.153074952456243779e-01
-5.613926848430779437e-02
2.000791649743203504e-01
-1.231133711406248374e-02
-3.142365949759970412e-02
-5.758312735032203311e-02
-1.158828472552951017e-01
-1.894625748650521913e-01
-1.137856119400679072e-01
-1.364701124597844650e-01
-1.064516864826961506e-01
-1.375444473217157515e-01
-1.401738807681589261e-01
7.432287757506558790e-02
1.380529452668368545e-02
-4.426605613012973839e-02
-1.008177584088529588e-01
-1.397122032811813075e-01
-1.109695766017335661e-01
-1.220912744239791570e-01
-1.228431186617553461e-01
-1.173159268107213105e-01
-1.282266804048608766e-01
1.189540380123455532e-01
3.459996850296062632e-01
-1.353012110590621347e-02
-1.087324389034092197e-02
-5.546584302689788054e-02
-8.686882822142039107e-02
-1.037091128479360053e-01
-8.980676819285669799e-02
-1.359857307062906639e-01
-1.399461905338847123e-01
-1.262357726056726748e-01
1.469540741388326854e-01
2.154638712009221413e-01
5.033855883402041896e-03
-3.179372809570914227e-02
-5.586856334696893578e-02
-6.893205057199455754e-02
-1.069759934116813332e-01
-2.649583220174863141e-01
-7.955254503163494695e-02
9.081848732819555736e-02
2.236896898920031629e-01
6.455978148349536538e-02
-6.238469925783356185e-02
-4.613261544980604839e-02
-5.522583803341192532e-02
-1.262725209930016246e-01
7.341491353135505549e-02
5.060102282971214865e-02
3.209705049984121206e-01
-5.115120079762555672e-02
1.931025598406911348e-01
2.787815165861777245e-01
