8.451779622350973076e-02
-4.420767726191483782e-02
7.059915817399471660e-02
-5.626263914752749340e-02
1.136238868390887641e-01
1.311861457247549129e-02
-5.325800488022500861e-02
-1.435122210326797952e-02
-3.320829364646099569e-02
3.599185848472719572e-03
-3.659192317684452356e-02
2.590196497594714903e-02
-1.055620765433449779e-02
-2.363956909323744471e-02
-3.107687658136812445e-03
-2.705112110580550067e-02
-1.808613710999297866e-02
-1.117911762986852769e-02
1.149134555096581294e-02
1.622717462310523497e-03
3.732268453145580478e-02
8.253788682778177843e-02
-5.990908499411815719e-02
3.682660457521368808e-03
-4.264845264242679568e-02
7.838301329243145760e-04
-1.720615665151582416e-02
-5.660168743825068523e-03
-9.054050839016608912e-03
-7.636921759636045547e-03
-1.461739998990630937e-02
2.540934164711251136e-02
-1.011705169378251806e-01
-1.861611074701584670e-02
-2.766793165392588197e-02
-2.359976130279573328e-02
-2.825494279428501787e-02
-5.256719544809004309e-03
-1.568083040922520210e-02
-1.932232924676209260e-02
-9.005421954254654027e-03
-2.918897984700716958e-03
1.274953183777548758e-02
4.648279543549884568e-02
-2.555466045931356275e-02
-2.361337064328920821e-02
-2.860379632388731705e-02
-1.553046865179821996e-02
-4.061883995291913629e-02
-9.397986672938467637e-03
-2.049184785568255313e-02
-6.950956616748067869e-03
-1.717988779354861009e-02
1.435796708203482784e-02
-1.400011617911719186e-01
-5.076665016731971014e-03
-1.516518835622848553e-02
-3.955034411699043934e-02
-3.107859290513473663e-02
-1.583655683234596462e-02
-2.663722683753777173e-02
-3.391298483125378734e-03
-7.514974353944313748e-03
-9.180643625668947691e-03
-3.798750822001178973e-02
1.541279859476348546e-01
-7.514482907110577037e-02
-1.817502369084368283e-02
-2.257191774574986154e-02
-1.606369194900341552e-02
-1.536347840945614940e-02
-8.453793010148979992e-03
-2.625573744136580970e-02
-1.585964550659024058e-02
-2.365673839891549793e-02
1.073156255580283436e-01
8.657171071894775687e-04
-1.756111817928831045e-02
-1.900855741879795349e-02
-2.419470728267585080e-02
-9.862453731257258063e-03
-3.313128123317573420e-02
-2.140059969350223135e-01
9.661929228351896076e-03
7.567917807864323575e-03
-4.055727947642360706e-03
-4.374850715956564440e-02
-1.417122324859591311e-02
-6.358566466246223445e-03
9.922555782061600813e-03
-8.828298493338208874e-03
3.920356122273178923e-02
5.208857934782432780e-02
-4.898024394966614056e-03
4.843964261476851538e-03
-3.650989795213112343e-02
5.206450949886597818e-02
