1.121351338783851265e-01
1.074647562902736331e-01
3.168784958137116359e-02
-4.321386656145782129e-02
-4.256836966534176953e-02
9.734426929145334473e-02
-2.749111924499370030e-01
-1.737695794989810028e-01
-1.102712117609314646e-01
-5.799382642626746409e-02
-4.436299371897504257e-02
5.299082112287651497e-02
3.508661227983060626e-02
-3.284742774343027971e-01
5.779854883922201647e-02
-2.432522894417911419e-02
-2.292897610139859113e-03
-6.694198879319308501e-03
-1.004641332496465297e-02
-1.487830932498559154e-02
1.102753631122503110e-02
2.344956036488559104e-01
-3.876224338801837477e-01
9.593701380801247791e-02
-6.718392360632861882e-02
-9.850680965466204059e-03
-2.588374038347359546e-02
1.109209070755184066e-02
-5.872315258033638206e-03
-2.244548141479240071e-03
-2.674291047327539625e-02
-1.430433321229388627e-03
4.172432371677590734e-01
-3.238413345261434984e-01
1.890065440762018698e-02
-3.636964252924500263e-02
-2.317124549604822337e-02
8.217288845108314602e-03
-2.291168158793726803e-02
-1.822666191772008906e-02
-1.938183824506420827e-03
3.761863621604825611e-03
2.745615481179952341e-02
3.301440243132485186e-01
-2.863833079694065309e-01
4.107834528737029645e-02
-2.448448127918005299e-02
-6.858484326127230885e-03
-2.313009291020763636e-02
-2.668629009650924644e-03
-9.063408581995103380e-03
2.835654985926504279e-02
-2.225848093963951960e-02
6.888895403981806775e-02
1.187613259408644428e-01
-2.244256081402641323e-01
4.208491857370548483e-02
-2.916453524892025431e-02
-3.373156500139945502e-02
-9.586734561165363711e-03
-4.825516785275876797e-02
-9.355107456378471131e-05
2.853722274322074981e-02
-3.523853887673737695e-02
6.855284894234159321e-02
-1.582148069139147073e-02
-1.372189407422704233e-01
2.108249590109442101e-02
-3.143268657555308571e-02
-1.069186948131992110e-02
1.436257677281002620e-02
-9.722061279209340268e-03
4.848746631102124685e-03
2.799362888918864242e-02
-3.661109682265059617e-02
7.112320166424397627e-02
-9.972747133785005158e-02
-1.105395283174723381e-01
-3.529491655535867134e-02
-4.835536958113215850e-02
1.181952747742399598e-02
-4.160351487086944716e-02
-1.122230768142979361e-02
-7.706575083693663342e-02
1.209285921672700881e-01
2.221121164586872289e-03
-9.056905116846322712e-02
-3.835961745116108629e-02
-5.059437246573184055e-02
-1.661645744784064765e-02
-3.848794525629306573e-03
1.226042014300048333e-01
-2.888746635184898798e-02
-1.853389826066580842e-02
8.794488449591738449e-03
4.342379232874678252e-02
6.348309648188028842e-02
