-6.776443398896861425e-02
-2.207620377307614734e-01
-1.416997043369492282e-01
-1.856268888311971010e-01
-1.259324921936341435e-01
-9.231974143501439634e-02
-1.457495754011114697e-01
-1.785723152403481118e-01
-1.870661027560266976e-01
-1.317102964678346921e-01
-1.811301145395028678e-01
-7.191651150253178248e-02
1.046298726295998537e-02
-9.052927349458228523e-02
-8.547051537793280696e-02
-1.466190744597476447e-01
-1.336465925036111613e-01
-1.521616153260772208e-01
-1.034655954267916789e-01
-1.378936983934834215e-01
-7.089304110247604540e-02
4.280207057437163121e-02
-7.328160485937096347e-02
-5.172883699188740581e-02
-1.588442919367002715e-01
-9.613587077027097028e-02
-1.378262986993129546e-01
-1.119875606140772334e-01
-1.290395104428686268e-01
-1.382708071841050879e-01
-1.035312008136644035e-01
-1.731827698935561044e-01
-4.359080413123089803e-02
-2.755114746456234151e-02
-7.767973163180599827e-02
-1.068238638609214780e-01
-1.721947401358843999e-01
-1.395029319411379698e-01
-1.443300027037294764e-01
-1.450879556070345522e-01
-1.322976199401050823e-01
-1.172529481208513802e-01
1.634451976766338188e-01
8.302018709506653327e-02
-1.284650961163295683e-02
-5.192571398924542697e-02
-7.463252111980071823e-02
-1.326747688720685270e-01
-2.173317875948281852e-01
-1.294282042613828232e-01
-1.471049001708595594e-01
-1.282984526964241201e-01
-1.006024054481067798e-01
-7.442633429688379210e-02
2.999312745991190507e-02
-1.913869067246194624e-03
-5.078143115498537363e-02
-1.063712649431958757e-01
-1.761132175828941382e-01
-1.117035594330210990e-01
-1.458179730933949203e-01
-1.027004465357658075e-01
-1.284558194004284115e-01
-1.118285407704602136e-01
4.154125705995800888e-02
2.886856593122671399e-01
3.760165836531284556e-03
-1.261599650325909844e-02
-4.128188128015555097e-02
-7.820255927982887323e-02
-9.941239275744982729e-02
-8.954641854886609409e-02
-1.075000272244769767e-01
-8.155299331768363358e-02
-1.845086016062638667e-01
4.039625036173252193e-01
2.557423931390607197e-01
4.886785402344880763e-03
-2.691052077102866827e-02
-4.039161256991396359e-02
-6.146433037377192071e-02
-7.035491870115306856e-02
-2.662369037689595874e-01
-3.739267138568028170e-02
1.091143118279521984e-01
3.650381373748841085e-01
3.960853625669565059e-03
-2.874134427586972490e-02
-6.513918143769502865e-04
-4.903015765337745413e-02
5.528719392838829516e-02
2.237033214098449185e-01
3.599818674928639828e-01
4.641129764166102012e-01
3.105219183358746970e-02
4.326332150908439034e-01
2.226409553753836146e-01
