-3.077189543329244409e-02
-7.824509942620920533e-02
-5.733877903852708374e-02
6.354418438760477128e-02
3.010609990974772443e-01
6.933109272598561579e-02
-2.445019847326808105e-01
-4.232787645875784599e-01
-4.439857049470868899e-01
-3.180861814157546763e-01
1.631302905595763963e-01
6.820774549690910016e-01
2.731280308258872136e-01
-1.019987685910808337e-02
-4.194130997544596173e-01
-3.929886318944115220e-01
-4.423895549559029861e-01
-6.899582311369767407e-01
-6.380623329112862230e-01
2.152894456182813943e-01
7.086126361078808333e-01
1.922417091298768699e-01
1.976030181783449691e-01
-1.025150833150569041e-01
-1.157816145035189537e-01
6.890313118103416623e-02
1.578696396955281966e-01
7.119161632614982860e-02
-4.363145723783102281e-01
-4.910096964702864719e-01
3.594444490561655159e-01
4.247886081931744329e-01
1.190796596401259427e-01
1.683360009584378841e-02
-8.481197132454804111e-02
5.268714747167655560e-02
-1.836971235376680112e-01
-3.539712534865468441e-01
-5.011635576803451751e-03
-9.193940980712103639e-02
-5.280192065494289100e-01
6.310926148387714651e-02
2.936205212828785216e-01
1.363444210282286906e-01
5.322101422328468640e-02
-3.136611051685527646e-02
8.933587922945175619e-02
-2.274033322622429631e-01
-5.349717380469057870e-01
-4.026229022162501892e-01
-1.847751845187297626e-01
-3.897131145806045360e-01
6.880695304549100388e-02
2.681308588109103108e-01
2.150658307664476410e-01
2.659580892153157183e-01
-1.026168175519036330e-01
-2.493570555339402472e-01
-1.600839755278112286e-01
-2.457931042181956127e-01
-2.670122520037653269e-01
-3.185353588742896314e-01
-3.599305227148227870e-01
7.367333958472979671e-02
2.170179367812339333e-01
3.452214892240955679e-01
4.516401881252860573e-01
7.178052016336392005e-02
-3.337364798501483154e-01
-2.865308759048611487e-01
-2.099873585891520733e-01
-2.681685846440797216e-01
-3.686901457385489134e-01
-3.030662636977342617e-01
1.052317426702046727e-01
1.910979155505569127e-01
4.406836195319487892e-01
2.916678051713975095e-01
-1.071679314782460722e-02
-1.273863609786453910e-01
-2.355556334309945321e-01
-2.547976295505450794e-01
-2.385062601901400403e-01
-8.445474305787385727e-02
1.515599279898714180e-01
2.257433929424318975e-01
9.097459725889979476e-02
-1.813171602854657394e-05
-1.153774711724390445e-01
-1.352413647013587794e-01
-2.880943131733483542e-02
7.677076889886180755e-02
5.484545895859422454e-02
1.134490097076205559e-02
-4.969537428248061578e-03
-8.996760279547256350e-03
3.113218724859232595e-02
