-8.886983236380484319e-02
-9.451598568474220419e-02
-8.476392822132339244e-02
-5.844953800608725103e-02
-4.566822085915486773e-02
-6.933978812918717427e-02
-3.243979634170510162e-02
-2.244021788814797372e-02
2.332730143338848650e-02
2.986874505315513517e-02
6.921084364990030477e-03
-1.303863839963744983e-02
-2.959559317133352713e-02
-3.470940811024866846e-02
5.018564092825038292e-02
4.869220096489115107e-02
5.406710251130891765e-02
4.861419640105511114e-02
3.962106239558918497e-02
3.779926322337823219e-02
-2.521531961178909848e-02
-8.630316202976048151e-03
-8.734784905083661788e-02
4.892460842336005672e-02
6.714751911885996627e-02
8.744603466888341281e-02
7.160893050049181585e-02
7.151905847867853772e-02
5.024130245751626950e-02
2.844773112745123747e-02
-2.106496459864290807e-02
-6.100687530009288317e-02
2.244918573579882809e-02
-4.159193026573130419e-02
3.486390898571285757e-02
6.674016668931104235e-02
9.172490360223330141e-02
1.220792277723340841e-01
9.620669670290274422e-02
6.489038551622242079e-02
4.382945254224709930e-02
3.716786315279806824e-02
-6.129895314680396112e-02
1.029015823875533905e-02
-5.136368814787773546e-02
5.605341918878041507e-02
4.869783067377568553e-02
1.210426210405569081e-01
1.308779445590316226e-01
9.507995257290284552e-02
6.806743644114303382e-02
4.040217632730915692e-02
8.800672232409972179e-03
-5.915729462631644231e-02
-1.566500719123833582e-02
3.191814292992091809e-03
3.248374697784794929e-02
5.047501490941674884e-02
1.113243914667497586e-01
1.127165098418477091e-01
7.627987379438952442e-02
8.216180647494898681e-02
4.685061955265079625e-02
9.992172194492776605e-03
-4.140611554919963744e-02
-7.337852849125485466e-02
-2.802683951155385267e-02
7.580368250086806647e-02
5.690575679874136650e-02
3.133224223752470450e-02
5.585999002126584151e-02
5.118746328828437109e-02
1.473972658924617082e-02
5.396762012401976755e-02
-3.862282689192642060e-02
-5.098399585962919145e-02
-1.295747511701927646e-01
-2.411556213377416824e-01
3.131611465720016141e-02
3.150234086829115099e-02
3.345915879153896211e-02
3.240188755990262154e-02
3.141519876016429097e-02
-2.558405681107473947e-02
-5.466573548995029563e-02
2.266147064457025018e-01
-1.572223160695227218e-01
3.303380139844287917e-03
5.037502216932979518e-03
-3.955622575933475174e-03
-6.692596860138952386e-02
8.564192452131422564e-03
-1.039851775377069187e-01
-1.702809266402409705e-01
-9.677158677444198942e-02
-1.073161900371417607e-03
1.192692655645321426e-02
