-4.335111879912788291e-02
-2.835916607037148873e-01
-1.168740576882329602e-01
-2.694100976750340992e-01
-8.157271193203563531e-02
-4.635241488973109586e-02
-1.453436772383959186e-01
-1.431377786908373528e-01
-1.560026991514330552e-01
-1.358384204053130762e-01
-2.025556898689549468e-01
-7.048649213308158523e-02
4.759401628877660273e-02
-6.353358302897037235e-02
-3.417936604362668829e-02
-1.260636914632914107e-01
-1.210813131735420101e-01
-1.436987247357854325e-01
-6.603552377187620059e-02
-1.598024287213010985e-01
-8.813996398156354051e-02
1.758523191058768420e-01
-9.207877622279571350e-03
-3.454614168703540322e-02
-9.801883537079378317e-02
-8.203350156638446189e-02
-1.012353008325502790e-01
-8.540585453434842989e-02
-1.245009255232068235e-01
-8.263846360518657674e-02
-1.677607296730750097e-01
2.054915722160417790e-01
7.007601908997858342e-02
1.213856861146302667e-02
-2.638529441377313392e-02
-6.000040478150170387e-02
-1.095240971617427034e-01
-1.075213874755410054e-01
-1.169817464671600304e-01
-1.007127659386031215e-01
-1.178095533176329451e-01
-3.809963264583433873e-02
-1.993764554862641203e-02
2.230677956546638085e-01
4.565775405476577009e-02
-1.195176310544958723e-03
-2.286711952014959526e-02
-6.515763403875862725e-02
-1.222065200922515249e-01
-8.144157334274458593e-02
-9.246144881210768829e-02
-5.980611639040964850e-02
-4.637389732874407089e-02
2.991100091740162004e-02
1.728157032910843383e-01
7.361662383755056271e-02
-5.061996915806804553e-05
-5.385114365060542085e-02
-8.177001662559273132e-02
-7.624973392705684805e-02
-8.335271559118966056e-02
-6.991258045163631363e-02
-1.060108443153816582e-01
-6.091164851993941670e-02
2.394357507048501810e-01
6.452978833177267504e-01
1.699178553078331821e-01
2.493686332378917681e-01
2.128611677817920655e-01
1.449009262811989107e-01
1.306931443734876963e-01
1.144767016090974254e-01
1.012396538222547770e-01
1.256179857259852595e-01
1.790502306861350423e-01
3.979627375936983236e-01
2.264897296659711956e-01
2.577826685816139371e-02
-3.781940542336388600e-02
-2.160502612973276906e-02
-4.141692242439992677e-02
-6.132641314722240417e-02
-2.617462845449928799e-01
9.235168704356894187e-03
5.604051846557178695e-02
1.389142036518404288e-01
-5.206549962265700354e-02
-5.182478304802737301e-02
-9.378018789601876015e-02
-7.406623088879095429e-02
-3.086404194626632055e-02
-4.292763722430729956e-02
-3.307825416127835316e-02
-3.844152214680682939e-02
-1.494253608889945240e-01
-1.321257137362898404e-01
-3.888072619973581556e-02
