-9.309594079460654231e-03
-1.432363325043637184e-02
-1.376088670419960136e-02
-5.599904643734937917e-03
7.574833370999321108e-03
5.056512793091538609e-03
-1.009806132583240292e-02
-2.599523703968656396e-02
-2.689814896941984668e-02
-1.549191275879236232e-02
1.071901907392656429e-02
3.139349921803363114e-02
1.594731085666829806e-02
2.846076622503222048e-02
1.267752154780249843e-02
-3.013117604455592402e-03
-7.871683069464948529e-03
-9.590218110069173574e-03
-2.249775629617571052e-03
1.976112231602528135e-02
3.979932281870218053e-02
2.445407499609494537e-03
1.054586855302515336e-02
2.870353431550559664e-02
7.185198812757503939e-03
5.763585927390765633e-03
1.575941658295799963e-02
5.838423325274518828e-03
-1.839520125779714119e-02
-1.623977692072290854e-02
2.848189708921856911e-02
2.792710518976787570e-02
-2.809130567235271735e-03
-4.342552935633958722e-03
6.341798759601697567e-03
-4.900706061144848198e-03
-8.563848926485552113e-03
-9.881923222759835673e-03
-1.315941232326738736e-02
-2.436704876512811938e-02
-3.602183329498417907e-02
1.035925653911127023e-02
2.111120062010274703e-02
1.837505592633745591e-03
2.548188771698514828e-03
1.034254968808649179e-02
3.009378036501858013e-03
-1.360859226376551212e-02
-3.412164888344917241e-02
-3.377685082248940013e-02
-1.723100791616795704e-02
-3.886571793099267286e-02
-4.763073216941784462e-03
1.658951709211203135e-02
1.184641376218341716e-02
2.257481402559221792e-02
5.376401586907711069e-03
-1.769649812905509101e-02
-1.798921457670317817e-02
-3.117636557421387539e-02
-2.324346738823159994e-02
-2.096618074753219679e-02
-4.732118960993746126e-02
-1.598057187906494481e-02
1.221931770373572458e-02
2.478376283611454303e-02
3.666619971537615069e-02
8.361203052741057393e-03
-2.500049751852808852e-02
-1.216024695511703189e-02
-7.342666744611089230e-03
-2.586189752329185257e-02
-4.706149377377655957e-02
-4.516198231462785484e-02
4.344635548054464128e-03
1.805628188452737537e-02
3.480092780907569766e-02
2.037625640445613409e-02
-1.116000227979136242e-02
-1.122424978586537489e-02
-1.282659506044336178e-02
-3.120823482131925702e-02
-3.430054040123762388e-02
6.746056913671258717e-04
3.113819973586892664e-02
1.536234958905472250e-02
-2.857213821020943012e-03
-1.797065256018371554e-02
-2.117980299223048979e-02
-1.888537301249113703e-02
7.229305791712641732e-03
2.922230415234164380e-02
-9.226055724732176548e-04
-6.692443384415974923e-03
-6.053135113164522310e-03
-1.092091672498249691e-04
1.273944556880790384e-02
