4.535939667919611923e-02
4.441073971843522566e-02
2.975068091502915471e-02
3.805484843400826645e-03
2.009281436594444539e-02
5.461671867163435390e-02
-9.352201843091266162e-03
8.250319230431254688e-03
7.239165483997431205e-03
5.687158534828945511e-02
6.040640392237371648e-02
7.550824620801030451e-02
3.743218285518271071e-02
-4.840218611977662420e-03
2.184375582698921264e-02
2.986630508193076697e-02
2.185600187727647706e-02
2.269754367256251321e-02
9.628964539550697796e-03
2.434308159334591312e-02
6.069374466533443424e-02
-8.118390364064936859e-02
-3.722444381810854734e-04
5.157853635866016528e-02
-2.022715292665540690e-03
2.718792095786165194e-02
-4.149364417764991875e-03
1.224500996766381480e-02
1.612457901719456348e-04
-1.817371884276895722e-02
-3.256224049246742025e-02
-3.622159659841073936e-02
-1.117973301074104281e-01
-3.532432457358476025e-03
1.113085460109492983e-02
-5.635243134753820798e-03
8.576204797299504662e-03
3.361340444079456702e-02
1.055894801732848096e-02
-1.810071064416182360e-03
-1.864195018366774162e-02
-1.493648903225802335e-02
-6.835379418024216391e-02
-4.514093151603134832e-03
-8.586894908384842817e-02
4.024285046239044900e-02
-3.055447086632836692e-02
6.502073040638324877e-03
2.398114924313241633e-03
7.446904891690935349e-03
-1.204961241637782926e-02
-3.599548884716349817e-02
-3.781580596793455290e-02
-4.713515470534034198e-03
1.499148494574951973e-01
-1.664376062888509034e-01
8.820099939760422947e-02
-6.529861691191994610e-02
-9.771097010353217704e-03
-3.559352796121755327e-03
-1.196051814503998854e-02
3.398193841313373875e-03
-3.209177282149319743e-02
-8.655397153939949073e-02
2.554799352579465235e-02
3.381366312286719356e-01
-8.381591188483012989e-01
2.656482675325574916e-02
-4.475602782821647141e-02
-4.538635330460740608e-02
-1.062086790135429240e-02
-3.003540032174660535e-02
-6.593483236619290810e-02
-4.170383522447659169e-02
-1.462275060613199562e-01
1.082835836753950377e-02
1.000000000000000000e+00
-6.332061348463018380e-01
-1.193785501817056817e-02
-1.287023881616512488e-01
-4.221563217478509385e-03
-3.915687325257537210e-02
-1.996114682527544426e-01
-2.196914056512709601e-01
1.520827682251010837e-02
-2.524930419950156546e-01
-3.368817147408085383e-02
3.187279540943933898e-02
-3.995884349009873326e-01
-4.412885328073095637e-01
-6.568081634931439705e-01
-4.097494684708120199e-03
-6.795364028326434935e-01
-6.317578426704724137e-01
2.420262235678544704e-01
9.436504879967629877e-01
6.823502304570890908e-01
