5.636923058379014577e-03
5.528304667797268382e-03
6.234586695967039502e-03
6.454011691917243068e-03
7.628834686308664549e-03
9.668000698199175069e-03
9.576768923966968300e-03
9.535881985323653789e-03
9.581062661688982685e-03
1.005589684202091300e-02
1.048052325574559684e-02
1.245516068301702819e-02
9.956278442443775023e-03
1.179764621776977114e-02
1.156297982216364720e-02
7.286976113707924717e-03
1.933456620580090634e-03
-1.052399101600083250e-03
4.382708864284232640e-03
9.953245455487013879e-03
1.378482059702224559e-02
6.779732123926682404e-03
9.212590980710347668e-03
9.425656370972028408e-03
2.533128720017921529e-03
-9.110788551715442302e-03
-2.182385688712519187e-02
-2.790177060443288851e-02
-1.636907238417281349e-02
2.319426485828017439e-03
1.193295356553279382e-02
1.010429908705015069e-02
6.622558439926980872e-03
8.327857081680335380e-03
7.929715365592771058e-04
-1.229018439734800433e-02
-2.637596729932920742e-02
-4.155568143427539052e-02
-4.810843623336198693e-02
-3.433977778849998941e-02
-7.364628669853613349e-03
1.156997418347081863e-02
1.036693929505363120e-02
6.816344424131557354e-03
6.852026885417561962e-03
-4.840732622483778433e-03
-2.009875737397457535e-02
-3.663876882852606237e-02
-4.931806882080493754e-02
-6.826612021938227581e-02
-4.385265058816777139e-02
-1.036219273929770909e-02
1.230928566402567786e-02
1.149527641818451872e-02
6.502787397147834041e-03
7.456899197673972149e-03
-2.465139185478748551e-03
-1.683001161274647051e-02
-3.088039129525922688e-02
-5.307725506760106737e-02
-5.920334271516976277e-02
-4.166197276703226260e-02
-7.504379398290703627e-03
1.339138476938352661e-02
1.133002847959367447e-02
7.981225676721758269e-03
9.010738245834974680e-03
5.138757982543135268e-03
-3.458249382833876191e-03
-1.619600895001337137e-02
-3.146710011015995540e-02
-3.760622806672372920e-02
-1.938515992976153762e-02
2.846050094653411987e-03
1.468463999382249412e-02
1.163467369336717780e-02
9.906080741388430949e-03
8.942800337301146096e-03
6.108111369480162881e-03
7.345527652092950950e-04
-6.220796850823809634e-03
-6.082233522781772990e-03
4.651429073799018873e-04
1.126693249319755258e-02
1.639148728911913114e-02
9.195510199839971449e-03
8.765386533866232482e-03
1.036205762503281981e-02
9.082689209960959770e-03
9.445310241486395281e-03
1.039236322373976451e-02
1.337277879227036746e-02
6.493614546946116853e-03
7.451868736178190837e-03
8.185897395698797652e-03
8.226076757348441473e-03
8.880120657603381498e-03
