-7.515078620168556822e-02
-1.286136322430737333e-01
-1.198431904961334421e-01
-5.704325433521281047e-02
-4.335198209923640800e-02
-1.961241935790605795e-02
-2.654523711346677087e-03
-1.069280455424580917e-01
-4.283479274469810527e-02
8.258248158691587626e-02
6.664107009871831494e-03
-3.036248057373911596e-02
-3.327319755547222813e-02
3.344883435490608736e-02
4.822243768261351426e-02
5.482897431684973649e-02
1.675585267898156150e-01
7.125397385411810780e-02
4.531309278432990584e-02
3.718935648807621119e-02
-3.762172638958747456e-02
-5.886768027743923687e-02
6.471848441811758716e-03
6.498024047449207918e-02
6.499478737024944053e-02
1.014351517191380697e-01
6.513932904808304725e-02
6.642018030019145036e-02
5.973828055017871286e-02
3.417153837283343210e-02
-3.850174109014421753e-02
-7.117803446847248416e-02
-7.246225541826863126e-02
3.919877527198208783e-02
5.690638146038694972e-02
7.675791957935250431e-02
1.012588159104620827e-01
1.243260183730850038e-01
9.996334987204022471e-02
7.151879695419414984e-02
4.488295179163125787e-02
5.682682056970202525e-03
-7.881374786972585034e-02
-7.761661038353268038e-02
5.524151795937053133e-02
6.894134231711004923e-02
5.738601255688657171e-02
1.213953750629984674e-01
1.350581983886641468e-01
1.119906892977056007e-01
7.057939300114701719e-02
4.236435545581601625e-02
1.922418965234556215e-02
-8.593788723453958667e-02
-7.351208830412483963e-02
4.648294581104388257e-02
9.120513639053928756e-02
2.979557629891206247e-02
1.303257685308674696e-01
1.142301191139015182e-01
8.822356083799869075e-02
8.137247540615795416e-02
3.955810176289176888e-02
8.811941180213561306e-03
-7.108748576491517868e-02
-7.876155872707614469e-02
-1.962716778187872588e-02
7.188504142604754121e-02
6.506508111358344504e-02
6.200929605841776909e-02
4.560052367072874729e-02
6.233164719043557400e-02
2.170265702717485978e-02
2.115732216347891714e-02
-2.232560131687448546e-02
-6.147550936652759757e-02
-5.640110898394665867e-02
1.405664918908869354e-02
4.249133180126112713e-02
5.943391244345377911e-02
6.035080394870262488e-02
1.839078993938502923e-02
2.081542092100181415e-02
1.026821154469483022e-02
-4.728549074329629204e-02
-6.631917586629364203e-02
-7.311196675187787986e-02
-3.542244729705278788e-02
7.007703608892221908e-03
2.145009500510228553e-02
-3.478175731790623341e-03
-3.121235573223064136e-02
-7.195459087404670884e-02
-6.594240188479677522e-02
-4.855807660102967604e-02
-3.166247625317264447e-02
-2.617908894711240206e-02
