1.675551527655794737e-01
1.964306762096426351e-01
2.212864052635736822e-01
1.999362551939579957e-01
1.476159434354840372e-01
1.026304786703888666e-01
1.395407169829210592e-01
1.630218818888302390e-01
1.544599295831580454e-01
1.875612283744312325e-01
9.146730279064477220e-02
5.711321105174489883e-03
-4.224019097303823717e-02
-9.262392002382194289e-02
-1.665345691731303646e-01
-2.408123214806415224e-01
-2.828696777671864115e-01
-2.557148197530375588e-01
-2.135336837554125955e-01
-1.437979548699984400e-01
-7.326563972934334312e-02
-5.829958405989623532e-02
-1.183471305869881335e-01
-1.697095991935951564e-01
-1.267952884680535464e-01
-1.065688623598713969e-01
-9.981415103216736973e-02
-1.040601736742202271e-01
-8.747978226795866119e-02
-1.243556278614090932e-01
-7.372870766375533291e-02
-2.653018965154830405e-02
-5.949405905280438778e-02
-9.155158103670368863e-02
-8.643919871532238647e-03
2.988399983145744593e-03
2.458333996027906899e-03
3.040558327972521860e-02
6.917990775123873670e-03
9.353846267027869296e-03
-4.251408174640466248e-02
-3.449780070458888931e-02
-5.970754631773716667e-03
-4.565959025980474706e-02
-5.014108681469135048e-02
3.013489919930162006e-02
-4.021719645745902572e-02
-1.261490022730264726e-01
-1.094823942082157331e-01
-1.299818307748793478e-01
-7.878663486706830033e-02
-8.697896989466323558e-02
-4.451603532904431504e-02
-2.025589589714769587e-03
-1.833001998214329673e-02
-2.924581152920499930e-02
-1.954516264585893365e-02
-6.435698347019724874e-02
-4.936702238943601467e-02
-1.696206416430237618e-02
-2.523897148173607358e-02
-3.107632709475995070e-02
-6.591951726952077761e-02
-4.261403163385475007e-02
4.519521721262033040e-04
1.773884721638210524e-02
2.826541388310382236e-02
2.285106542594197727e-03
-3.481280761556675152e-02
1.669934059371260687e-02
2.232965454722729212e-02
-3.006244454283756376e-02
-4.131563016885800993e-02
-3.773331978780542634e-02
1.395041700282012576e-03
1.592167268745669009e-02
6.344511196624705307e-02
4.564046651786753811e-02
-2.079321846280595895e-02
-3.305857472959572441e-02
-6.590009159030392472e-02
-8.147765733892022022e-02
-5.153718907325130494e-02
1.253188644682510546e-02
4.841644623125481578e-02
6.092708593318157256e-02
4.204268886894335644e-02
3.831928850714139134e-02
4.233809817363218958e-02
6.048264200222407128e-02
8.488497835470060204e-02
8.114074357308163898e-02
5.033653599309339394e-02
6.054069181043757880e-02
7.405540994879804273e-02
8.078249663807943182e-02
8.211542333116592096e-02
