-5.537724055622058120e-03
-1.329336525469413006e-02
-1.495144009900048129e-02
-8.123461147496893395e-03
4.776701305141807172e-03
1.096653742686862568e-02
-1.991276871355087200e-03
-2.275394571647243111e-02
-2.779794335840819752e-02
-1.784926706719937653e-02
8.425336194788831182e-03
2.892554137726923574e-02
1.445120100257465262e-02
3.182632821876763690e-02
1.775972587122401705e-02
-1.804978659225962932e-03
-5.165724563989215583e-03
-4.489677737960920748e-03
1.186693971590589182e-03
2.011498159148400119e-02
3.749156119578783003e-02
-2.665251797576866522e-03
4.479389320057278710e-03
2.911547184342298117e-02
9.090460491726758130e-03
6.081988044644590953e-03
1.969789874721166595e-02
8.523445310117457041e-03
-1.936389179862786289e-02
-1.595174037660777519e-02
2.628354791558586145e-02
2.548333206332337175e-02
-9.263127389446299334e-03
-1.092735029598502008e-02
1.154183757779397336e-02
1.166247023691118975e-03
-6.898920393926363109e-03
-6.898549427054838888e-03
-1.487532582929703209e-02
-2.874499686328171183e-02
-3.483027229621855209e-02
8.743015697176476086e-03
1.830639530021461320e-02
-4.584205667038679551e-03
-2.403846923574908673e-03
1.811906378920296462e-02
8.196446539605935916e-03
-1.513364030295790558e-02
-3.254123283539802486e-02
-3.313660207590625462e-02
-1.712395934020615254e-02
-3.432441507468461661e-02
-6.180966853874270313e-03
1.316692772056549457e-02
6.397754504960708952e-03
1.823721133775153130e-02
1.244273100727969796e-02
-1.431677872920703205e-02
-2.049201395083413355e-02
-2.771120609747974514e-02
-1.804052279888656782e-02
-1.803931474683971234e-02
-4.409140007544759543e-02
-1.894360156315967950e-02
8.688723400140728470e-03
1.964577450311279921e-02
3.282930807064521339e-02
1.382133371273195320e-02
-2.072719454015422777e-02
-1.352733460858694670e-02
-5.242678003434132934e-03
-2.136809222994945356e-02
-4.504007948940210587e-02
-4.443447755948440325e-02
8.397986881433171756e-04
1.474071349946217378e-02
3.136112143048425810e-02
2.173397761871789791e-02
-8.824763315448616238e-03
-1.221102090696811644e-02
-1.251976233391345963e-02
-2.906862714570319917e-02
-3.254957087236143298e-02
1.273616279031833864e-03
2.891157713829369674e-02
1.475463672197889660e-02
-2.281389659120557599e-03
-1.755717347020911701e-02
-1.985277534860444351e-02
-1.662361555063752647e-02
8.756419429199505458e-03
2.939205997737397158e-02
-6.278460912848548301e-04
-6.078538579836771996e-03
-5.137154680802387234e-03
9.564339397929321916e-04
1.347803819359638840e-02
