3.628079870187574801e-02
-2.527664195168785252e-02
5.783825627516534645e-02
2.567756571713644773e-03
2.693562384412849162e-02
5.165550682694619242e-03
-2.722066737390521629e-02
-5.056145409919347335e-03
-3.016555264023606728e-02
7.434091289001640637e-03
-7.311438881549614847e-05
2.950876685061668003e-02
-8.353052977843467355e-03
-1.002055244775992143e-02
8.884653186650000312e-03
-1.038123977571003484e-02
3.032477533071926447e-03
1.986303266120077390e-03
1.964318594383741498e-02
1.504681927259976688e-02
3.698063491814219950e-02
2.563643614436209028e-02
-4.186848968597958048e-02
9.636523186869234633e-03
-2.249146177356489695e-02
1.531117043667610915e-02
3.436237833303613150e-03
8.719845690260902629e-03
7.602971168887907166e-03
-3.107541371577046598e-03
1.647714872298615407e-02
-2.510821642992916783e-02
-9.288762694094472583e-02
-5.437854813524632853e-03
-1.999626418875595849e-02
-1.961081850626319317e-03
-7.192457610016892225e-03
1.165140576602411923e-02
2.743520522594428395e-03
-4.380561527834920567e-03
1.641105787576325678e-02
8.354730129889863938e-03
2.605863829782803509e-02
1.329688188652692130e-02
-7.001562716435626339e-03
-1.009397722346255973e-02
-1.137351172212142277e-02
7.805888896545022659e-03
-7.179880760302503710e-03
4.229425562407519192e-03
-1.681031710650408894e-03
4.047712673821656643e-03
-3.188368855584247132e-03
8.621811356961375447e-03
-1.075353416250774408e-01
3.060294467964077073e-03
-1.763709306477144901e-03
-1.776809459962724880e-02
-9.893857384260219823e-03
8.608079297921976403e-03
-3.066128068783196582e-03
1.406690588875374875e-02
1.302114556632155522e-02
2.613952986572754163e-03
-2.163515832690946980e-02
6.516971992778182454e-02
-3.951063382532651880e-02
-6.245245128249392839e-03
-4.190695779294985671e-03
-8.418965058448441658e-04
3.265503481911130254e-03
4.723721341972647418e-03
-5.141317977291683626e-03
-2.828165776725160858e-03
-1.331688073673217843e-02
7.122057948458185295e-02
-5.168302423546375542e-03
-1.463689287495899619e-02
-8.008374229606241967e-04
-5.701294619522281545e-03
2.737052124404631363e-03
-1.509419436642073231e-02
-1.990525549146277828e-01
7.220876006807092420e-03
8.357056383738108857e-03
-1.029139267556418089e-02
-5.354077205472609902e-02
4.977013587191282109e-05
6.187895810094651630e-03
2.900016910780184656e-02
1.285048626010455285e-03
4.506467056907821622e-02
7.960294278550773817e-02
-3.739639285434118166e-02
-4.140059443541501674e-04
-4.373744087883605497e-02
1.557883858695417907e-02
