-2.006548867454603993e-02
-2.913296899749499153e-02
-1.248775132224422268e-02
-1.726834673446034363e-02
-1.930714253806769393e-02
3.291806879969991911e-02
-4.199316398596578126e-02
-2.314211877040338317e-02
2.136708983594037825e-02
-1.695338933374545415e-02
-2.894196051791890142e-02
3.255670532718233680e-03
5.919184681198592923e-02
-6.452363950169599793e-02
1.181211368981631860e-03
3.857908324908559949e-02
-3.029865927315963936e-02
3.027398234734072005e-02
1.314887969329675901e-02
2.754588024477917785e-02
-2.504076449955223646e-02
3.740786422632778191e-02
-1.957460964263088576e-02
3.015174300788562092e-02
3.766965001500816035e-02
3.504294118522134627e-02
-1.422707852694752098e-02
4.249318931508636044e-02
-1.692411159107565927e-02
-3.172114326611592122e-03
-5.090658706977891496e-02
-3.210327544290342283e-02
4.785373689865110580e-02
1.128635840692296562e-02
-6.372187806630940504e-03
5.794214615498295695e-02
4.102076093855414052e-02
5.439967293932748693e-02
2.351975409190631625e-02
-2.544624751622993897e-02
1.630682978328056726e-02
-5.167995829545576209e-02
-2.652778822922188112e-02
2.473924642397515306e-02
-1.193568807600415768e-02
4.457232202377497780e-03
5.773931414153506830e-02
3.108068867647177658e-02
2.898302457438784244e-02
1.373981350791593850e-02
4.981113485597023216e-03
-1.229481753650894967e-02
-5.442406871467752455e-02
1.128333318254114929e-03
1.434418434603586950e-02
3.786839148099428731e-02
2.581585657479914218e-03
2.489632059823581461e-02
4.232828335877894532e-02
5.032125954226298464e-02
1.160482557584620322e-02
3.263405541051892650e-02
-3.190642847601146692e-02
-5.731519370490124193e-02
1.241049301055619988e-02
1.877096413442386896e-02
-3.654220888137183626e-02
-3.324494212928377074e-02
3.677147189386822945e-02
1.917634024994175831e-02
4.711091810848961475e-03
1.912749479007991651e-02
-7.595532205470268729e-03
-4.162351690567766931e-03
-1.135706274309811054e-01
6.823224980508446266e-03
7.449580479171281910e-02
-6.863070439002098844e-02
1.543420057354733671e-02
-3.771464094300265579e-02
1.903772149029494404e-02
3.167618320238967805e-03
-2.042951013900573265e-01
-1.956802328869937657e-01
7.294475694418531275e-02
-5.455941128369759530e-02
2.856317441729450471e-02
6.074805934750092395e-02
-2.705370561977353192e-02
-1.597224943913429229e-01
-2.306640811571239180e-01
1.461701058720979163e-01
-2.534314409288546677e-01
-2.875890351014747104e-01
2.025599049995923523e-03
2.885416134550242151e-01
2.487570810952704214e-01
