-4.563397148234270978e-02
-5.251288541290991679e-02
-4.562952868841426562e-02
-2.557290142059196608e-02
-1.757461987449021254e-02
-2.516570486369248266e-02
-2.987222089532656430e-02
-1.401949827926668446e-02
-2.074628699890626159e-03
2.159477767450833363e-02
7.364139096392441353e-04
3.863157344218552842e-03
-2.912851101812542060e-02
3.859236888933120085e-04
1.977002323554944568e-02
1.736648090018202278e-02
1.391453801667907712e-02
9.173569401550002791e-03
2.435038834659577697e-02
3.456372309026324585e-02
-1.231198829611354802e-02
1.241769352897137413e-02
-2.261634193277417548e-02
5.220374110865856621e-02
4.481601391039794283e-03
5.524404218167884573e-02
7.315626944496354811e-03
3.087098231210871901e-02
-2.116663461023253825e-03
2.964802624361833824e-03
-1.066347353871530471e-02
-1.685064545911188483e-02
3.617420270306822422e-02
-2.691476301910277619e-02
3.619500507340789319e-02
3.128400348755816518e-02
4.799587597864322930e-02
3.885044513083339701e-02
4.305371840542625284e-02
2.774911376342894739e-02
5.109911111193804131e-03
-1.865213231928287627e-02
-1.241272335376046067e-02
1.895987646482016550e-02
-1.671710663832573149e-02
3.635259822091409243e-02
1.689991524840793805e-02
4.814411673633387651e-02
5.821255567634144035e-02
2.441932509925740999e-02
2.264932239026368026e-03
9.925084094402472634e-03
-6.676942694422268766e-03
-2.638364970695379792e-03
-6.296272228960670195e-03
1.084984354518594117e-02
3.467196352932739450e-02
1.804430800460345846e-02
6.060488173761082592e-02
5.077523094689677385e-02
2.093248101190443161e-02
4.826655753124733939e-02
-9.345489757612689824e-05
-4.062969263179425083e-02
2.143961227367625379e-04
-1.718625863883481777e-02
1.659744744762808519e-02
1.394054140929599714e-02
2.120514095113412711e-02
4.253632493048672969e-02
4.438390869482410073e-02
2.960273270694954717e-02
8.465128063179337345e-03
-2.121578421726177596e-02
-6.234165414952025711e-03
7.929421316834349420e-03
-1.896912884173205735e-02
1.362982172420879740e-02
1.267205763012732578e-02
5.315599084046235961e-03
1.807428166353051979e-02
6.222900962442325448e-03
-2.182276492688421943e-01
-5.055298379200033089e-03
1.464728520477332624e-02
-1.053084643565748574e-02
-4.725572141585560049e-02
-1.278441136602771148e-03
5.326767696858261680e-03
-2.827117927961845904e-03
-2.647547855440328477e-03
-7.600983356932444930e-03
-6.614371081049624790e-02
-7.306027126987274523e-02
-3.661037815753404034e-02
9.222226041155580714e-03
2.883553038829501577e-02
