-3.286890868931971466e-02
-3.893912508992900673e-02
-3.230568889433207969e-02
7.464043632621221967e-04
4.048411681716610269e-05
-1.198982105803138819e-02
-1.666435577357743697e-02
8.099560064366193371e-03
-3.517179834263964300e-02
4.459325739957124835e-02
-1.120451582702216599e-02
1.496164025043995524e-02
-2.824369503613112856e-02
-6.906927972363046189e-03
1.083649208774748254e-02
6.348029463638556191e-03
-1.812914202160985973e-03
8.015570412427029667e-03
1.409332764186040608e-02
6.358733945111569308e-02
-1.593382781323462311e-02
1.882099885323714958e-02
-1.875312431337283411e-02
6.986400574823396770e-02
-6.263631779342259537e-04
5.345478329474528945e-02
1.871392867379783817e-02
1.316256950349282626e-02
-2.349778542492027625e-02
-1.151197073361883566e-02
-1.882320749623538764e-02
-1.869835962842735649e-02
4.748269026287289113e-02
-3.846220756504709071e-02
3.153405757257368713e-02
2.940124729056225322e-02
2.768937339881254178e-02
1.502944793648880104e-02
3.072777135688348898e-02
-1.369614843117418664e-03
-2.479305639056638561e-02
-2.272891559901025690e-02
-1.153886390215932631e-02
3.456254898871756465e-02
-2.855090971512341813e-02
2.918085690704613766e-02
7.181221292465070176e-03
3.539137488689174382e-02
3.522906756029876851e-02
2.427173568111315460e-02
-5.950293835086917747e-03
1.144728902497596339e-02
-2.454847286567075210e-02
-2.892477029212964582e-03
1.593398982897156757e-02
-4.570071646477158467e-03
2.573019900102368335e-02
3.456271911043543726e-02
2.263382712982205808e-02
2.728421908709361896e-02
1.072508590406638304e-03
2.089763738644890081e-02
-3.096111441018587623e-02
-1.794506416841965685e-02
7.635612136271444604e-03
1.796005689043251446e-02
1.840509529081734569e-02
-3.440512102342353079e-02
3.365038192598193006e-02
5.036485118418081164e-03
2.394872356232988567e-02
1.507203929293379763e-02
-1.185821504743565791e-02
-1.298426503436623733e-02
-7.532353628850850177e-03
1.096414964742572530e-02
6.758830900861684254e-03
-3.973978995818713833e-02
2.865456244203515648e-02
1.643563705116744128e-02
1.005064165053774425e-02
3.267132684835151110e-04
-2.280504135161547652e-01
1.850176908254418107e-03
3.077904342651944028e-02
-5.330486240602436143e-02
-4.605222610906897079e-02
8.208185136597320047e-03
-1.791853787354126190e-02
1.210205398801122642e-02
-1.424681627800531737e-02
2.769483208558724124e-02
-6.924433649693620407e-02
-5.806468031764188548e-02
-1.235420655480830993e-02
4.592991116095267168e-02
5.468503278187644007e-02
