7.139787106128427097e-03
9.393693817290956968e-03
1.241992156293647218e-02
1.222823839601855887e-02
1.335720309971544922e-02
-3.154536997046345544e-03
6.455600997753930398e-03
8.482512666784153277e-03
1.738026135302814246e-02
2.074890768289770066e-02
2.144024282002674614e-02
1.249316998003839954e-02
-2.605572544365920493e-02
-1.856579437157522333e-03
-9.718291534895008923e-03
-1.956048849633979306e-02
4.452622652286521501e-03
6.683930139697698974e-03
1.347688179656436960e-02
1.260009548291054354e-02
-7.512884362514743106e-03
-3.145875489877171527e-02
-2.613058682278236733e-02
2.072500426666301632e-02
-9.879104864280967638e-03
-1.084508289431775074e-02
3.799736822839312744e-02
1.027054789335147753e-02
-8.074285714153315099e-04
1.259281222101637891e-02
-1.812042618512394593e-02
-2.018657148270237151e-02
-3.281843313680105761e-02
-1.477777611883984710e-02
4.575949732809540815e-02
-1.276139351998436221e-02
5.660984217109132736e-04
6.503778879051137773e-02
2.215697311209987447e-02
4.230119124848415527e-03
2.581149392192928077e-02
-2.242731685408779624e-02
-2.699930655156915216e-02
-2.915726177445279385e-02
-1.195920644802580743e-02
3.321429559826771793e-02
-3.458499795561078421e-02
-1.221237320253620341e-02
4.360411582491358767e-02
-5.261836568065413923e-04
-5.697646802358061723e-03
2.927364287716962415e-02
-2.377668938440442858e-02
-3.216773201658383596e-02
-2.052511466084276301e-02
-1.006737191086310573e-02
1.049704503100394939e-02
-4.815554738329611006e-02
-1.892749430748295880e-02
3.544794013071482508e-02
-1.714742609078985167e-02
-2.020515242189960606e-02
1.647329225228090846e-02
-2.576038371692859069e-02
-2.801651901368343300e-02
-8.868810592048383817e-03
7.498585888739536277e-03
3.246591262689248192e-02
-7.011243385243570020e-03
8.507578655906093343e-04
2.803195730863259488e-02
-1.071256742729643358e-02
-4.233035286627155613e-03
1.662169648726534443e-02
-2.132458949241566523e-02
-2.352329222381843721e-02
1.342606588552883000e-02
3.500926708843069696e-02
1.678319732888846477e-02
8.830144660437752938e-03
1.736370149744125360e-02
6.374031629991472672e-03
1.920320133510635893e-02
1.740002055350595156e-02
-1.025170753506484018e-02
1.299790133103289128e-02
4.069740968951135983e-03
3.949900206359768795e-05
2.164816963557752213e-03
4.241940274361857485e-03
1.003933913765707106e-02
5.816955393759563539e-03
-5.099017545089324331e-04
-2.996749429783641342e-03
-2.322222328384463807e-03
-8.686635055327113827e-04
1.932508766819701152e-03
