-9.442972233099546087e-02
-2.383576074052229654e-01
-1.601303175004200607e-01
-1.649440684363803478e-01
-1.468045204645723745e-01
-1.198057737780895970e-01
-1.601329935357229117e-01
-1.879065925506030466e-01
-1.906662978898045202e-01
-1.372504595502313518e-01
-1.873818379149765623e-01
-5.105789655641524566e-02
-1.546522318757562187e-02
-1.103387311237657431e-01
-8.784500666926903234e-02
-1.615591933223534393e-01
-1.377318309217551717e-01
-1.471939080025123914e-01
-9.991948570427743037e-02
-1.335162344189008976e-01
-6.319874003875207424e-02
-5.999805240607119713e-03
-8.997299137801846591e-02
-5.583262759483061805e-02
-1.843155508345455385e-01
-1.019126840227902731e-01
-1.435459522943406119e-01
-1.060108206672366465e-01
-1.267881849228040814e-01
-1.322147745963587750e-01
-7.363950993701055825e-02
-1.721439988046020442e-01
-9.303576854783521255e-02
-4.046899451949780707e-02
-8.683172115165899152e-02
-1.062355567755675634e-01
-1.808417507051679751e-01
-1.389879293819333561e-01
-1.468006872822273379e-01
-1.402542826880317783e-01
-1.278077525757973787e-01
-1.116883496708672985e-01
2.030780997111416852e-01
8.204910472282744838e-02
-3.481780458310590465e-02
-5.891005266168088811e-02
-8.924972173023500155e-02
-1.398073944334330687e-01
-2.150199668218025773e-01
-1.262966920726134035e-01
-1.448025584558828016e-01
-1.136228099545647102e-01
-7.812120844090136851e-02
-6.456235119633373098e-02
-6.286631274618049992e-02
-2.863101848699534536e-04
-5.462971856970747636e-02
-1.116664872405775943e-01
-1.744059821758423279e-01
-1.123778635571983375e-01
-1.457455782386472276e-01
-9.562794158881783579e-02
-1.182309151168744604e-01
-1.142979161096952245e-01
1.029806379295426649e-01
2.979596541114014618e-01
-3.549413382293413466e-02
-1.896542209240968321e-02
-4.785669991085293035e-02
-7.445569118463596370e-02
-1.044658802769814626e-01
-8.223267654109434055e-02
-1.000968955659296278e-01
-7.786565482764062907e-02
-1.435317760407958387e-01
4.020820772840040247e-01
2.289934000066681796e-01
1.680684390144900758e-05
-3.049805034640847706e-02
-5.428369338367004110e-02
-5.348478545697496478e-02
-6.481266278489522525e-02
-2.555431914655700854e-01
-3.553067470316752241e-02
1.517741913694746758e-01
3.274271338692851807e-01
1.781116700175742334e-02
-2.241973530791972063e-02
2.611552233446380340e-03
-4.557481203370114531e-02
5.342578821112488330e-02
2.574372285016964246e-01
3.451986129935943337e-01
4.651570757160166103e-01
3.251933528261177070e-02
4.676939905499535866e-01
2.669494334752884890e-01
