-9.992563046995882325e-03
-1.631304047074983929e-02
-1.650231227332467007e-02
-8.145667162537497882e-03
7.768090352549657067e-03
6.764885805744802472e-03
-1.648947078293808849e-02
-3.317536385373125868e-02
-3.322441038278000497e-02
-2.539359273163308006e-02
7.078952322525265510e-03
3.866567057446421152e-02
2.539627215814545952e-02
2.378326549712337160e-02
-2.350952675639211582e-03
-8.763368324509900401e-03
-9.595809405092525779e-03
-1.978492262914096841e-02
-1.192733345384392254e-02
2.513323197565144745e-02
4.870001684901374001e-02
1.224996811669488463e-02
1.965931065606769945e-02
1.986501160881337658e-02
2.391963605525058035e-03
8.140755734719897288e-03
1.461370313821637977e-02
2.492566145005101555e-03
-2.091092792281199278e-02
-1.621160954361962336e-02
3.208046633443262241e-02
3.148015897199160640e-02
5.737631178183447145e-03
2.111490560945269556e-03
6.568590109340510623e-04
-1.513248492660076820e-03
-9.772578577552091736e-03
-1.977312566201857788e-02
-1.290262394596759267e-02
-1.891479736072019385e-02
-3.618737768287634549e-02
9.523057227052336704e-03
2.312901015070967584e-02
8.909775658959964706e-03
7.878656666118784638e-03
5.189072059074746265e-03
2.844483394319327705e-03
-1.811647187250588209e-02
-3.848443623927409740e-02
-2.929949868695795601e-02
-1.501858711992863811e-02
-3.781435363027042112e-02
2.479697996093036937e-04
2.083790882682736573e-02
1.615201309186105674e-02
2.560314399010394856e-02
2.687885920342732247e-04
-2.317649479963824338e-02
-2.433177864044612851e-02
-3.103441702129006857e-02
-2.092281511132541155e-02
-3.095069823798551889e-02
-5.079083551352022580e-02
-6.782734594786146015e-03
1.785804302962070919e-02
2.656570619114879267e-02
3.625752634727712892e-02
6.487469589566327230e-03
-2.693753716768144957e-02
-2.122322891165465825e-02
-1.279464121953616598e-02
-2.426380527127168854e-02
-5.401803730355310418e-02
-4.983951005434813369e-02
9.437295065928313215e-03
2.257129823960421153e-02
3.463687647521082602e-02
2.194422233408079709e-02
-6.190925709738895159e-03
-1.475527706112977205e-02
-1.864021169370388628e-02
-2.697523437845568417e-02
-3.072212557584761208e-02
-7.139754519683112408e-04
3.256469540401409068e-02
1.664019753453317707e-02
-2.231227581313871729e-04
-1.909953845535990180e-02
-2.476780848377427985e-02
-1.788856298995226621e-02
7.841555932802082157e-03
2.821883398591822772e-02
-6.752674801745713398e-04
-7.604246863797428820e-03
-7.869235056486139149e-03
-1.695855708868612265e-03
1.147297180300865631e-02
