1.512290870206140503e-01
2.113668248616093481e-02
7.136517559821679846e-02
4.610392163442804912e-03
6.733424414001681034e-03
1.256705890755348554e-01
2.242561566980049229e-02
3.792086211735516688e-02
-5.433370931768973476e-03
1.480812623137875601e-02
-1.925551870246199710e-03
1.338609196424246541e-04
1.559217695806608406e-01
4.802883648444780662e-02
4.810662698916100266e-02
2.290520119416774789e-02
1.443350404088316122e-02
1.148523863917055333e-02
1.019561586334892522e-02
3.064379274086110900e-03
-1.044275203184388649e-02
2.122663162910700951e-01
3.465964298969850116e-02
6.243385866597913475e-02
4.569188293155659886e-02
5.088879777379053115e-02
1.697586437406687840e-02
1.076894036701159067e-02
8.454068070241235050e-03
-1.139183226612205425e-02
-6.398833301557224976e-03
-6.681675577106092889e-02
1.684093684415853831e-01
6.186283878450363899e-02
3.830873755203733494e-02
5.028547892971117067e-02
3.508906242508127299e-02
3.562880498187723233e-02
1.586393758941320731e-02
1.229951847580284781e-03
4.062550231255239626e-03
4.205024799617119286e-04
-3.195305648233233431e-02
1.612154828105209492e-01
6.285409712706840901e-02
5.781260793049972091e-02
3.846938770989369316e-02
5.469493726590998750e-02
2.906005232774837646e-02
1.939715029180377748e-02
5.175398923970828992e-03
3.556770473242394388e-03
-1.128195184167810755e-02
-2.787724975376423137e-02
2.684168061106674275e-01
8.393037185291750413e-02
7.212204076889776327e-02
4.380112840897334298e-02
6.791608624669187577e-02
3.904505359711794854e-02
1.672082937353774890e-02
2.886478702127994594e-02
1.474913331929015095e-02
2.043772991235698246e-03
-3.170620034077832605e-02
2.236537004036982246e-01
7.332383418752638771e-02
9.854630664469501977e-02
7.697438027867156696e-02
5.104240353101927030e-02
4.692692997789303655e-02
3.003024473464638994e-02
1.291717475852906423e-02
8.628475914276593703e-03
2.344373960972138959e-03
5.504460365237388159e-02
2.687263389809393388e-01
1.260285063632896607e-01
8.746973129532030489e-02
8.539635718802514319e-02
5.148105466628871002e-02
2.980835756099367226e-02
3.814664730096424539e-02
3.373175690290937390e-02
4.930791965800706417e-02
2.677002089351689373e-01
1.749306595998165181e-01
5.916641970272230183e-02
8.476308007179059190e-02
6.783196113936085236e-02
4.524638035733379721e-02
1.231402118301440224e-01
1.650325053445435841e-01
3.040873621321165676e-01
1.036641579108585759e-01
1.317004813089833193e-01
1.976977078523211029e-01
