121.828 9.234
134.172 9.226
84.163 21.782
96.769 21.779
109.216 21.798
121.785 21.779
134.195 21.805
146.836 21.795
159.231 21.850
171.850 21.832
59.206 34.245
71.758 34.183
84.205 34.218
96.760 34.206
109.211 34.167
121.759 34.199
134.196 34.200
146.754 34.204
159.210 34.169
171.788 34.211
184.226 34.223
196.760 34.216
46.825 46.852
59.212 46.780
71.826 46.820
84.233 46.819
96.769 46.811
109.184 46.814
121.797 46.796
134.216 46.799
146.792 46.809
159.166 46.817
171.797 46.798
184.199 46.791
196.776 46.762
209.189 46.723
34.259 59.200
46.826 59.171
59.204 59.220
71.811 59.171
84.222 59.214
96.784 59.200
109.191 59.206
121.808 59.223
134.245 59.237
146.763 59.234
159.294 59.177
171.820 59.243
184.234 59.244
196.788 59.187
209.230 59.239
221.748 59.235
34.203 71.779
46.781 71.822
59.190 71.774
71.777 71.774
84.186 71.799
96.765 71.808
109.196 71.798
121.772 71.820
134.194 71.826
146.776 71.759
159.190 71.766
171.832 71.869
184.220 71.809
196.805 71.782
209.185 71.776
221.865 71.777
21.819 84.209
34.182 84.187
46.825 84.207
59.229 84.180
71.800 84.259
84.160 84.252
96.798 84.215
109.203 84.152
121.789 84.196
134.214 84.198
146.795 84.257
159.169 84.222
171.760 84.222
184.176 84.180
196.806 84.195
209.205 84.185
221.826 84.261
234.211 84.172
21.793 96.781
34.229 96.798
46.802 96.820
59.177 96.770
71.789 96.791
84.208 96.783
96.753 96.785
109.217 96.794
121.787 96.783
134.159 96.790
146.749 96.767
159.209 96.774
171.839 96.797
184.220 96.789
196.781 96.805
209.267 96.790
221.755 96.778
234.199 96.784
21.792 109.224
34.195 109.194
46.806 109.182
59.216 109.183
71.748 109.217
84.195 109.201
96.810 109.191
109.178 109.219
121.741 109.196
134.198 109.175
146.792 109.189
159.192 109.205
171.800 109.189
184.187 109.171
196.766 109.227
209.206 109.171
221.790 109.207
234.164 109.214
9.251 121.770
21.834 121.812
34.188 121.767
46.792 121.792
59.228 121.822
71.809 121.790
84.172 121.821
96.758 121.801
109.233 121.804
121.733 121.757
134.167 121.781
146.788 121.776
159.237 121.832
171.812 121.803
184.258 121.788
196.822 121.846
209.212 121.782
221.796 121.780
234.226 121.757
246.797 121.759
9.245 134.222
21.774 134.223
34.169 134.266
46.751 134.204
59.261 134.180
71.788 134.190
84.184 134.224
96.808 134.229
109.171 134.152
121.803 134.210
134.203 134.194
146.797 134.238
159.217 134.224
171.792 134.228
184.148 134.216
196.812 134.226
209.178 134.218
221.767 134.196
234.201 134.196
246.818 134.217
21.799 146.790
34.221 146.779
46.782 146.773
59.194 146.785
71.795 146.794
84.206 146.737
96.765 146.789
109.165 146.804
121.794 146.774
134.202 146.787
146.746 146.752
159.197 146.769
171.785 146.814
184.172 146.803
196.819 146.802
209.222 146.816
221.770 146.784
234.228 146.815
21.795 159.195
34.230 159.217
46.813 159.159
59.232 159.225
71.792 159.226
84.196 159.227
96.828 159.232
109.179 159.221
121.784 159.180
134.188 159.212
146.784 159.212
159.181 159.271
171.788 159.226
184.230 159.168
196.832 159.191
209.220 159.214
221.785 159.223
234.242 159.249
21.797 171.757
34.196 171.819
46.824 171.767
59.202 171.786
71.789 171.750
84.202 171.822
96.765 171.778
109.221 171.794
121.730 171.775
134.215 171.770
146.848 171.798
159.227 171.794
171.759 171.761
184.205 171.779
196.804 171.804
209.178 171.758
221.799 171.782
234.186 171.816
34.235 184.247
46.798 184.214
59.217 184.206
71.786 184.188
84.207 184.190
96.844 184.201
109.230 184.226
121.811 184.220
134.198 184.182
146.779 184.258
159.224 184.210
171.849 184.178
184.211 184.174
196.787 184.201
209.291 184.214
221.823 184.167
34.225 196.776
46.771 196.790
59.233 196.793
71.787 196.789
84.151 196.749
96.775 196.830
109.190 196.787
121.818 196.796
134.232 196.766
146.820 196.783
159.216 196.813
171.737 196.779
184.211 196.771
196.826 196.790
209.171 196.805
221.794 196.807
46.831 209.163
59.225 209.227
71.760 209.234
84.215 209.216
96.808 209.195
109.215 209.218
121.766 209.195
134.231 209.205
146.813 209.189
159.200 209.240
171.762 209.204
184.219 209.204
196.763 209.214
209.195 209.199
59.253 221.737
71.787 221.803
84.193 221.784
96.848 221.851
109.208 221.779
121.772 221.826
134.200 221.757
146.830 221.813
159.226 221.780
171.769 221.748
184.180 221.759
196.817 221.713
84.203 234.195
96.803 234.220
109.187 234.219
121.795 234.216
134.252 234.220
146.767 234.210
159.166 234.206
171.785 234.247
121.771 246.747
134.193 246.742
