122.013 9.020
134.055 9.032
83.963 22.020
96.963 22.012
109.049 21.995
122.022 22.007
133.979 22.034
146.976 21.950
159.032 21.998
171.983 22.001
59.001 33.986
71.993 33.967
83.990 34.022
96.959 34.007
109.020 33.991
121.985 33.951
134.001 33.929
146.976 34.000
158.994 33.987
171.970 34.029
183.997 34.031
196.985 34.029
47.028 46.966
59.019 47.003
72.010 47.036
84.020 46.987
96.985 47.008
109.007 46.978
122.000 47.010
133.977 46.969
147.000 47.034
158.959 46.993
171.991 46.989
183.976 46.987
196.966 46.995
209.021 47.012
34.027 58.995
47.011 58.993
58.996 58.996
72.008 58.994
84.001 58.972
96.966 59.005
109.028 58.988
121.994 58.976
133.958 59.032
147.020 58.991
159.022 59.007
171.992 58.982
184.006 59.008
197.001 58.978
209.038 59.004
221.952 59.001
34.014 72.018
46.991 71.994
58.958 72.007
72.006 71.986
83.985 72.011
97.008 72.066
108.997 72.008
121.970 71.987
134.015 72.014
146.999 72.037
158.996 71.989
171.971 71.971
183.996 72.003
196.988 72.056
208.985 71.991
221.986 71.986
22.022 83.993
34.012 84.031
47.020 83.979
58.983 84.006
72.053 83.975
83.964 83.975
97.001 83.978
109.035 84.025
121.990 84.012
133.982 84.012
146.998 84.010
159.002 83.965
171.981 84.024
184.013 83.969
196.983 84.011
208.969 84.011
222.030 84.026
234.021 84.021
22.029 96.985
34.005 96.987
46.994 97.021
59.008 97.028
71.996 96.984
84.016 97.002
97.011 96.984
108.975 96.998
122.030 97.010
133.977 97.008
147.022 97.036
158.994 97.022
171.964 97.009
183.990 96.991
197.016 97.012
209.000 97.033
221.958 96.997
233.972 97.009
21.975 108.978
34.006 109.029
47.002 109.026
58.986 109.000
72.014 108.982
83.981 108.973
96.990 109.020
108.953 108.996
122.041 109.002
133.982 109.004
146.999 108.989
158.988 108.987
172.022 109.012
184.023 108.958
197.014 109.014
209.016 108.954
221.977 109.006
234.021 108.982
9.087 121.984
22.013 121.971
34.012 122.031
47.028 122.027
59.014 122.026
71.982 121.982
83.993 121.988
97.003 122.010
108.998 121.981
121.966 122.009
133.999 122.016
146.989 121.996
158.996 122.015
171.983 122.008
183.995 122.024
196.968 122.006
208.944 121.995
222.005 121.976
233.955 121.977
247.001 122.048
9.061 133.985
22.025 134.014
33.929 134.037
46.975 133.974
58.984 134.045
72.009 134.016
84.031 134.001
97.051 134.009
108.992 133.991
122.003 134.026
133.967 134.002
147.017 133.985
159.000 134.002
172.005 134.025
183.991 133.998
197.034 133.986
208.965 133.999
221.960 134.032
233.948 133.981
246.976 133.980
21.992 147.014
34.002 146.975
47.005 146.991
59.032 147.015
72.003 147.030
83.975 146.988
97.043 147.014
109.051 146.987
121.988 147.008
134.005 147.006
147.025 147.024
158.942 146.998
171.993 146.981
184.006 146.978
196.985 146.980
208.992 147.020
222.005 146.975
234.010 146.993
22.044 159.008
33.981 159.011
47.017 159.004
58.998 158.990
72.027 159.002
83.998 158.972
96.973 159.006
108.986 159.010
121.975 159.025
134.021 159.004
146.990 159.011
158.995 158.995
171.996 158.989
184.007 158.989
197.008 159.035
209.052 159.017
222.022 158.957
233.963 159.014
21.996 172.032
34.017 172.017
47.003 172.005
59.016 172.020
71.987 172.015
84.019 171.984
97.005 172.034
108.965 171.982
122.031 172.009
133.947 172.010
147.017 171.989
158.999 172.027
171.989 171.997
183.980 172.029
196.998 172.045
209.019 171.993
222.023 171.997
233.981 172.039
33.996 183.973
47.028 183.970
59.012 183.972
72.015 184.009
84.012 183.987
97.031 184.012
108.995 184.012
122.005 184.003
134.010 183.979
146.996 184.004
158.989 184.027
172.020 184.014
184.006 184.046
196.974 183.998
209.009 183.984
222.016 184.001
34.023 197.023
46.980 196.977
59.019 196.986
72.032 197.007
83.988 197.003
97.020 197.023
108.987 196.999
122.052 197.007
134.013 197.061
146.971 196.987
158.990 196.966
172.029 197.001
183.972 196.972
196.982 197.010
208.995 196.978
221.954 197.039
47.015 209.009
58.980 209.001
71.981 208.985
83.991 208.990
97.034 208.949
108.996 209.031
122.052 209.020
133.979 208.955
146.965 209.034
159.001 209.001
172.009 208.957
183.979 208.972
196.976 208.993
208.978 209.003
58.990 221.962
72.012 222.024
83.991 222.021
96.975 222.028
109.043 222.028
121.987 222.025
133.997 222.044
146.985 222.043
158.999 221.978
171.992 222.001
183.980 221.987
196.977 221.986
84.005 233.976
97.003 233.957
108.979 234.015
121.975 233.976
133.979 233.957
146.973 234.017
159.018 233.938
172.026 234.030
122.013 246.981
134.015 246.954
