121.824 8.848
134.213 8.869
84.076 21.372
96.664 21.399
109.126 21.345
121.761 21.404
134.250 21.418
146.856 21.459
159.383 21.430
171.981 21.359
58.980 33.974
71.531 33.976
83.948 34.046
96.704 33.944
109.095 33.937
121.880 34.027
134.242 34.058
146.819 33.986
159.223 33.967
171.901 33.969
184.396 33.883
196.943 34.003
46.529 46.539
58.994 46.515
71.568 46.472
84.011 46.508
96.699 46.628
109.182 46.519
121.769 46.329
134.270 46.531
146.827 46.384
159.322 46.472
171.881 46.531
184.457 46.512
196.955 46.488
209.655 46.409
33.990 59.056
46.465 58.988
59.012 59.026
71.583 59.023
84.022 59.040
96.708 58.996
109.095 59.047
121.808 59.014
134.183 59.015
146.868 59.058
159.269 58.975
171.969 59.074
184.418 59.018
197.033 59.051
209.481 59.005
221.910 58.969
33.967 71.717
46.549 71.605
59.055 71.659
71.529 71.557
84.048 71.619
96.740 71.630
109.160 71.654
121.754 71.659
134.243 71.621
146.782 71.793
159.345 71.644
171.858 71.554
184.395 71.648
196.992 71.574
209.493 71.605
222.054 71.599
21.392 84.105
33.999 84.059
46.582 84.116
58.956 84.116
71.616 84.068
83.978 84.136
96.697 84.034
109.087 84.043
121.818 84.054
134.273 84.095
146.887 84.032
159.298 84.092
171.877 83.933
184.458 84.057
196.881 84.069
209.440 84.137
222.030 84.029
234.718 84.075
21.349 96.661
33.982 96.767
46.503 96.691
59.016 96.744
71.556 96.702
84.075 96.699
96.705 96.668
109.132 96.674
121.771 96.688
134.150 96.725
146.829 96.705
159.264 96.681
171.898 96.730
184.307 96.816
196.990 96.783
209.498 96.710
222.000 96.788
234.576 96.675
21.383 109.088
33.987 109.087
46.561 109.206
58.979 109.071
71.610 109.130
84.076 109.184
96.699 109.188
109.179 109.156
121.835 109.082
134.203 109.126
146.853 109.172
159.365 109.128
171.882 109.182
184.511 109.170
197.015 109.061
209.658 109.157
221.934 109.188
234.604 109.193
8.895 121.800
21.417 121.719
33.999 121.824
46.503 121.831
59.041 121.890
71.621 121.781
84.032 121.843
96.703 121.771
109.122 121.786
121.747 121.792
134.243 121.726
146.853 121.746
159.326 121.802
171.869 121.843
184.356 121.798
196.997 121.812
209.613 121.744
221.995 121.834
234.593 121.792
247.091 121.917
8.917 134.258
21.349 134.344
34.013 134.154
46.522 134.280
59.031 134.213
71.585 134.261
84.055 134.235
96.681 134.232
109.148 134.204
121.789 134.235
134.189 134.282
146.896 134.249
159.294 134.251
171.893 134.227
184.371 134.212
197.027 134.221
209.610 134.236
221.958 134.135
234.610 134.228
247.144 134.228
21.419 146.846
34.021 146.892
46.530 146.849
59.048 146.868
71.608 146.859
84.084 146.925
96.713 146.864
109.100 146.862
121.807 146.876
134.214 146.864
146.876 146.886
159.361 146.810
171.929 146.828
184.272 146.861
196.974 146.844
209.597 146.839
221.986 146.925
234.672 146.851
21.390 159.315
33.952 159.275
46.402 159.305
58.996 159.263
71.641 159.291
84.060 159.247
96.652 159.271
109.076 159.323
121.701 159.272
134.230 159.313
146.826 159.279
159.348 159.303
171.892 159.236
184.373 159.280
197.019 159.284
209.584 159.280
221.920 159.222
234.559 159.345
21.443 171.979
33.992 171.965
46.487 171.966
59.081 171.945
71.620 171.938
84.136 171.973
96.726 171.934
109.028 171.909
121.734 171.871
134.214 171.867
146.875 171.922
159.262 171.894
172.012 171.886
184.408 171.858
196.977 171.904
209.540 171.866
221.991 171.891
234.537 171.946
33.990 184.394
46.540 184.416
58.998 184.361
71.541 184.418
84.073 184.373
96.633 184.430
109.136 184.324
121.791 184.347
134.270 184.438
146.914 184.413
159.263 184.432
171.932 184.313
184.390 184.437
196.984 184.403
209.520 184.433
222.066 184.411
34.047 196.929
46.461 196.986
58.941 196.945
71.669 197.046
84.001 196.988
96.710 197.019
109.193 197.037
121.774 196.968
134.182 196.989
146.840 196.994
159.320 197.025
171.892 196.995
184.418 197.012
197.024 196.961
209.419 197.048
221.975 196.901
46.410 209.537
59.002 209.506
71.628 209.460
84.101 209.466
96.734 209.652
109.165 209.473
121.730 209.651
134.226 209.528
146.899 209.506
159.318 209.602
171.910 209.435
184.416 209.635
197.010 209.468
209.502 209.562
58.984 222.033
71.652 222.092
84.039 222.041
96.712 222.059
109.061 222.024
121.821 222.035
134.247 222.004
146.830 221.966
159.278 222.068
171.913 222.090
184.405 222.062
196.973 222.044
84.066 234.687
96.619 234.566
109.116 234.636
121.790 234.629
134.259 234.640
146.894 234.704
159.302 234.585
171.929 234.670
121.818 247.083
134.244 247.025
