121.776 9.212
134.206 9.229
84.196 21.802
96.748 21.812
109.230 21.818
121.771 21.784
134.220 21.783
146.810 21.848
159.240 21.769
171.761 21.774
59.191 34.191
71.804 34.206
84.201 34.196
96.800 34.160
109.224 34.213
121.754 34.169
134.224 34.174
146.785 34.188
159.186 34.152
171.845 34.201
184.226 34.201
196.736 34.201
46.739 46.796
59.250 46.801
71.865 46.817
84.195 46.774
96.807 46.810
109.223 46.799
121.818 46.811
134.217 46.777
146.794 46.817
159.213 46.793
171.790 46.813
184.202 46.867
196.765 46.821
209.191 46.803
34.231 59.201
46.752 59.204
59.219 59.208
71.747 59.251
84.163 59.217
96.814 59.248
109.213 59.252
121.800 59.194
134.201 59.193
146.767 59.251
159.216 59.201
171.809 59.197
184.214 59.222
196.780 59.261
209.163 59.218
221.766 59.201
34.216 71.784
46.796 71.764
59.185 71.843
71.763 71.798
84.195 71.789
96.816 71.763
109.235 71.728
121.812 71.823
134.195 71.774
146.828 71.780
159.243 71.786
171.812 71.833
184.202 71.807
196.843 71.765
209.239 71.802
221.773 71.819
21.813 84.224
34.214 84.199
46.778 84.208
59.170 84.191
71.803 84.197
84.224 84.166
96.819 84.209
109.213 84.181
121.757 84.217
134.191 84.132
146.771 84.228
159.222 84.200
171.791 84.227
184.222 84.192
196.834 84.152
209.230 84.166
221.806 84.164
234.170 84.198
21.793 96.803
34.203 96.768
46.829 96.824
59.192 96.807
71.779 96.798
84.173 96.843
96.820 96.805
109.233 96.809
121.831 96.823
134.237 96.800
146.814 96.807
159.227 96.776
171.751 96.772
184.180 96.761
196.765 96.789
209.179 96.789
221.815 96.782
234.186 96.821
21.825 109.236
34.197 109.182
46.783 109.205
59.138 109.190
71.803 109.204
84.204 109.232
96.775 109.187
109.157 109.175
121.796 109.171
134.145 109.228
146.840 109.199
159.239 109.156
171.777 109.213
184.197 109.252
196.804 109.242
209.209 109.200
221.791 109.227
234.183 109.246
9.212 121.818
21.829 121.803
34.190 121.774
46.809 121.830
59.217 121.791
71.808 121.772
84.197 121.790
96.796 121.771
109.217 121.736
121.819 121.780
134.192 121.766
146.852 121.771
159.176 121.849
171.759 121.778
184.222 121.817
196.784 121.811
209.155 121.811
221.799 121.794
234.165 121.833
246.744 121.815
9.227 134.246
21.757 134.239
34.134 134.229
46.789 134.226
59.163 134.243
71.763 134.240
84.224 134.229
96.795 134.170
109.176 134.218
121.837 134.184
134.171 134.184
146.828 134.220
159.207 134.196
171.784 134.227
184.204 134.236
196.793 134.237
209.163 134.153
221.762 134.199
234.209 134.213
246.799 134.246
21.810 146.798
34.218 146.766
46.789 146.831
59.206 146.849
71.786 146.794
84.275 146.847
96.801 146.772
109.226 146.794
121.809 146.794
134.208 146.794
146.796 146.777
159.198 146.817
171.773 146.749
184.200 146.799
196.760 146.744
209.176 146.798
221.762 146.787
234.168 146.838
21.800 159.263
34.192 159.219
46.839 159.155
59.194 159.194
71.785 159.236
84.209 159.157
96.793 159.170
109.212 159.183
121.786 159.165
134.189 159.191
146.814 159.242
159.224 159.220
171.819 159.181
184.171 159.224
196.805 159.201
209.240 159.143
221.772 159.192
234.229 159.201
21.814 171.783
34.215 171.779
46.795 171.778
59.136 171.784
71.799 171.789
84.228 171.802
96.814 171.812
109.204 171.779
121.752 171.814
134.209 171.796
146.765 171.761
159.200 171.825
171.812 171.789
184.223 171.780
196.780 171.769
209.197 171.770
221.719 171.753
234.200 171.777
34.201 184.218
46.823 184.201
59.177 184.205
71.768 184.273
84.240 184.180
96.822 184.189
109.190 184.254
121.795 184.153
134.171 184.157
146.781 184.204
159.183 184.193
171.821 184.175
184.259 184.240
196.765 184.235
209.211 184.182
221.833 184.233
34.201 196.771
46.830 196.770
59.212 196.752
71.796 196.787
84.240 196.789
96.750 196.808
109.176 196.804
121.800 196.786
134.235 196.767
146.822 196.809
159.208 196.830
171.804 196.765
184.194 196.817
196.773 196.795
209.204 196.817
221.780 196.825
46.757 209.206
59.222 209.221
71.821 209.199
84.221 209.212
96.798 209.216
109.177 209.194
121.807 209.194
134.189 209.198
146.759 209.205
159.215 209.157
171.750 209.206
184.237 209.210
196.776 209.201
209.192 209.180
59.235 221.755
71.763 221.813
84.213 221.827
96.792 221.839
109.211 221.757
121.779 221.762
134.173 221.806
146.863 221.790
159.192 221.806
171.831 221.792
184.218 221.822
196.794 221.764
84.190 234.182
96.791 234.192
109.159 234.163
121.768 234.207
134.217 234.192
146.788 234.245
159.230 234.217
171.784 234.233
121.788 246.734
134.188 246.777
