243.044 18.813
267.964 18.751
168.166 43.746
193.310 43.798
218.046 43.804
243.106 43.835
267.975 43.803
292.965 43.929
317.980 43.800
342.963 43.843
118.019 68.732
142.899 68.766
168.020 68.638
193.041 68.376
218.086 68.694
242.879 68.461
267.987 68.719
293.117 68.743
318.074 68.637
342.918 68.761
367.749 68.698
392.944 68.727
92.980 93.876
118.044 93.782
143.078 93.759
167.927 93.559
193.037 93.757
218.005 93.675
243.081 93.672
267.971 93.793
292.984 93.744
317.937 93.676
343.112 93.698
367.953 93.619
392.843 93.699
417.954 93.695
68.093 118.873
93.051 118.829
117.948 118.667
143.103 118.764
167.923 118.708
193.020 118.649
217.915 118.699
242.854 118.773
267.952 118.797
292.961 118.763
317.984 118.670
342.958 118.787
367.925 118.799
393.093 118.736
417.937 118.792
442.957 118.756
68.217 143.552
92.967 143.699
118.010 143.582
143.035 143.663
167.918 143.474
193.029 143.556
218.033 143.760
243.024 143.795
268.056 143.751
292.947 143.649
317.893 143.852
342.966 143.694
367.994 143.739
393.136 143.842
418.034 143.740
442.985 143.740
43.227 168.829
68.038 168.618
93.005 168.496
117.995 168.556
143.003 168.783
167.937 168.618
193.026 168.806
218.015 168.774
243.189 168.735
268.002 168.668
293.002 168.751
318.096 168.520
343.008 168.688
368.020 168.547
393.130 168.825
418.028 168.635
442.852 168.797
467.758 168.830
43.094 193.774
67.992 193.482
93.082 193.818
118.141 193.503
142.956 193.731
167.850 193.767
193.012 193.807
217.951 193.801
243.057 193.616
268.131 193.714
292.961 193.636
318.000 193.786
342.947 193.744
368.098 193.559
393.131 193.774
418.043 193.580
442.939 193.829
467.918 193.939
43.152 218.749
68.030 218.712
93.111 218.769
118.036 218.763
142.943 218.650
167.885 218.688
192.939 218.763
218.156 218.647
242.958 218.711
268.070 218.709
293.049 218.770
318.020 218.492
342.954 218.749
368.020 218.788
393.023 218.837
418.097 218.725
443.073 218.645
467.873 218.845
18.232 243.676
43.147 243.706
68.020 243.804
93.036 243.729
118.029 243.749
143.022 243.369
167.957 243.815
192.993 243.506
218.137 243.566
243.136 243.680
267.958 243.721
293.092 243.726
317.958 243.745
343.087 243.659
368.008 243.813
392.804 243.793
418.025 243.798
443.100 243.825
467.982 243.567
492.909 243.817
18.036 268.839
43.227 268.911
68.121 268.612
92.911 268.508
117.995 268.666
143.146 268.827
167.989 268.628
192.906 268.765
217.933 268.808
243.155 268.811
268.113 268.818
293.013 268.665
317.849 268.809
343.032 268.750
367.987 268.828
393.082 268.813
418.090 268.822
443.001 268.789
467.755 268.902
492.786 268.737
43.201 293.697
68.004 293.732
93.056 293.663
118.092 293.729
143.013 293.505
168.001 293.763
192.966 293.467
218.134 293.796
242.961 293.641
267.948 293.772
293.031 293.814
318.128 293.779
342.964 293.797
368.043 293.549
392.985 293.825
418.068 293.840
442.981 293.714
467.861 293.617
43.178 318.725
67.970 318.646
92.962 318.883
118.180 318.686
143.066 318.635
167.928 318.827
193.011 318.573
218.062 318.625
242.938 318.723
267.948 318.812
292.810 318.695
318.038 318.941
343.053 318.745
368.034 318.772
393.012 318.804
418.066 318.741
443.036 318.750
467.913 318.782
43.080 343.500
68.045 343.642
93.030 343.670
117.962 343.740
143.032 343.468
167.976 343.376
193.086 343.849
218.141 343.827
242.890 343.493
267.991 343.678
293.073 343.769
318.014 343.568
343.041 343.583
368.040 343.780
392.989 343.769
418.019 343.864
442.936 343.880
467.929 343.551
68.052 368.439
93.062 368.648
117.951 368.657
143.025 368.726
168.071 368.702
192.997 368.733
217.958 368.743
243.084 368.742
268.057 368.805
292.944 368.767
318.039 368.534
343.075 368.502
368.049 368.747
392.976 368.703
417.986 368.771
442.929 368.864
68.113 393.700
93.087 393.453
118.059 393.742
143.063 393.650
168.046 393.808
192.866 393.789
217.991 393.735
243.047 393.627
268.081 393.894
293.068 393.728
318.146 393.536
342.976 393.797
367.938 393.815
393.006 393.786
417.990 393.760
442.819 393.794
92.995 418.486
117.977 418.709
142.970 418.749
168.097 418.656
193.045 418.710
218.132 418.481
243.063 418.835
268.097 418.712
292.960 418.795
317.987 418.810
342.940 418.806
367.970 418.795
393.093 418.771
417.977 418.510
118.153 443.417
143.096 443.501
168.042 443.494
192.980 443.790
217.983 443.779
242.972 443.816
268.087 443.908
292.856 443.793
318.017 443.605
343.072 443.817
368.121 443.800
392.991 443.717
168.151 468.423
192.952 468.359
218.127 468.534
243.051 468.761
268.008 468.819
292.896 468.719
317.988 468.782
342.894 468.519
243.051 493.693
267.992 493.492
