242.991 18.649
268.067 18.612
168.313 43.589
193.138 43.597
218.157 43.516
243.202 43.683
268.248 43.510
293.164 43.646
318.161 43.582
343.020 43.644
117.966 68.596
143.111 68.302
168.123 68.311
193.126 68.320
218.075 68.504
243.123 68.294
267.994 68.263
293.121 68.395
318.074 68.575
343.226 68.483
368.135 68.578
393.134 68.403
93.208 93.544
118.095 93.513
143.151 93.465
168.131 93.378
193.031 93.113
218.275 93.268
243.012 93.222
268.007 93.513
293.092 93.316
318.105 93.415
343.084 93.308
368.034 93.545
393.042 93.539
418.083 93.533
68.081 118.363
93.112 118.547
118.054 118.287
143.152 118.472
168.133 118.493
193.110 118.596
218.110 118.495
243.087 118.130
268.172 118.542
293.195 118.330
318.054 118.533
343.128 118.247
367.931 118.488
393.254 118.369
418.129 118.523
443.054 118.579
68.087 143.280
93.152 143.570
117.925 143.319
143.125 143.625
168.228 143.254
193.097 143.290
218.019 143.398
243.058 143.213
268.211 143.471
293.162 143.584
318.086 143.321
343.103 143.444
368.120 143.466
393.184 143.231
418.191 143.521
443.154 143.529
43.215 168.200
68.195 168.242
93.095 168.297
118.058 168.175
143.248 168.256
167.995 168.447
193.082 168.551
218.228 168.332
243.068 168.353
268.039 168.261
293.218 168.296
318.246 168.246
343.048 168.412
368.258 168.277
393.335 168.530
418.176 168.665
443.095 168.588
468.029 168.503
43.212 193.321
68.081 193.378
93.134 193.198
118.064 193.491
143.067 193.372
168.025 193.233
193.000 193.160
218.270 193.475
243.185 193.273
268.229 193.282
293.136 193.339
318.136 193.377
343.145 193.483
368.008 193.366
393.254 193.561
418.225 193.310
443.146 193.258
468.086 193.597
43.153 218.260
68.093 218.182
93.220 218.456
118.103 218.516
143.022 218.354
168.255 218.292
193.115 218.306
218.202 218.289
243.160 218.489
268.058 218.323
293.106 218.233
318.109 218.213
343.111 218.303
368.132 218.286
393.166 218.295
418.260 218.477
443.134 218.196
468.183 218.260
18.224 243.192
43.250 243.153
67.908 243.201
93.217 243.255
118.134 243.180
143.183 243.315
168.000 243.259
193.037 243.269
218.165 243.284
242.906 243.372
268.120 243.237
293.075 243.249
318.153 243.260
343.206 243.253
368.270 243.491
393.169 243.549
418.152 243.584
443.173 243.484
468.187 243.203
493.156 243.610
18.201 268.315
43.157 268.201
68.078 268.552
93.106 268.193
118.064 268.525
143.063 268.170
168.042 268.276
193.144 268.247
218.405 268.281
243.297 268.298
268.156 268.242
293.153 268.300
318.275 268.456
343.110 268.221
368.118 268.249
393.153 268.307
418.115 268.346
443.288 268.283
468.172 268.192
493.148 268.375
43.335 293.230
68.174 293.237
93.042 293.196
117.981 293.241
143.036 293.188
168.114 293.115
193.130 293.218
218.014 293.200
243.195 293.552
268.025 293.192
293.141 293.321
318.159 293.257
343.195 293.195
368.154 293.455
393.138 293.445
418.213 293.167
443.163 293.658
468.088 293.309
43.338 318.174
68.260 318.192
93.039 318.115
118.152 318.577
143.109 318.224
168.144 318.276
193.089 318.145
218.229 318.503
243.276 318.479
268.197 318.176
293.216 318.253
318.241 318.329
343.087 318.474
368.191 318.274
393.159 318.330
418.281 318.522
443.285 318.226
468.081 318.336
43.303 343.241
68.278 343.108
93.265 343.190
118.123 343.186
143.116 343.264
168.240 343.258
193.194 343.158
218.138 343.331
243.230 343.308
268.185 343.553
293.166 343.277
318.205 343.287
343.237 343.289
368.101 343.488
393.119 343.478
418.256 343.208
443.126 343.186
468.082 343.254
68.216 368.172
93.079 368.303
118.146 368.532
143.153 368.136
168.154 368.240
193.187 368.164
218.153 368.249
243.101 368.246
267.988 368.179
293.181 368.211
318.271 368.106
343.148 368.329
368.068 368.088
393.147 368.176
418.306 368.302
443.155 368.240
68.229 393.105
93.156 393.027
118.197 393.227
143.255 393.541
168.182 393.311
193.137 393.165
218.212 393.119
243.121 393.182
268.101 393.284
293.185 393.251
318.226 393.184
343.226 393.175
368.130 393.540
393.049 393.327
418.192 393.199
443.034 393.250
93.240 418.169
118.059 418.157
143.154 418.163
168.282 418.293
193.214 418.512
218.185 418.252
243.284 418.256
268.186 418.483
293.096 418.232
318.183 418.241
343.246 418.207
368.079 418.556
393.160 418.230
418.006 418.143
118.192 443.240
143.114 442.977
168.285 443.145
193.114 443.477
218.189 443.279
243.222 443.265
268.226 443.300
293.237 443.308
318.283 443.327
343.306 443.236
368.079 443.135
393.127 443.145
168.363 468.184
193.097 468.149
218.203 468.228
243.141 468.146
268.168 468.205
293.265 468.131
318.186 468.184
343.134 468.194
243.061 493.141
268.196 493.272
