242.824 19.064
267.598 18.953
167.875 44.017
192.837 44.151
217.733 44.061
242.843 44.139
267.816 43.981
292.754 43.992
317.653 43.984
342.585 44.050
117.917 69.097
142.745 69.051
167.922 69.055
192.820 69.040
217.778 68.929
242.750 69.030
267.764 69.026
292.772 68.964
317.825 68.929
342.702 68.881
367.619 69.069
392.665 69.108
92.983 94.036
117.831 93.959
142.805 93.902
167.838 93.899
192.897 93.936
217.838 93.896
242.883 93.937
267.647 93.975
292.818 93.809
317.683 94.018
342.886 93.789
367.845 93.964
392.668 94.026
417.789 93.983
67.968 119.037
92.829 118.872
117.831 118.999
142.689 118.997
167.780 118.956
192.768 119.013
217.724 118.827
242.695 118.958
267.654 118.883
292.730 118.965
317.731 118.980
342.674 118.709
367.667 118.886
392.861 118.947
417.724 118.853
442.663 118.918
67.981 143.856
92.941 143.973
117.792 144.026
142.702 143.770
167.824 144.013
192.788 144.000
217.793 144.016
242.786 144.089
267.886 143.881
292.571 143.901
317.734 144.071
342.753 143.838
367.583 143.727
392.843 143.934
417.729 144.070
442.641 143.918
42.933 168.947
67.836 168.899
92.853 168.999
117.795 169.043
142.794 168.927
167.878 168.890
192.815 168.996
217.847 169.102
242.759 169.046
267.720 169.083
292.753 168.906
317.647 168.803
342.746 168.986
367.686 168.872
392.622 168.803
417.715 168.806
442.534 168.903
467.499 169.003
42.947 194.028
67.798 194.033
92.884 193.916
117.787 194.006
142.885 194.006
167.941 193.961
192.608 193.943
217.772 193.969
242.790 193.973
267.728 193.924
292.765 193.902
317.688 193.961
342.725 193.996
367.666 193.801
392.678 193.898
417.652 193.936
442.695 193.972
467.492 193.792
42.999 218.990
67.869 218.909
92.706 218.917
117.880 218.953
142.908 218.917
167.910 218.982
192.753 218.879
217.794 218.856
242.774 218.818
267.736 218.864
292.560 218.834
317.727 218.826
342.703 218.936
367.679 218.867
392.648 218.917
417.659 218.968
442.657 218.787
467.550 218.952
17.970 244.202
42.880 243.825
67.833 243.908
92.828 243.871
117.805 243.847
142.843 243.986
167.761 243.922
192.742 243.847
217.791 244.024
242.681 243.826
267.793 243.936
292.710 243.903
317.794 243.815
342.816 243.872
367.580 243.918
392.777 243.957
417.713 243.922
442.769 244.011
467.588 244.039
492.606 243.810
18.071 268.898
42.918 268.869
67.864 268.913
92.820 268.830
117.923 268.833
142.778 268.820
167.813 268.922
192.924 268.924
217.775 268.973
242.677 268.945
267.809 268.913
292.728 268.886
317.576 269.109
342.664 268.855
367.754 268.839
392.689 268.945
417.663 268.999
442.687 268.985
467.656 269.019
492.490 268.991
42.914 293.772
67.835 293.921
92.775 293.832
117.940 294.005
142.780 293.719
167.863 294.004
192.643 293.905
217.820 293.758
242.715 293.884
267.878 293.950
292.788 293.863
317.819 293.893
342.677 293.877
367.674 293.787
392.720 293.868
417.609 293.881
442.851 293.935
467.651 293.999
42.999 318.881
67.926 318.832
92.795 318.960
117.789 318.942
142.672 319.014
167.634 318.825
192.780 318.951
217.875 318.922
242.603 319.026
267.721 318.949
292.595 318.950
317.660 318.871
342.692 318.781
367.676 318.851
392.567 319.010
417.655 319.034
442.554 318.785
467.530 318.839
42.846 343.608
67.724 344.014
92.665 343.896
117.846 343.966
142.879 343.791
167.930 343.969
192.780 343.808
217.771 343.870
242.800 343.784
267.807 343.917
292.618 343.849
317.701 343.893
342.734 343.843
367.627 343.838
392.765 343.786
417.724 343.869
442.606 343.906
467.634 343.848
68.038 368.828
92.794 368.824
117.820 369.004
142.828 368.904
167.888 368.985
192.726 368.903
217.815 368.865
242.854 368.900
267.661 368.871
292.819 368.796
317.699 368.785
342.715 368.835
367.658 368.635
392.543 369.051
417.849 368.813
442.685 368.746
67.883 393.680
92.795 393.892
117.654 393.894
142.898 394.005
167.817 393.942
192.776 393.971
217.798 393.806
242.725 393.898
267.865 393.844
292.744 393.914
317.613 393.914
342.808 393.830
367.693 393.834
392.794 393.862
417.687 393.863
442.768 393.666
92.876 418.783
117.799 418.859
142.842 418.862
167.874 418.948
192.625 419.001
217.835 419.020
242.738 418.813
267.923 418.828
292.722 419.084
317.752 418.924
342.711 418.884
367.670 418.888
392.586 418.769
417.674 418.793
117.783 443.744
142.716 443.839
167.704 443.963
192.735 443.771
217.667 443.997
242.736 443.838
267.969 443.879
292.704 443.790
317.625 443.799
342.814 443.920
367.721 443.570
392.692 443.861
167.856 468.664
192.767 468.789
217.791 468.698
242.715 468.699
267.701 468.899
292.768 468.491
317.641 468.730
342.659 468.665
242.730 493.722
267.847 493.805
