243.091 18.767
268.260 18.890
168.204 43.847
193.051 43.910
218.024 43.838
243.169 43.780
268.224 43.891
293.102 43.737
318.103 43.868
343.156 43.756
118.247 68.638
143.298 68.824
168.225 68.781
193.182 68.678
218.044 68.740
243.115 68.660
268.175 68.540
293.244 68.718
318.109 68.756
343.176 68.698
368.037 68.616
393.141 68.739
93.145 93.728
118.020 93.702
143.221 93.543
168.191 93.399
193.216 93.748
218.274 93.649
243.055 93.723
268.241 93.794
293.191 93.702
318.150 93.415
343.213 93.746
368.086 93.621
393.147 93.607
418.010 93.776
68.093 118.790
93.190 118.710
118.226 118.813
143.277 118.593
168.193 118.718
193.142 118.675
218.174 118.654
243.122 118.741
268.010 118.619
293.075 118.606
318.051 118.771
342.962 118.704
368.079 118.725
393.244 118.619
418.032 118.595
443.076 118.699
68.071 143.725
93.208 143.612
118.020 143.648
143.181 143.600
168.282 143.732
193.026 143.695
218.097 143.749
243.094 143.743
268.210 143.714
293.181 143.694
318.134 143.649
343.025 143.716
367.994 143.643
393.088 143.765
418.192 143.693
442.903 143.707
43.356 168.653
68.082 168.578
93.097 168.934
118.232 168.466
143.178 168.660
168.219 168.616
193.180 168.685
218.223 168.681
243.092 168.689
268.053 168.730
293.114 168.763
318.007 168.709
343.140 168.483
368.089 168.677
393.085 168.756
418.055 168.736
443.009 168.623
468.165 168.659
43.392 193.701
68.266 193.750
93.072 193.668
118.057 193.768
143.202 193.762
168.154 193.683
193.068 193.620
218.491 193.693
243.049 193.722
268.156 193.552
293.102 193.644
318.125 193.709
343.085 193.625
368.019 193.648
392.998 193.513
418.028 193.439
443.192 193.610
467.940 193.560
43.424 218.834
68.176 218.523
93.073 218.727
118.093 218.586
143.064 218.693
168.069 218.665
193.122 218.522
218.283 218.782
243.078 218.708
268.022 218.669
293.104 218.528
318.209 218.566
343.035 218.415
368.005 218.534
393.065 218.683
418.256 218.739
443.103 218.639
468.059 218.592
18.455 243.426
43.231 243.643
68.207 243.705
93.166 243.742
118.284 243.758
143.043 243.574
168.077 243.712
193.109 243.678
218.122 243.450
242.995 243.653
268.110 243.490
293.095 243.559
318.042 243.615
343.018 243.439
368.072 243.591
393.021 243.673
417.973 243.458
443.166 243.600
468.006 243.472
493.015 243.662
18.122 268.568
43.207 268.675
68.121 268.661
93.143 268.711
118.434 268.708
143.048 268.844
168.177 268.420
193.168 268.480
217.953 268.606
243.023 268.456
268.033 268.646
293.045 268.555
317.959 268.718
343.059 268.755
368.078 268.458
393.083 268.449
418.082 268.472
443.044 268.402
467.938 268.473
492.987 268.511
43.261 293.588
68.040 293.425
93.159 293.737
118.222 293.443
143.181 293.653
168.190 293.778
193.140 293.471
218.166 293.644
243.105 293.651
268.225 293.469
292.986 293.581
317.942 293.471
343.017 293.674
368.013 293.624
393.120 293.503
418.025 293.549
443.249 293.754
467.895 293.536
43.157 318.672
68.151 318.662
93.193 318.693
118.215 318.809
143.219 318.586
168.055 318.448
193.086 318.610
218.019 318.672
243.172 318.671
268.066 318.511
292.995 318.696
318.157 318.563
343.050 318.681
368.039 318.651
393.039 318.747
418.156 318.507
442.937 318.459
467.958 318.459
43.155 343.425
68.452 343.711
93.183 343.639
118.089 343.470
143.094 343.482
168.198 343.725
193.186 343.657
218.028 343.513
243.187 343.696
268.045 343.648
293.146 343.554
318.103 343.657
343.092 343.623
368.028 343.705
393.111 343.706
418.169 343.458
442.998 343.357
468.073 343.337
68.443 368.442
93.155 368.688
118.131 368.704
143.117 368.554
168.063 368.754
193.138 368.445
218.094 368.497
242.942 368.701
268.072 368.395
293.078 368.401
317.992 368.724
343.013 368.433
368.037 368.442
393.171 368.614
418.015 368.494
443.057 368.676
68.190 393.525
93.142 393.676
118.151 393.448
143.037 393.878
168.099 393.662
193.172 393.438
218.085 393.518
243.003 393.615
268.191 393.599
293.132 393.539
318.171 393.691
343.021 393.709
368.092 393.676
393.065 393.496
418.026 393.486
442.922 393.392
93.142 418.389
118.150 418.739
143.036 418.486
168.083 418.460
192.837 418.502
217.972 418.673
243.002 418.740
268.007 418.618
292.968 418.423
318.008 418.411
343.108 418.562
368.094 418.621
393.056 418.440
417.989 418.353
118.057 443.392
143.103 443.503
168.136 443.504
193.064 443.599
218.065 443.455
243.151 443.546
268.011 443.704
293.002 443.576
317.990 443.471
342.987 443.627
367.953 443.437
393.074 443.309
168.066 468.426
193.062 468.365
218.602 468.356
243.084 468.466
268.058 468.303
293.099 468.449
318.016 468.264
342.979 468.373
243.066 493.432
268.161 493.395
