243.758 18.816
268.873 18.741
168.884 43.524
193.933 43.725
218.835 43.315
243.939 43.693
268.672 43.424
293.871 43.710
318.776 43.594
343.786 43.696
118.980 68.668
143.770 68.695
168.907 68.636
193.827 68.425
218.821 68.310
243.788 68.364
268.858 68.527
293.946 68.304
318.704 68.374
343.758 68.456
368.760 68.628
393.934 68.756
93.821 93.711
118.948 93.485
143.681 93.413
168.661 93.438
193.922 93.463
218.743 93.351
243.834 93.352
268.675 93.380
293.782 93.311
318.703 93.621
343.763 93.198
368.838 93.461
393.631 93.567
418.663 93.660
68.941 118.730
93.833 118.483
118.823 118.481
143.800 118.663
168.833 118.486
193.791 118.499
218.850 118.418
243.777 118.714
269.044 118.551
293.735 118.677
318.795 118.652
343.897 118.551
368.716 118.475
393.788 118.494
418.664 118.502
443.735 118.570
68.809 143.723
93.813 143.503
118.717 143.509
143.747 143.380
168.830 143.729
193.902 143.337
218.631 143.424
243.847 143.469
268.642 143.531
293.908 143.443
318.679 143.457
343.776 143.423
368.641 143.449
393.617 143.291
418.740 143.535
443.352 143.410
44.026 168.428
68.667 168.420
93.713 168.463
118.759 168.461
143.860 168.445
168.775 168.598
193.804 168.549
218.816 168.423
243.674 168.356
268.793 168.302
293.649 168.394
318.820 168.551
343.836 168.589
368.755 168.492
393.776 168.513
418.835 168.429
443.700 168.435
468.821 168.598
43.908 193.423
68.865 193.471
93.859 193.675
118.836 193.430
143.875 193.396
168.719 193.370
193.800 193.472
218.812 193.423
243.828 193.312
268.845 193.273
293.788 193.433
318.759 193.518
343.766 193.504
368.738 193.404
393.659 193.459
418.733 193.281
443.769 193.431
468.663 193.363
43.890 218.368
68.669 218.298
93.713 218.558
118.818 218.593
143.785 218.762
168.754 218.630
193.830 218.454
218.826 218.327
243.740 218.678
268.876 218.468
293.728 218.362
318.933 218.316
343.800 218.576
368.822 218.577
393.593 218.677
418.708 218.407
443.811 218.372
468.675 218.437
18.947 243.368
43.710 243.533
68.717 243.642
93.795 243.612
118.756 243.428
143.791 243.385
168.914 243.713
193.843 243.471
218.796 243.464
243.840 243.404
268.721 243.323
293.773 243.362
318.824 243.466
343.767 243.479
368.756 243.548
393.760 243.433
418.805 243.358
443.696 243.527
468.771 243.261
493.614 243.379
18.854 268.356
43.840 268.570
68.773 268.437
93.871 268.332
118.736 268.519
143.850 268.694
168.703 268.354
193.711 268.382
218.796 268.378
243.658 268.393
268.707 268.648
293.667 268.697
318.805 268.347
343.851 268.463
368.762 268.471
393.588 268.343
418.637 268.482
443.747 268.262
468.546 268.388
493.663 268.435
43.787 293.611
68.662 293.498
93.705 293.500
118.706 293.298
143.831 293.441
168.845 293.369
193.762 293.463
218.853 293.412
243.734 293.295
268.667 293.420
293.838 293.538
318.743 293.394
343.815 293.358
368.780 293.391
393.591 293.358
418.777 293.249
443.675 293.333
468.572 293.376
43.918 318.383
68.761 318.445
93.830 318.412
118.840 318.471
143.771 318.505
168.705 318.443
193.753 318.652
218.685 318.433
243.754 318.391
268.781 318.447
293.779 318.332
318.694 318.435
343.654 318.634
368.660 318.446
393.678 318.346
418.771 318.428
443.835 318.333
468.550 318.320
43.919 343.342
68.826 343.385
93.752 343.462
118.800 343.440
143.829 343.377
168.852 343.360
193.836 343.412
218.696 343.393
243.771 343.292
268.816 343.326
293.648 343.633
318.654 343.425
343.725 343.386
368.635 343.481
393.760 343.531
418.720 343.341
443.860 343.349
468.746 343.294
68.951 368.432
93.823 368.362
118.610 368.323
143.686 368.374
168.672 368.423
193.720 368.409
218.821 368.430
243.736 368.619
268.744 368.410
293.703 368.429
318.808 368.683
343.615 368.337
368.838 368.655
393.707 368.557
418.839 368.260
443.642 368.378
68.733 393.385
93.893 393.672
118.680 393.383
143.685 393.433
168.820 393.371
193.757 393.470
218.717 393.624
243.791 393.302
268.816 393.644
293.732 393.552
318.768 393.452
343.802 393.456
368.783 393.554
393.683 393.464
418.695 393.376
443.715 393.404
93.740 418.271
118.718 418.359
143.706 418.370
168.770 418.398
193.815 418.435
218.677 418.365
243.799 418.341
268.728 418.390
293.619 418.496
318.735 418.352
343.709 418.348
368.777 418.484
393.590 418.567
418.626 418.154
118.924 443.374
143.776 443.328
168.697 443.273
193.679 443.247
218.755 443.371
243.778 443.603
268.752 443.347
293.790 443.544
318.676 443.323
343.747 443.364
368.679 443.468
393.882 443.489
168.749 468.252
193.708 468.181
218.742 468.292
243.783 468.097
268.917 468.384
293.569 468.223
318.785 468.290
343.703 468.308
243.919 493.218
268.777 493.420
