243.079 18.541
267.829 18.663
168.039 43.458
192.856 43.514
217.937 43.593
242.937 43.497
267.876 43.244
292.961 43.495
317.893 43.511
342.775 43.569
117.943 68.513
143.046 68.557
168.163 68.207
192.996 68.298
218.096 68.329
242.902 68.270
268.057 68.239
292.893 68.207
317.892 68.173
342.923 68.301
367.814 68.629
392.851 68.486
93.077 93.461
117.847 93.316
142.961 93.296
168.078 93.465
192.897 93.279
218.084 93.339
242.924 93.489
267.953 93.300
293.009 93.551
317.734 93.271
342.900 93.279
367.834 93.397
392.855 93.566
417.860 93.453
68.141 118.462
93.134 118.263
117.829 118.284
142.992 118.371
168.009 118.238
193.050 118.474
217.982 118.388
242.972 118.239
268.070 118.266
293.156 118.334
317.930 118.234
342.891 118.509
368.019 118.235
393.037 118.434
417.941 118.158
442.856 118.597
68.007 143.556
92.999 143.311
117.815 143.468
142.881 143.223
168.047 143.388
193.037 143.441
217.963 143.529
242.952 143.141
267.876 143.305
292.972 143.245
317.934 143.665
342.950 143.232
367.821 143.215
392.978 143.166
418.102 143.395
442.891 143.271
43.084 168.497
67.996 168.351
93.027 168.393
117.930 168.148
143.099 168.446
167.994 168.337
193.059 168.154
217.992 168.303
242.884 168.223
267.942 168.209
293.072 168.267
317.862 168.299
342.725 168.465
367.936 168.568
392.980 168.347
418.074 168.280
442.889 168.315
467.801 168.356
42.987 193.433
67.828 193.402
93.021 193.178
117.958 193.174
142.953 193.500
168.073 193.546
192.874 193.493
217.921 193.443
242.864 193.491
267.909 193.338
292.959 193.495
318.094 193.194
342.877 193.258
367.841 193.193
392.922 193.457
417.882 193.304
442.854 193.295
467.795 193.314
42.973 218.303
67.893 218.236
92.822 218.377
117.953 218.276
142.998 218.364
167.947 218.132
193.015 218.213
217.869 218.281
243.015 218.271
267.963 218.373
293.082 218.286
317.959 218.171
343.045 218.503
367.937 218.437
392.790 218.242
417.844 218.188
442.988 218.314
467.702 218.502
18.016 243.319
43.064 243.510
67.941 243.195
92.851 243.293
118.044 243.232
142.983 243.251
167.976 243.211
192.914 243.473
218.016 243.381
242.896 243.282
267.865 243.267
292.828 243.261
317.909 243.248
342.850 243.482
367.794 243.466
392.877 243.305
417.900 243.357
442.890 243.274
467.711 243.143
492.759 243.203
18.126 268.230
42.990 268.218
68.002 268.310
92.954 268.156
118.110 268.237
142.909 268.242
167.935 268.242
192.920 268.488
218.072 268.237
243.013 268.445
267.831 268.207
292.925 268.264
318.016 268.436
342.824 268.502
368.013 268.552
392.813 268.463
417.796 268.195
442.856 268.489
467.846 268.385
492.757 268.235
43.110 293.261
67.951 293.513
93.038 293.562
118.003 293.218
143.057 293.182
167.967 293.272
192.910 293.142
218.080 293.492
242.809 293.251
267.937 293.199
292.904 293.183
317.948 293.512
342.980 293.119
367.836 293.446
392.932 293.409
417.769 293.321
442.854 293.192
467.720 293.159
43.172 318.169
67.923 318.148
92.874 318.239
117.967 318.364
143.069 318.404
167.933 318.539
193.017 318.224
217.864 318.227
242.855 318.223
267.934 318.260
292.841 318.416
317.973 318.324
342.870 318.189
367.826 318.489
392.935 318.267
417.927 318.428
442.982 318.521
467.719 318.188
42.954 343.205
67.909 343.264
92.987 343.322
118.067 343.344
143.018 343.343
167.954 343.242
192.920 343.568
217.998 343.344
243.006 343.230
267.864 343.222
292.859 343.552
317.918 343.171
342.976 343.514
367.966 343.171
392.987 343.248
417.962 343.402
442.918 343.213
467.669 343.213
68.061 368.225
92.892 368.243
117.927 368.175
143.007 368.222
168.033 368.116
192.887 368.316
218.125 368.323
242.991 368.304
268.027 368.162
292.961 368.471
317.911 368.295
342.990 368.117
367.914 368.338
393.036 368.105
417.823 368.314
442.801 368.228
68.059 393.299
93.071 393.364
117.978 393.275
142.885 393.271
168.068 393.404
192.861 393.271
217.994 393.158
242.905 393.447
267.950 393.441
292.941 393.267
318.082 393.178
342.974 393.443
367.925 393.478
392.865 393.495
417.912 393.247
442.894 393.065
93.143 418.118
118.050 418.151
142.966 418.229
167.922 418.458
192.966 418.352
217.932 418.233
242.839 418.104
267.860 418.525
292.927 418.459
318.043 418.333
342.886 418.287
367.932 418.258
392.936 418.236
417.858 418.133
118.066 443.116
143.022 443.067
168.109 443.143
193.010 443.217
218.003 443.514
242.900 443.239
268.005 443.524
292.891 443.217
317.942 443.170
342.822 443.222
367.968 443.262
392.830 443.145
168.070 468.310
193.086 468.202
217.926 468.147
242.960 468.274
267.830 468.416
293.077 468.251
318.017 468.306
342.894 468.241
242.955 493.222
267.850 493.189
