243.840 18.790
268.791 18.750
168.808 43.705
194.072 43.837
218.754 43.846
243.397 43.781
268.468 43.451
293.525 43.727
318.423 43.688
343.924 43.833
118.828 68.665
143.788 68.796
168.803 68.785
193.627 68.467
218.408 68.426
243.570 68.549
268.426 68.458
293.731 68.443
318.636 68.561
343.929 68.440
368.540 68.856
393.392 68.753
93.890 93.720
118.681 93.423
143.725 93.693
168.854 93.341
193.837 93.390
218.707 93.751
243.627 93.763
268.768 93.554
293.787 93.696
318.784 93.738
343.905 93.619
368.769 93.664
393.568 93.721
418.689 93.821
68.938 118.488
93.775 118.514
118.905 118.702
143.832 118.613
168.318 118.500
193.745 118.470
218.759 118.459
243.847 118.537
268.764 118.737
293.789 118.567
318.784 118.595
343.869 118.762
368.600 118.725
393.723 118.512
418.836 118.776
443.462 118.621
68.783 143.723
93.601 143.725
118.812 143.600
143.858 143.734
168.611 143.797
193.941 143.490
218.734 143.703
243.768 143.780
268.799 143.763
293.758 143.694
318.826 143.674
343.435 143.711
368.793 143.794
393.476 143.741
418.686 143.466
443.623 143.790
43.877 168.667
68.860 168.521
93.453 168.775
118.754 168.660
143.865 168.689
168.736 168.725
193.842 168.757
218.798 168.408
243.817 168.697
268.724 168.468
293.675 168.740
318.444 168.833
343.904 168.703
368.591 168.859
393.976 168.497
418.846 168.512
443.785 168.615
468.753 168.822
43.808 193.795
68.879 193.545
93.832 193.632
118.940 193.803
143.821 193.672
168.842 193.657
193.850 193.667
218.872 193.514
243.810 193.773
268.759 193.526
293.829 193.653
318.832 193.554
343.797 193.695
368.670 193.805
393.803 193.849
418.919 193.733
443.759 193.654
468.672 193.784
43.846 218.752
68.699 218.488
93.735 218.755
118.884 218.673
143.653 218.635
168.531 218.825
193.531 218.401
218.745 218.576
243.801 218.409
268.830 218.698
293.778 218.672
318.878 218.543
343.837 218.635
368.796 218.584
393.685 218.747
418.762 218.756
443.828 218.877
468.508 218.859
18.860 243.434
43.859 243.681
68.773 243.492
93.784 243.743
118.719 243.519
143.881 243.779
168.880 243.640
193.848 243.759
218.751 243.629
243.729 243.758
268.847 243.752
293.605 243.746
318.826 243.483
343.938 243.778
368.812 243.464
393.883 243.743
418.791 243.406
443.706 243.767
468.863 243.857
493.738 243.882
18.822 268.697
43.932 268.582
68.539 268.445
93.871 268.646
118.905 268.699
143.666 268.773
168.853 268.743
194.022 268.745
218.505 268.503
243.879 268.529
268.866 268.786
293.840 268.520
318.772 268.741
343.788 268.816
368.814 268.748
393.836 268.714
418.537 268.896
443.682 268.804
468.728 268.732
493.593 268.794
43.942 293.748
68.820 293.611
93.757 293.674
118.905 293.609
143.831 293.790
168.721 293.764
193.863 293.797
218.775 293.766
243.829 293.522
268.848 293.590
294.003 293.833
318.423 293.870
343.710 293.504
368.743 293.767
393.778 293.847
418.857 293.715
443.778 293.774
468.665 293.734
43.782 318.498
68.943 318.693
93.740 318.622
118.868 318.447
143.848 318.808
168.534 318.712
193.849 318.680
218.730 318.795
243.943 318.803
268.812 318.741
293.779 318.410
318.869 318.819
343.852 318.724
368.903 318.585
393.740 318.699
418.750 318.678
443.820 318.780
468.612 318.683
43.996 343.362
68.912 343.517
93.684 343.724
118.863 343.683
143.845 343.654
168.989 343.728
193.774 343.801
218.707 343.506
243.844 343.699
268.881 343.713
293.854 343.841
318.854 343.861
343.904 343.700
368.818 343.793
393.890 343.861
418.741 343.836
443.669 343.804
468.453 343.754
68.982 368.611
93.820 368.694
118.791 368.728
143.881 368.849
168.859 368.742
193.862 368.698
218.934 368.639
243.896 368.828
268.939 368.838
293.821 368.711
318.798 368.889
343.780 368.743
368.880 368.803
393.922 368.834
418.802 368.531
443.671 368.869
69.000 393.552
93.970 393.603
118.960 393.840
143.842 393.752
168.849 393.855
193.857 393.763
218.927 393.849
243.662 393.855
268.920 393.726
293.844 393.733
318.947 393.557
343.941 393.679
368.838 393.948
393.841 393.567
418.784 393.694
443.812 393.511
93.865 418.502
118.825 418.729
143.532 418.822
169.015 418.764
193.900 418.870
218.767 418.701
243.880 418.732
268.832 418.812
293.826 418.881
318.838 418.768
343.620 418.952
368.800 418.928
393.948 418.817
418.701 418.686
118.821 443.762
143.796 443.869
168.929 443.563
194.002 443.889
218.950 443.835
243.942 443.877
268.934 443.719
293.890 443.821
318.916 443.831
343.743 443.490
368.809 443.490
393.866 443.763
168.833 468.647
193.889 468.583
219.014 468.826
243.841 468.755
268.869 468.820
293.832 468.492
318.812 468.756
343.924 468.802
243.896 493.822
268.893 493.802
