243.944 18.275
268.988 18.497
168.833 43.317
194.040 43.171
218.974 43.282
243.956 43.430
268.932 43.354
293.967 43.656
318.961 43.599
343.972 43.489
119.013 68.506
143.975 68.317
169.044 68.404
194.102 68.318
218.989 68.197
243.879 68.170
268.946 68.511
293.910 68.260
318.858 68.084
343.886 68.443
368.947 68.565
393.879 68.601
93.956 93.490
118.893 93.198
143.995 93.237
168.991 93.109
193.873 93.243
218.943 93.242
243.882 93.244
268.875 93.228
293.947 93.207
319.004 93.509
343.929 93.246
368.961 93.234
393.822 93.274
418.899 93.592
69.033 118.282
93.927 118.466
118.886 118.312
143.958 118.207
168.872 118.228
193.887 118.359
219.160 118.498
243.916 118.444
268.991 118.502
293.990 118.253
319.136 118.337
343.794 118.529
368.973 118.467
393.782 118.616
418.760 118.209
443.733 118.587
69.045 143.448
93.825 143.300
119.011 143.395
144.022 143.503
168.992 143.268
194.054 143.343
218.972 143.352
243.962 143.303
268.868 143.539
294.021 143.481
318.798 143.208
343.985 143.421
368.963 143.525
394.050 143.243
418.876 143.554
443.711 143.438
44.089 168.210
68.997 168.496
93.908 168.301
118.991 168.232
143.919 168.254
168.987 168.127
193.847 168.240
219.116 168.232
243.914 168.186
268.927 168.310
294.060 168.273
318.951 168.504
344.014 168.560
368.988 168.247
394.050 168.297
419.064 168.487
443.960 168.319
468.838 168.230
44.135 193.428
68.896 193.234
93.929 193.233
118.986 193.255
144.028 193.419
169.098 193.309
193.899 193.288
218.992 193.480
244.012 193.308
268.842 193.303
293.906 193.274
318.904 193.124
343.913 193.522
368.778 193.337
393.944 193.294
419.003 193.316
443.922 193.409
468.981 193.375
44.224 218.259
68.964 218.519
93.934 218.091
119.082 218.551
143.979 218.345
169.053 218.470
194.048 218.179
218.973 218.278
243.956 218.546
268.989 218.329
293.923 218.544
319.079 218.423
343.922 218.519
368.843 218.270
393.859 218.266
418.773 218.344
443.985 218.355
468.967 218.573
19.078 243.253
44.121 243.281
69.007 243.203
93.902 243.450
119.010 243.342
144.039 243.472
168.820 243.500
193.972 243.286
218.984 243.344
243.794 243.331
269.120 243.252
293.882 243.495
318.908 243.291
343.918 243.471
368.870 243.569
393.922 243.336
418.921 243.350
443.907 243.501
468.779 243.214
493.744 243.481
19.185 268.252
44.020 268.534
69.033 268.310
94.042 268.204
118.867 268.509
143.988 268.209
168.897 268.317
193.908 268.470
219.002 268.449
243.946 268.451
268.967 268.229
293.978 268.516
318.980 268.110
343.930 268.255
368.834 268.550
393.864 268.554
418.836 268.464
444.030 268.557
468.941 268.275
493.877 268.478
44.069 293.152
68.835 293.206
93.909 293.249
119.019 293.158
143.893 293.493
169.006 293.240
193.909 293.452
218.979 293.456
243.869 293.480
268.778 293.210
293.898 293.306
318.914 293.305
343.928 293.248
368.949 293.213
393.812 293.295
419.000 293.342
443.957 293.518
468.854 293.285
44.292 318.181
69.069 318.394
94.012 318.447
118.883 318.211
144.006 318.442
169.115 318.252
194.024 318.515
218.916 318.237
243.953 318.453
268.803 318.324
293.747 318.418
318.885 318.449
343.793 318.533
368.909 318.291
393.891 318.618
418.929 318.283
443.914 318.500
468.768 318.277
43.968 343.257
69.021 343.264
93.887 343.277
118.890 343.175
143.805 343.207
169.001 343.250
193.975 343.283
218.981 343.398
243.867 343.300
269.115 343.376
293.890 343.478
319.037 343.395
344.071 343.362
368.948 343.511
393.958 343.351
419.040 343.419
443.921 343.572
468.860 343.365
69.040 368.195
93.966 368.235
118.990 368.296
144.032 368.264
168.873 368.281
193.857 368.463
219.034 368.287
243.922 368.492
269.079 368.471
294.073 368.422
319.021 368.242
344.002 368.218
369.028 368.558
394.053 368.500
418.976 368.158
443.769 368.361
69.192 393.207
94.000 393.507
118.874 393.354
143.868 393.461
168.883 393.255
193.903 393.238
218.853 393.594
243.990 393.269
268.840 393.470
294.062 393.602
319.083 393.276
344.083 393.348
368.909 393.579
393.944 393.534
418.782 393.505
443.856 393.371
94.024 418.178
119.076 418.145
143.922 418.217
169.063 418.440
193.999 418.258
218.867 418.343
244.098 418.488
268.886 418.275
293.918 418.345
319.000 418.291
343.896 418.316
368.890 418.524
393.867 418.503
418.750 418.247
119.023 443.158
143.917 443.130
169.003 443.604
194.033 443.467
218.995 443.159
243.960 443.355
269.030 443.236
293.845 443.525
318.944 443.395
343.811 443.451
368.951 443.313
393.970 443.251
168.915 468.174
193.900 468.179
219.144 468.178
243.929 468.227
269.036 468.385
293.856 468.471
319.040 468.314
343.797 468.277
243.995 493.101
268.898 493.193
