242.958 18.694
268.052 18.619
168.259 43.555
193.041 43.695
218.095 43.704
243.059 43.365
268.071 43.613
293.094 43.557
318.009 43.602
343.055 43.642
118.078 68.612
143.205 68.658
168.158 68.646
193.083 68.420
218.094 68.534
243.004 68.406
268.140 68.696
293.025 68.479
318.006 68.624
342.935 68.653
368.048 68.725
393.052 68.621
93.283 93.746
118.068 93.423
143.069 93.557
167.935 93.494
193.096 93.479
218.051 93.650
242.995 93.686
268.145 93.526
293.102 93.754
318.082 93.717
343.076 93.664
368.096 93.287
393.070 93.562
417.959 93.677
68.181 118.537
92.926 118.703
118.030 118.525
143.131 118.585
168.014 118.519
192.993 118.658
218.078 118.687
243.065 118.497
267.950 118.593
292.924 118.643
318.163 118.738
342.993 118.647
368.106 118.667
393.106 118.565
417.979 118.623
442.908 118.621
68.197 143.650
93.065 143.512
118.080 143.719
143.200 143.728
168.051 143.678
193.046 143.776
218.037 143.581
243.016 143.581
268.061 143.562
293.115 143.652
318.063 143.610
343.118 143.695
368.169 143.631
393.148 143.737
418.123 143.707
443.080 143.726
43.159 168.575
68.208 168.603
93.026 168.699
118.060 168.573
143.097 168.720
167.982 168.475
193.095 168.708
218.180 168.638
243.064 168.651
268.039 168.754
293.013 168.669
318.162 168.619
343.014 168.666
368.099 168.583
392.940 168.722
418.079 168.372
443.114 168.695
467.956 168.707
43.207 193.575
68.057 193.390
93.110 193.659
117.949 193.576
143.108 193.615
167.972 193.649
193.164 193.556
218.093 193.529
243.008 193.476
268.035 193.650
293.121 193.677
318.077 193.695
342.914 193.799
367.967 193.732
393.051 193.689
417.911 193.661
442.968 193.684
468.102 193.660
43.039 218.617
67.958 218.659
92.964 218.626
118.096 218.648
143.102 218.749
168.099 218.755
193.097 218.550
218.104 218.731
243.029 218.546
267.973 218.657
292.946 218.644
318.047 218.579
343.087 218.563
367.979 218.801
393.093 218.750
418.039 218.671
443.024 218.707
467.971 218.673
18.168 243.329
43.175 243.608
68.094 243.537
93.055 243.633
118.254 243.541
143.034 243.838
168.066 243.688
193.210 243.757
218.065 243.628
243.222 243.640
268.050 243.764
293.044 243.732
317.994 243.745
343.063 243.782
368.061 243.672
393.021 243.848
418.069 243.847
443.110 243.683
468.041 243.746
492.981 243.769
18.189 268.527
43.332 268.652
68.061 268.731
93.057 268.489
118.119 268.699
143.145 268.623
168.064 268.720
193.125 268.822
218.074 268.746
242.924 268.721
268.065 268.695
293.056 268.682
318.136 268.713
343.009 268.793
368.230 268.712
393.104 268.771
418.007 268.586
443.099 268.658
467.920 268.648
493.061 268.790
43.058 293.663
68.031 293.610
92.869 293.692
118.094 293.758
143.025 293.675
168.060 293.657
193.031 293.768
218.048 293.810
242.987 293.720
268.068 293.753
293.076 293.716
318.055 293.632
343.175 293.713
368.089 293.560
393.081 293.729
418.035 293.739
443.001 293.912
467.909 293.800
43.217 318.758
68.142 318.646
93.064 318.686
118.048 318.579
143.083 318.634
168.041 318.412
193.060 318.775
217.903 318.674
243.009 318.693
267.975 318.599
292.987 318.794
318.084 318.709
343.158 318.748
368.152 318.770
392.986 318.775
418.093 318.674
443.092 318.633
468.067 318.688
43.294 343.597
67.997 343.667
92.934 343.779
118.204 343.698
143.151 343.735
168.106 343.634
193.075 343.775
218.066 343.777
243.061 343.889
268.176 343.732
293.086 343.765
318.063 343.826
343.026 343.834
368.086 343.835
393.103 343.812
418.171 343.781
443.065 343.741
467.921 343.721
68.072 368.569
93.043 368.634
118.045 368.701
143.129 368.783
168.069 368.741
193.103 368.615
217.941 368.818
243.117 368.628
267.979 368.807
293.025 368.770
318.109 368.905
343.032 368.735
368.052 368.755
393.212 368.709
418.092 368.647
442.915 368.808
68.126 393.667
93.172 393.594
117.987 393.696
143.022 393.765
168.092 393.818
193.103 393.839
218.013 393.739
243.294 393.761
267.962 393.658
293.106 393.842
318.239 393.627
343.113 393.789
368.008 393.928
393.196 393.797
418.070 393.724
442.956 393.796
93.198 418.635
118.058 418.702
143.034 418.692
168.060 418.822
193.088 418.715
218.102 418.761
243.043 418.776
268.039 418.771
292.994 418.703
318.086 418.862
343.067 418.826
368.180 418.869
393.021 418.832
418.085 418.624
118.234 443.770
143.124 443.637
168.047 443.733
193.082 443.790
218.031 443.845
243.079 443.929
268.217 443.781
293.035 443.697
318.223 443.722
343.069 443.772
368.019 443.786
393.195 443.836
168.075 468.681
193.118 468.789
218.062 468.663
243.072 468.652
268.116 468.698
293.126 468.485
318.002 468.561
342.882 468.818
242.963 493.680
268.144 493.737
