243.500 18.500
268.500 18.500
168.500 43.500
193.500 43.500
218.500 43.500
243.500 43.500
268.500 43.500
293.500 43.500
318.500 43.500
343.500 43.500
118.500 68.500
143.500 68.500
168.500 68.500
193.500 68.500
218.500 68.500
243.500 68.500
268.500 68.500
293.500 68.500
318.500 68.500
343.500 68.500
368.500 68.500
393.500 68.500
93.500 93.500
118.500 93.500
143.500 93.500
168.500 93.500
193.500 93.500
218.500 93.500
243.500 93.500
268.500 93.500
293.500 93.500
318.500 93.500
343.500 93.500
368.500 93.500
393.500 93.500
418.500 93.500
68.500 118.500
93.500 118.500
118.500 118.500
143.500 118.500
168.500 118.500
193.500 118.500
218.500 118.500
243.500 118.500
268.500 118.500
293.500 118.500
318.500 118.500
343.500 118.500
368.500 118.500
393.500 118.500
418.500 118.500
443.500 118.500
68.500 143.500
93.500 143.500
118.500 143.500
143.500 143.500
168.500 143.500
193.500 143.500
218.500 143.500
243.500 143.500
268.500 143.500
293.500 143.500
318.500 143.500
343.500 143.500
368.500 143.500
393.500 143.500
418.500 143.500
443.500 143.500
43.500 168.500
68.500 168.500
93.500 168.500
118.500 168.500
143.500 168.500
168.500 168.500
193.500 168.500
218.500 168.500
243.500 168.500
268.500 168.500
293.500 168.500
318.500 168.500
343.500 168.500
368.500 168.500
393.500 168.500
418.500 168.500
443.500 168.500
468.500 168.500
43.500 193.500
68.500 193.500
93.500 193.500
118.500 193.500
143.500 193.500
168.500 193.500
193.500 193.500
218.500 193.500
243.500 193.500
268.500 193.500
293.500 193.500
318.500 193.500
343.500 193.500
368.500 193.500
393.500 193.500
418.500 193.500
443.500 193.500
468.500 193.500
43.500 218.500
68.500 218.500
93.500 218.500
118.500 218.500
143.500 218.500
168.500 218.500
193.500 218.500
218.500 218.500
243.500 218.500
268.500 218.500
293.500 218.500
318.500 218.500
343.500 218.500
368.500 218.500
393.500 218.500
418.500 218.500
443.500 218.500
468.500 218.500
18.500 243.500
43.500 243.500
68.500 243.500
93.500 243.500
118.500 243.500
143.500 243.500
168.500 243.500
193.500 243.500
218.500 243.500
243.500 243.500
268.500 243.500
293.500 243.500
318.500 243.500
343.500 243.500
368.500 243.500
393.500 243.500
418.500 243.500
443.500 243.500
468.500 243.500
493.500 243.500
18.500 268.500
43.500 268.500
68.500 268.500
93.500 268.500
118.500 268.500
143.500 268.500
168.500 268.500
193.500 268.500
218.500 268.500
243.500 268.500
268.500 268.500
293.500 268.500
318.500 268.500
343.500 268.500
368.500 268.500
393.500 268.500
418.500 268.500
443.500 268.500
468.500 268.500
493.500 268.500
43.500 293.500
68.500 293.500
93.500 293.500
118.500 293.500
143.500 293.500
168.500 293.500
193.500 293.500
218.500 293.500
243.500 293.500
268.500 293.500
293.500 293.500
318.500 293.500
343.500 293.500
368.500 293.500
393.500 293.500
418.500 293.500
443.500 293.500
468.500 293.500
43.500 318.500
68.500 318.500
93.500 318.500
118.500 318.500
143.500 318.500
168.500 318.500
193.500 318.500
218.500 318.500
243.500 318.500
268.500 318.500
293.500 318.500
318.500 318.500
343.500 318.500
368.500 318.500
393.500 318.500
418.500 318.500
443.500 318.500
468.500 318.500
43.500 343.500
68.500 343.500
93.500 343.500
118.500 343.500
143.500 343.500
168.500 343.500
193.500 343.500
218.500 343.500
243.500 343.500
268.500 343.500
293.500 343.500
318.500 343.500
343.500 343.500
368.500 343.500
393.500 343.500
418.500 343.500
443.500 343.500
468.500 343.500
68.500 368.500
93.500 368.500
118.500 368.500
143.500 368.500
168.500 368.500
193.500 368.500
218.500 368.500
243.500 368.500
268.500 368.500
293.500 368.500
318.500 368.500
343.500 368.500
368.500 368.500
393.500 368.500
418.500 368.500
443.500 368.500
68.500 393.500
93.500 393.500
118.500 393.500
143.500 393.500
168.500 393.500
193.500 393.500
218.500 393.500
243.500 393.500
268.500 393.500
293.500 393.500
318.500 393.500
343.500 393.500
368.500 393.500
393.500 393.500
418.500 393.500
443.500 393.500
93.500 418.500
118.500 418.500
143.500 418.500
168.500 418.500
193.500 418.500
218.500 418.500
243.500 418.500
268.500 418.500
293.500 418.500
318.500 418.500
343.500 418.500
368.500 418.500
393.500 418.500
418.500 418.500
118.500 443.500
143.500 443.500
168.500 443.500
193.500 443.500
218.500 443.500
243.500 443.500
268.500 443.500
293.500 443.500
318.500 443.500
343.500 443.500
368.500 443.500
393.500 443.500
168.500 468.500
193.500 468.500
218.500 468.500
243.500 468.500
268.500 468.500
293.500 468.500
318.500 468.500
343.500 468.500
243.500 493.500
268.500 493.500
