536.250 73.500
567.500 73.500
598.750 73.500
630.000 73.500
661.250 73.500
692.500 73.500
723.750 73.500
442.500 104.750
473.750 104.750
505.000 104.750
536.250 104.750
567.500 104.750
598.750 104.750
630.000 104.750
661.250 104.750
692.500 104.750
723.750 104.750
755.000 104.750
786.250 104.750
817.500 104.750
380.000 136.000
411.250 136.000
442.500 136.000
473.750 136.000
505.000 136.000
536.250 136.000
567.500 136.000
598.750 136.000
630.000 136.000
661.250 136.000
692.500 136.000
723.750 136.000
755.000 136.000
786.250 136.000
817.500 136.000
848.750 136.000
880.000 136.000
348.750 167.250
380.000 167.250
411.250 167.250
442.500 167.250
473.750 167.250
505.000 167.250
536.250 167.250
567.500 167.250
598.750 167.250
630.000 167.250
661.250 167.250
692.500 167.250
723.750 167.250
755.000 167.250
786.250 167.250
817.500 167.250
848.750 167.250
880.000 167.250
911.250 167.250
317.500 198.500
348.750 198.500
380.000 198.500
411.250 198.500
442.500 198.500
473.750 198.500
505.000 198.500
536.250 198.500
567.500 198.500
598.750 198.500
630.000 198.500
661.250 198.500
692.500 198.500
723.750 198.500
755.000 198.500
786.250 198.500
817.500 198.500
848.750 198.500
880.000 198.500
911.250 198.500
942.500 198.500
286.250 229.750
317.500 229.750
348.750 229.750
380.000 229.750
411.250 229.750
442.500 229.750
473.750 229.750
505.000 229.750
536.250 229.750
567.500 229.750
598.750 229.750
630.000 229.750
661.250 229.750
692.500 229.750
723.750 229.750
755.000 229.750
786.250 229.750
817.500 229.750
848.750 229.750
880.000 229.750
911.250 229.750
942.500 229.750
973.750 229.750
255.000 261.000
286.250 261.000
317.500 261.000
348.750 261.000
380.000 261.000
411.250 261.000
442.500 261.000
473.750 261.000
505.000 261.000
536.250 261.000
567.500 261.000
598.750 261.000
630.000 261.000
661.250 261.000
692.500 261.000
723.750 261.000
755.000 261.000
786.250 261.000
817.500 261.000
848.750 261.000
880.000 261.000
911.250 261.000
942.500 261.000
973.750 261.000
1005.000 261.000
255.000 292.250
286.250 292.250
317.500 292.250
348.750 292.250
380.000 292.250
411.250 292.250
442.500 292.250
473.750 292.250
505.000 292.250
536.250 292.250
567.500 292.250
598.750 292.250
630.000 292.250
661.250 292.250
692.500 292.250
723.750 292.250
755.000 292.250
786.250 292.250
817.500 292.250
848.750 292.250
880.000 292.250
911.250 292.250
942.500 292.250
973.750 292.250
1005.000 292.250
223.750 323.500
255.000 323.500
286.250 323.500
317.500 323.500
348.750 323.500
380.000 323.500
411.250 323.500
442.500 323.500
473.750 323.500
505.000 323.500
536.250 323.500
567.500 323.500
598.750 323.500
630.000 323.500
661.250 323.500
692.500 323.500
723.750 323.500
755.000 323.500
786.250 323.500
817.500 323.500
848.750 323.500
880.000 323.500
911.250 323.500
942.500 323.500
973.750 323.500
1005.000 323.500
1036.250 323.500
223.750 354.750
255.000 354.750
286.250 354.750
317.500 354.750
348.750 354.750
380.000 354.750
411.250 354.750
442.500 354.750
473.750 354.750
505.000 354.750
536.250 354.750
567.500 354.750
598.750 354.750
630.000 354.750
661.250 354.750
692.500 354.750
723.750 354.750
755.000 354.750
786.250 354.750
817.500 354.750
848.750 354.750
880.000 354.750
911.250 354.750
942.500 354.750
973.750 354.750
1005.000 354.750
1036.250 354.750
223.750 386.000
255.000 386.000
286.250 386.000
317.500 386.000
348.750 386.000
380.000 386.000
411.250 386.000
442.500 386.000
473.750 386.000
505.000 386.000
536.250 386.000
567.500 386.000
598.750 386.000
630.000 386.000
661.250 386.000
692.500 386.000
723.750 386.000
755.000 386.000
786.250 386.000
817.500 386.000
848.750 386.000
880.000 386.000
911.250 386.000
942.500 386.000
973.750 386.000
1005.000 386.000
1036.250 386.000
192.500 417.250
223.750 417.250
255.000 417.250
286.250 417.250
317.500 417.250
348.750 417.250
380.000 417.250
411.250 417.250
442.500 417.250
473.750 417.250
505.000 417.250
536.250 417.250
567.500 417.250
598.750 417.250
630.000 417.250
661.250 417.250
692.500 417.250
723.750 417.250
755.000 417.250
786.250 417.250
817.500 417.250
848.750 417.250
880.000 417.250
911.250 417.250
942.500 417.250
973.750 417.250
1005.000 417.250
1036.250 417.250
1067.500 417.250
192.500 448.500
223.750 448.500
255.000 448.500
286.250 448.500
317.500 448.500
348.750 448.500
380.000 448.500
411.250 448.500
442.500 448.500
473.750 448.500
505.000 448.500
536.250 448.500
567.500 448.500
598.750 448.500
630.000 448.500
661.250 448.500
692.500 448.500
723.750 448.500
755.000 448.500
786.250 448.500
817.500 448.500
848.750 448.500
880.000 448.500
911.250 448.500
942.500 448.500
973.750 448.500
1005.000 448.500
1036.250 448.500
1067.500 448.500
192.500 479.750
223.750 479.750
255.000 479.750
286.250 479.750
317.500 479.750
348.750 479.750
380.000 479.750
411.250 479.750
442.500 479.750
473.750 479.750
505.000 479.750
536.250 479.750
567.500 479.750
598.750 479.750
630.000 479.750
661.250 479.750
692.500 479.750
723.750 479.750
755.000 479.750
786.250 479.750
817.500 479.750
848.750 479.750
880.000 479.750
911.250 479.750
942.500 479.750
973.750 479.750
1005.000 479.750
1036.250 479.750
1067.500 479.750
192.500 511.000
223.750 511.000
255.000 511.000
286.250 511.000
317.500 511.000
348.750 511.000
380.000 511.000
411.250 511.000
442.500 511.000
473.750 511.000
505.000 511.000
536.250 511.000
567.500 511.000
598.750 511.000
630.000 511.000
661.250 511.000
692.500 511.000
723.750 511.000
755.000 511.000
786.250 511.000
817.500 511.000
848.750 511.000
880.000 511.000
911.250 511.000
942.500 511.000
973.750 511.000
1005.000 511.000
1036.250 511.000
1067.500 511.000
192.500 542.250
223.750 542.250
255.000 542.250
286.250 542.250
317.500 542.250
348.750 542.250
380.000 542.250
411.250 542.250
442.500 542.250
473.750 542.250
505.000 542.250
536.250 542.250
567.500 542.250
598.750 542.250
630.000 542.250
661.250 542.250
692.500 542.250
723.750 542.250
755.000 542.250
786.250 542.250
817.500 542.250
848.750 542.250
880.000 542.250
911.250 542.250
942.500 542.250
973.750 542.250
1005.000 542.250
1036.250 542.250
1067.500 542.250
192.500 573.500
223.750 573.500
255.000 573.500
286.250 573.500
317.500 573.500
348.750 573.500
380.000 573.500
411.250 573.500
442.500 573.500
473.750 573.500
505.000 573.500
536.250 573.500
567.500 573.500
598.750 573.500
630.000 573.500
661.250 573.500
692.500 573.500
723.750 573.500
755.000 573.500
786.250 573.500
817.500 573.500
848.750 573.500
880.000 573.500
911.250 573.500
942.500 573.500
973.750 573.500
1005.000 573.500
1036.250 573.500
1067.500 573.500
192.500 604.750
223.750 604.750
255.000 604.750
286.250 604.750
317.500 604.750
348.750 604.750
380.000 604.750
411.250 604.750
442.500 604.750
473.750 604.750
505.000 604.750
536.250 604.750
567.500 604.750
598.750 604.750
630.000 604.750
661.250 604.750
692.500 604.750
723.750 604.750
755.000 604.750
786.250 604.750
817.500 604.750
848.750 604.750
880.000 604.750
911.250 604.750
942.500 604.750
973.750 604.750
1005.000 604.750
1036.250 604.750
1067.500 604.750
223.750 636.000
255.000 636.000
286.250 636.000
317.500 636.000
348.750 636.000
380.000 636.000
411.250 636.000
442.500 636.000
473.750 636.000
505.000 636.000
536.250 636.000
567.500 636.000
598.750 636.000
630.000 636.000
661.250 636.000
692.500 636.000
723.750 636.000
755.000 636.000
786.250 636.000
817.500 636.000
848.750 636.000
880.000 636.000
911.250 636.000
942.500 636.000
973.750 636.000
1005.000 636.000
1036.250 636.000
223.750 667.250
255.000 667.250
286.250 667.250
317.500 667.250
348.750 667.250
380.000 667.250
411.250 667.250
442.500 667.250
473.750 667.250
505.000 667.250
536.250 667.250
567.500 667.250
598.750 667.250
630.000 667.250
661.250 667.250
692.500 667.250
723.750 667.250
755.000 667.250
786.250 667.250
817.500 667.250
848.750 667.250
880.000 667.250
911.250 667.250
942.500 667.250
973.750 667.250
1005.000 667.250
1036.250 667.250
223.750 698.500
255.000 698.500
286.250 698.500
317.500 698.500
348.750 698.500
380.000 698.500
411.250 698.500
442.500 698.500
473.750 698.500
505.000 698.500
536.250 698.500
567.500 698.500
598.750 698.500
630.000 698.500
661.250 698.500
692.500 698.500
723.750 698.500
755.000 698.500
786.250 698.500
817.500 698.500
848.750 698.500
880.000 698.500
911.250 698.500
942.500 698.500
973.750 698.500
1005.000 698.500
1036.250 698.500
255.000 729.750
286.250 729.750
317.500 729.750
348.750 729.750
380.000 729.750
411.250 729.750
442.500 729.750
473.750 729.750
505.000 729.750
536.250 729.750
567.500 729.750
598.750 729.750
630.000 729.750
661.250 729.750
692.500 729.750
723.750 729.750
755.000 729.750
786.250 729.750
817.500 729.750
848.750 729.750
880.000 729.750
911.250 729.750
942.500 729.750
973.750 729.750
1005.000 729.750
255.000 761.000
286.250 761.000
317.500 761.000
348.750 761.000
380.000 761.000
411.250 761.000
442.500 761.000
473.750 761.000
505.000 761.000
536.250 761.000
567.500 761.000
598.750 761.000
630.000 761.000
661.250 761.000
692.500 761.000
723.750 761.000
755.000 761.000
786.250 761.000
817.500 761.000
848.750 761.000
880.000 761.000
911.250 761.000
942.500 761.000
973.750 761.000
1005.000 761.000
286.250 792.250
317.500 792.250
348.750 792.250
380.000 792.250
411.250 792.250
442.500 792.250
473.750 792.250
505.000 792.250
536.250 792.250
567.500 792.250
598.750 792.250
630.000 792.250
661.250 792.250
692.500 792.250
723.750 792.250
755.000 792.250
786.250 792.250
817.500 792.250
848.750 792.250
880.000 792.250
911.250 792.250
942.500 792.250
973.750 792.250
317.500 823.500
348.750 823.500
380.000 823.500
411.250 823.500
442.500 823.500
473.750 823.500
505.000 823.500
536.250 823.500
567.500 823.500
598.750 823.500
630.000 823.500
661.250 823.500
692.500 823.500
723.750 823.500
755.000 823.500
786.250 823.500
817.500 823.500
848.750 823.500
880.000 823.500
911.250 823.500
942.500 823.500
348.750 854.750
380.000 854.750
411.250 854.750
442.500 854.750
473.750 854.750
505.000 854.750
536.250 854.750
567.500 854.750
598.750 854.750
630.000 854.750
661.250 854.750
692.500 854.750
723.750 854.750
755.000 854.750
786.250 854.750
817.500 854.750
848.750 854.750
880.000 854.750
911.250 854.750
380.000 886.000
411.250 886.000
442.500 886.000
473.750 886.000
505.000 886.000
536.250 886.000
567.500 886.000
598.750 886.000
630.000 886.000
661.250 886.000
692.500 886.000
723.750 886.000
755.000 886.000
786.250 886.000
817.500 886.000
848.750 886.000
880.000 886.000
442.500 917.250
473.750 917.250
505.000 917.250
536.250 917.250
567.500 917.250
598.750 917.250
630.000 917.250
661.250 917.250
692.500 917.250
723.750 917.250
755.000 917.250
786.250 917.250
817.500 917.250
536.250 948.500
567.500 948.500
598.750 948.500
630.000 948.500
661.250 948.500
692.500 948.500
723.750 948.500
