6.301385522939017392e+02 7.667193741484464908e+01
6.755930977484472351e+02 7.667193741484464908e+01
4.937749159302654220e+02 1.221264828693900881e+02
5.392294613848108611e+02 1.221264828693900881e+02
5.846840068393563570e+02 1.221264828693900881e+02
6.301385522939017392e+02 1.221264828693900881e+02
6.755930977484472351e+02 1.221264828693900881e+02
7.210476432029927309e+02 1.221264828693900881e+02
7.665021886575381131e+02 1.221264828693900881e+02
8.119567341120836090e+02 1.221264828693900881e+02
4.028658250211744871e+02 1.675810283239355840e+02
4.483203704757199830e+02 1.675810283239355840e+02
4.937749159302654220e+02 1.675810283239355840e+02
5.392294613848108611e+02 1.675810283239355840e+02
5.846840068393563570e+02 1.675810283239355840e+02
6.301385522939017392e+02 1.675810283239355840e+02
6.755930977484472351e+02 1.675810283239355840e+02
7.210476432029927309e+02 1.675810283239355840e+02
7.665021886575381131e+02 1.675810283239355840e+02
8.119567341120836090e+02 1.675810283239355840e+02
8.574112795666289912e+02 1.675810283239355840e+02
9.028658250211744871e+02 1.675810283239355840e+02
3.574112795666290481e+02 2.130355737784810231e+02
4.028658250211744871e+02 2.130355737784810231e+02
4.483203704757199830e+02 2.130355737784810231e+02
4.937749159302654220e+02 2.130355737784810231e+02
5.392294613848108611e+02 2.130355737784810231e+02
5.846840068393563570e+02 2.130355737784810231e+02
6.301385522939017392e+02 2.130355737784810231e+02
6.755930977484472351e+02 2.130355737784810231e+02
7.210476432029927309e+02 2.130355737784810231e+02
7.665021886575381131e+02 2.130355737784810231e+02
8.119567341120836090e+02 2.130355737784810231e+02
8.574112795666289912e+02 2.130355737784810231e+02
9.028658250211744871e+02 2.130355737784810231e+02
9.483203704757199830e+02 2.130355737784810231e+02
3.119567341120836090e+02 2.584901192330264621e+02
3.574112795666290481e+02 2.584901192330264621e+02
4.028658250211744871e+02 2.584901192330264621e+02
4.483203704757199830e+02 2.584901192330264621e+02
4.937749159302654220e+02 2.584901192330264621e+02
5.392294613848108611e+02 2.584901192330264621e+02
5.846840068393563570e+02 2.584901192330264621e+02
6.301385522939017392e+02 2.584901192330264621e+02
6.755930977484472351e+02 2.584901192330264621e+02
7.210476432029927309e+02 2.584901192330264621e+02
7.665021886575381131e+02 2.584901192330264621e+02
8.119567341120836090e+02 2.584901192330264621e+02
8.574112795666289912e+02 2.584901192330264621e+02
9.028658250211744871e+02 2.584901192330264621e+02
9.483203704757199830e+02 2.584901192330264621e+02
9.937749159302654789e+02 2.584901192330264621e+02
3.119567341120836090e+02 3.039446646875719580e+02
3.574112795666290481e+02 3.039446646875719580e+02
4.028658250211744871e+02 3.039446646875719580e+02
4.483203704757199830e+02 3.039446646875719580e+02
4.937749159302654220e+02 3.039446646875719580e+02
5.392294613848108611e+02 3.039446646875719580e+02
5.846840068393563570e+02 3.039446646875719580e+02
6.301385522939017392e+02 3.039446646875719580e+02
6.755930977484472351e+02 3.039446646875719580e+02
7.210476432029927309e+02 3.039446646875719580e+02
7.665021886575381131e+02 3.039446646875719580e+02
8.119567341120836090e+02 3.039446646875719580e+02
8.574112795666289912e+02 3.039446646875719580e+02
9.028658250211744871e+02 3.039446646875719580e+02
9.483203704757199830e+02 3.039446646875719580e+02
9.937749159302654789e+02 3.039446646875719580e+02
2.665021886575381131e+02 3.493992101421173970e+02
3.119567341120836090e+02 3.493992101421173970e+02
3.574112795666290481e+02 3.493992101421173970e+02
4.028658250211744871e+02 3.493992101421173970e+02
4.483203704757199830e+02 3.493992101421173970e+02
4.937749159302654220e+02 3.493992101421173970e+02
5.392294613848108611e+02 3.493992101421173970e+02
5.846840068393563570e+02 3.493992101421173970e+02
6.301385522939017392e+02 3.493992101421173970e+02
6.755930977484472351e+02 3.493992101421173970e+02
7.210476432029927309e+02 3.493992101421173970e+02
7.665021886575381131e+02 3.493992101421173970e+02
8.119567341120836090e+02 3.493992101421173970e+02
8.574112795666289912e+02 3.493992101421173970e+02
9.028658250211744871e+02 3.493992101421173970e+02
9.483203704757199830e+02 3.493992101421173970e+02
9.937749159302654789e+02 3.493992101421173970e+02
1.039229461384810747e+03 3.493992101421173970e+02
2.665021886575381131e+02 3.948537555966628361e+02
3.119567341120836090e+02 3.948537555966628361e+02
3.574112795666290481e+02 3.948537555966628361e+02
4.028658250211744871e+02 3.948537555966628361e+02
4.483203704757199830e+02 3.948537555966628361e+02
4.937749159302654220e+02 3.948537555966628361e+02
5.392294613848108611e+02 3.948537555966628361e+02
5.846840068393563570e+02 3.948537555966628361e+02
6.301385522939017392e+02 3.948537555966628361e+02
6.755930977484472351e+02 3.948537555966628361e+02
7.210476432029927309e+02 3.948537555966628361e+02
7.665021886575381131e+02 3.948537555966628361e+02
8.119567341120836090e+02 3.948537555966628361e+02
8.574112795666289912e+02 3.948537555966628361e+02
9.028658250211744871e+02 3.948537555966628361e+02
9.483203704757199830e+02 3.948537555966628361e+02
9.937749159302654789e+02 3.948537555966628361e+02
1.039229461384810747e+03 3.948537555966628361e+02
2.665021886575381131e+02 4.403083010512083320e+02
3.119567341120836090e+02 4.403083010512083320e+02
3.574112795666290481e+02 4.403083010512083320e+02
4.028658250211744871e+02 4.403083010512083320e+02
4.483203704757199830e+02 4.403083010512083320e+02
4.937749159302654220e+02 4.403083010512083320e+02
5.392294613848108611e+02 4.403083010512083320e+02
5.846840068393563570e+02 4.403083010512083320e+02
6.301385522939017392e+02 4.403083010512083320e+02
6.755930977484472351e+02 4.403083010512083320e+02
7.210476432029927309e+02 4.403083010512083320e+02
7.665021886575381131e+02 4.403083010512083320e+02
8.119567341120836090e+02 4.403083010512083320e+02
8.574112795666289912e+02 4.403083010512083320e+02
9.028658250211744871e+02 4.403083010512083320e+02
9.483203704757199830e+02 4.403083010512083320e+02
9.937749159302654789e+02 4.403083010512083320e+02
1.039229461384810747e+03 4.403083010512083320e+02
2.210476432029926741e+02 4.857628465057537710e+02
2.665021886575381131e+02 4.857628465057537710e+02
3.119567341120836090e+02 4.857628465057537710e+02
3.574112795666290481e+02 4.857628465057537710e+02
4.028658250211744871e+02 4.857628465057537710e+02
4.483203704757199830e+02 4.857628465057537710e+02
4.937749159302654220e+02 4.857628465057537710e+02
5.392294613848108611e+02 4.857628465057537710e+02
5.846840068393563570e+02 4.857628465057537710e+02
6.301385522939017392e+02 4.857628465057537710e+02
6.755930977484472351e+02 4.857628465057537710e+02
7.210476432029927309e+02 4.857628465057537710e+02
7.665021886575381131e+02 4.857628465057537710e+02
8.119567341120836090e+02 4.857628465057537710e+02
8.574112795666289912e+02 4.857628465057537710e+02
9.028658250211744871e+02 4.857628465057537710e+02
9.483203704757199830e+02 4.857628465057537710e+02
9.937749159302654789e+02 4.857628465057537710e+02
1.039229461384810747e+03 4.857628465057537710e+02
1.084684006839356243e+03 4.857628465057537710e+02
2.210476432029926741e+02 5.312173919602992100e+02
2.665021886575381131e+02 5.312173919602992100e+02
3.119567341120836090e+02 5.312173919602992100e+02
3.574112795666290481e+02 5.312173919602992100e+02
4.028658250211744871e+02 5.312173919602992100e+02
4.483203704757199830e+02 5.312173919602992100e+02
4.937749159302654220e+02 5.312173919602992100e+02
5.392294613848108611e+02 5.312173919602992100e+02
5.846840068393563570e+02 5.312173919602992100e+02
6.301385522939017392e+02 5.312173919602992100e+02
6.755930977484472351e+02 5.312173919602992100e+02
7.210476432029927309e+02 5.312173919602992100e+02
7.665021886575381131e+02 5.312173919602992100e+02
8.119567341120836090e+02 5.312173919602992100e+02
8.574112795666289912e+02 5.312173919602992100e+02
9.028658250211744871e+02 5.312173919602992100e+02
9.483203704757199830e+02 5.312173919602992100e+02
9.937749159302654789e+02 5.312173919602992100e+02
1.039229461384810747e+03 5.312173919602992100e+02
1.084684006839356243e+03 5.312173919602992100e+02
2.665021886575381131e+02 5.766719374148447059e+02
3.119567341120836090e+02 5.766719374148447059e+02
3.574112795666290481e+02 5.766719374148447059e+02
4.028658250211744871e+02 5.766719374148447059e+02
4.483203704757199830e+02 5.766719374148447059e+02
4.937749159302654220e+02 5.766719374148447059e+02
5.392294613848108611e+02 5.766719374148447059e+02
5.846840068393563570e+02 5.766719374148447059e+02
6.301385522939017392e+02 5.766719374148447059e+02
6.755930977484472351e+02 5.766719374148447059e+02
7.210476432029927309e+02 5.766719374148447059e+02
7.665021886575381131e+02 5.766719374148447059e+02
8.119567341120836090e+02 5.766719374148447059e+02
8.574112795666289912e+02 5.766719374148447059e+02
9.028658250211744871e+02 5.766719374148447059e+02
9.483203704757199830e+02 5.766719374148447059e+02
9.937749159302654789e+02 5.766719374148447059e+02
1.039229461384810747e+03 5.766719374148447059e+02
2.665021886575381131e+02 6.221264828693900881e+02
3.119567341120836090e+02 6.221264828693900881e+02
3.574112795666290481e+02 6.221264828693900881e+02
4.028658250211744871e+02 6.221264828693900881e+02
4.483203704757199830e+02 6.221264828693900881e+02
4.937749159302654220e+02 6.221264828693900881e+02
5.392294613848108611e+02 6.221264828693900881e+02
5.846840068393563570e+02 6.221264828693900881e+02
6.301385522939017392e+02 6.221264828693900881e+02
6.755930977484472351e+02 6.221264828693900881e+02
7.210476432029927309e+02 6.221264828693900881e+02
7.665021886575381131e+02 6.221264828693900881e+02
8.119567341120836090e+02 6.221264828693900881e+02
8.574112795666289912e+02 6.221264828693900881e+02
9.028658250211744871e+02 6.221264828693900881e+02
9.483203704757199830e+02 6.221264828693900881e+02
9.937749159302654789e+02 6.221264828693900881e+02
1.039229461384810747e+03 6.221264828693900881e+02
2.665021886575381131e+02 6.675810283239355840e+02
3.119567341120836090e+02 6.675810283239355840e+02
3.574112795666290481e+02 6.675810283239355840e+02
4.028658250211744871e+02 6.675810283239355840e+02
4.483203704757199830e+02 6.675810283239355840e+02
4.937749159302654220e+02 6.675810283239355840e+02
5.392294613848108611e+02 6.675810283239355840e+02
5.846840068393563570e+02 6.675810283239355840e+02
6.301385522939017392e+02 6.675810283239355840e+02
6.755930977484472351e+02 6.675810283239355840e+02
7.210476432029927309e+02 6.675810283239355840e+02
7.665021886575381131e+02 6.675810283239355840e+02
8.119567341120836090e+02 6.675810283239355840e+02
8.574112795666289912e+02 6.675810283239355840e+02
9.028658250211744871e+02 6.675810283239355840e+02
9.483203704757199830e+02 6.675810283239355840e+02
9.937749159302654789e+02 6.675810283239355840e+02
1.039229461384810747e+03 6.675810283239355840e+02
3.119567341120836090e+02 7.130355737784809662e+02
3.574112795666290481e+02 7.130355737784809662e+02
4.028658250211744871e+02 7.130355737784809662e+02
4.483203704757199830e+02 7.130355737784809662e+02
4.937749159302654220e+02 7.130355737784809662e+02
5.392294613848108611e+02 7.130355737784809662e+02
5.846840068393563570e+02 7.130355737784809662e+02
6.301385522939017392e+02 7.130355737784809662e+02
6.755930977484472351e+02 7.130355737784809662e+02
7.210476432029927309e+02 7.130355737784809662e+02
7.665021886575381131e+02 7.130355737784809662e+02
8.119567341120836090e+02 7.130355737784809662e+02
8.574112795666289912e+02 7.130355737784809662e+02
9.028658250211744871e+02 7.130355737784809662e+02
9.483203704757199830e+02 7.130355737784809662e+02
9.937749159302654789e+02 7.130355737784809662e+02
3.119567341120836090e+02 7.584901192330264621e+02
3.574112795666290481e+02 7.584901192330264621e+02
4.028658250211744871e+02 7.584901192330264621e+02
4.483203704757199830e+02 7.584901192330264621e+02
4.937749159302654220e+02 7.584901192330264621e+02
5.392294613848108611e+02 7.584901192330264621e+02
5.846840068393563570e+02 7.584901192330264621e+02
6.301385522939017392e+02 7.584901192330264621e+02
6.755930977484472351e+02 7.584901192330264621e+02
7.210476432029927309e+02 7.584901192330264621e+02
7.665021886575381131e+02 7.584901192330264621e+02
8.119567341120836090e+02 7.584901192330264621e+02
8.574112795666289912e+02 7.584901192330264621e+02
9.028658250211744871e+02 7.584901192330264621e+02
9.483203704757199830e+02 7.584901192330264621e+02
9.937749159302654789e+02 7.584901192330264621e+02
3.574112795666290481e+02 8.039446646875719580e+02
4.028658250211744871e+02 8.039446646875719580e+02
4.483203704757199830e+02 8.039446646875719580e+02
4.937749159302654220e+02 8.039446646875719580e+02
5.392294613848108611e+02 8.039446646875719580e+02
5.846840068393563570e+02 8.039446646875719580e+02
6.301385522939017392e+02 8.039446646875719580e+02
6.755930977484472351e+02 8.039446646875719580e+02
7.210476432029927309e+02 8.039446646875719580e+02
7.665021886575381131e+02 8.039446646875719580e+02
8.119567341120836090e+02 8.039446646875719580e+02
8.574112795666289912e+02 8.039446646875719580e+02
9.028658250211744871e+02 8.039446646875719580e+02
9.483203704757199830e+02 8.039446646875719580e+02
4.028658250211744871e+02 8.493992101421174539e+02
4.483203704757199830e+02 8.493992101421174539e+02
4.937749159302654220e+02 8.493992101421174539e+02
5.392294613848108611e+02 8.493992101421174539e+02
5.846840068393563570e+02 8.493992101421174539e+02
6.301385522939017392e+02 8.493992101421174539e+02
6.755930977484472351e+02 8.493992101421174539e+02
7.210476432029927309e+02 8.493992101421174539e+02
7.665021886575381131e+02 8.493992101421174539e+02
8.119567341120836090e+02 8.493992101421174539e+02
8.574112795666289912e+02 8.493992101421174539e+02
9.028658250211744871e+02 8.493992101421174539e+02
4.937749159302654220e+02 8.948537555966628361e+02
5.392294613848108611e+02 8.948537555966628361e+02
5.846840068393563570e+02 8.948537555966628361e+02
6.301385522939017392e+02 8.948537555966628361e+02
6.755930977484472351e+02 8.948537555966628361e+02
7.210476432029927309e+02 8.948537555966628361e+02
7.665021886575381131e+02 8.948537555966628361e+02
8.119567341120836090e+02 8.948537555966628361e+02
6.301385522939017392e+02 9.403083010512083320e+02
6.755930977484472351e+02 9.403083010512083320e+02
