121.815 9.261
134.253 9.255
84.206 21.775
96.779 21.812
109.269 21.815
121.801 21.794
134.229 21.825
146.791 21.841
159.139 21.797
171.783 21.812
59.201 34.224
71.756 34.176
84.202 34.168
96.810 34.236
109.189 34.170
121.792 34.234
134.189 34.152
146.815 34.190
159.162 34.207
171.795 34.186
184.126 34.212
196.756 34.254
46.821 46.840
59.242 46.828
71.764 46.769
84.171 46.843
96.806 46.796
109.222 46.792
121.747 46.735
134.238 46.755
146.822 46.786
159.180 46.822
171.769 46.747
184.211 46.821
196.747 46.796
209.174 46.769
34.219 59.191
46.785 59.197
59.211 59.210
71.777 59.179
84.189 59.222
96.814 59.248
109.202 59.179
121.768 59.179
134.216 59.167
146.759 59.196
159.238 59.220
171.849 59.211
184.197 59.216
196.784 59.267
209.212 59.185
221.737 59.219
34.214 71.832
46.820 71.770
59.159 71.795
71.785 71.792
84.224 71.802
96.780 71.895
109.198 71.832
121.725 71.814
134.206 71.790
146.745 71.817
159.211 71.784
171.780 71.823
184.170 71.810
196.815 71.752
209.151 71.798
221.763 71.803
21.803 84.199
34.234 84.189
46.808 84.193
59.202 84.182
71.765 84.214
84.132 84.236
96.768 84.236
109.222 84.224
121.803 84.205
134.204 84.206
146.775 84.213
159.190 84.226
171.749 84.230
184.198 84.193
196.776 84.161
209.236 84.234
221.754 84.223
234.229 84.250
21.824 96.752
34.209 96.803
46.822 96.794
59.207 96.808
71.776 96.800
84.152 96.805
96.784 96.754
109.200 96.795
121.858 96.791
134.257 96.806
146.807 96.846
159.209 96.826
171.797 96.783
184.236 96.799
196.797 96.810
209.239 96.850
221.756 96.809
234.201 96.764
21.785 109.236
34.205 109.201
46.763 109.231
59.191 109.190
71.759 109.222
84.210 109.186
96.810 109.170
109.192 109.189
121.792 109.176
134.203 109.149
146.782 109.209
159.202 109.207
171.803 109.231
184.182 109.218
196.838 109.204
209.220 109.215
221.849 109.230
234.216 109.226
9.221 121.821
21.771 121.794
34.225 121.809
46.796 121.814
59.231 121.761
71.800 121.730
84.188 121.823
96.769 121.806
109.145 121.822
121.827 121.816
134.222 121.778
146.818 121.789
159.180 121.802
171.776 121.782
184.197 121.782
196.775 121.760
209.199 121.780
221.792 121.772
234.212 121.816
246.740 121.775
9.232 134.145
21.803 134.172
34.184 134.168
46.901 134.200
59.180 134.163
71.796 134.213
84.244 134.241
96.800 134.196
109.196 134.190
121.756 134.190
134.276 134.179
146.762 134.203
159.211 134.186
171.795 134.207
184.184 134.238
196.845 134.172
209.242 134.248
221.792 134.240
234.255 134.224
246.804 134.234
21.817 146.808
34.260 146.734
46.779 146.798
59.201 146.786
71.777 146.783
84.286 146.750
96.800 146.770
109.249 146.758
121.759 146.815
134.281 146.811
146.836 146.774
159.243 146.818
171.784 146.775
184.172 146.801
196.833 146.816
209.182 146.832
221.726 146.784
234.141 146.753
21.870 159.189
34.193 159.217
46.763 159.168
59.221 159.169
71.790 159.175
84.216 159.213
96.766 159.200
109.252 159.228
121.856 159.202
134.191 159.177
146.767 159.181
159.184 159.169
171.788 159.189
184.211 159.188
196.773 159.176
209.214 159.196
221.814 159.204
234.117 159.180
21.805 171.722
34.203 171.752
46.777 171.759
59.181 171.798
71.806 171.774
84.263 171.754
96.799 171.775
109.205 171.800
121.820 171.809
134.189 171.750
146.849 171.747
159.178 171.755
171.777 171.753
184.185 171.788
196.790 171.762
209.200 171.742
221.801 171.789
234.180 171.812
34.179 184.170
46.786 184.190
59.245 184.233
71.805 184.206
84.197 184.169
96.756 184.226
109.198 184.253
121.722 184.171
134.224 184.176
146.798 184.176
159.184 184.188
171.792 184.195
184.184 184.155
196.815 184.222
209.218 184.181
221.781 184.223
34.168 196.806
46.848 196.806
59.241 196.795
71.774 196.789
84.227 196.801
96.820 196.789
109.158 196.792
121.733 196.789
134.235 196.805
146.809 196.807
159.201 196.816
171.756 196.793
184.224 196.767
196.787 196.799
209.260 196.807
221.735 196.811
46.844 209.162
59.202 209.212
71.813 209.225
84.177 209.214
96.783 209.235
109.222 209.214
121.787 209.215
134.210 209.228
146.786 209.193
159.181 209.192
171.777 209.196
184.244 209.228
196.787 209.194
209.244 209.231
59.197 221.772
71.777 221.815
84.234 221.764
96.850 221.802
109.204 221.790
121.768 221.834
134.208 221.794
146.800 221.805
159.275 221.747
171.769 221.822
184.218 221.808
196.851 221.841
84.249 234.224
96.806 234.223
109.247 234.196
121.753 234.194
134.217 234.178
146.761 234.197
159.186 234.177
171.823 234.191
121.736 246.784
134.223 246.753
