121.801 8.890
134.223 8.874
84.114 21.369
96.688 21.359
109.082 21.428
121.728 21.312
134.209 21.406
146.899 21.344
159.250 21.452
171.838 21.388
58.964 34.021
71.583 33.995
84.025 33.982
96.787 33.935
109.012 34.002
121.819 33.990
134.260 33.931
146.838 34.011
159.238 33.959
171.910 33.997
184.476 33.926
196.980 33.967
46.580 46.532
59.012 46.573
71.597 46.601
84.079 46.591
96.649 46.430
109.170 46.366
121.814 46.474
134.222 46.444
146.850 46.427
159.340 46.406
171.920 46.511
184.490 46.467
196.990 46.434
209.571 46.470
33.966 58.984
46.499 58.992
59.025 59.014
71.600 59.021
84.026 58.931
96.726 58.997
109.114 58.989
121.811 59.071
134.192 59.038
146.904 59.017
159.322 59.002
171.917 59.014
184.444 59.022
196.939 58.972
209.457 58.980
221.992 59.041
33.965 71.649
46.548 71.632
59.063 71.642
71.608 71.605
84.017 71.617
96.730 71.672
109.141 71.650
121.794 71.676
134.292 71.685
146.892 71.644
159.348 71.620
171.911 71.632
184.415 71.581
196.983 71.621
209.571 71.572
222.093 71.695
21.340 84.087
34.010 84.022
46.543 84.049
59.020 84.019
71.545 84.113
84.092 84.056
96.788 84.119
109.180 84.033
121.813 84.115
134.259 84.127
146.824 83.988
159.316 84.068
171.853 84.051
184.445 84.130
196.946 84.092
209.466 84.036
222.061 84.117
234.662 84.079
21.423 96.632
34.059 96.712
46.521 96.753
59.024 96.752
71.590 96.638
84.052 96.618
96.746 96.702
109.134 96.649
121.734 96.686
134.298 96.736
146.789 96.656
159.282 96.641
171.922 96.754
184.420 96.673
197.006 96.777
209.558 96.746
222.106 96.736
234.530 96.625
21.426 109.124
33.987 109.073
46.506 109.051
58.983 109.140
71.658 109.195
84.027 109.158
96.717 109.163
109.132 109.111
121.748 109.074
134.174 109.175
146.786 109.130
159.339 109.204
171.961 109.153
184.468 109.175
197.002 109.136
209.559 109.134
221.986 109.101
234.594 109.144
8.946 121.769
21.393 121.736
33.984 121.834
46.517 121.732
59.111 121.798
71.639 121.740
84.079 121.769
96.719 121.837
109.164 121.814
121.791 121.764
134.211 121.764
146.834 121.826
159.315 121.793
171.888 121.812
184.434 121.815
197.019 121.815
209.540 121.758
222.026 121.721
234.625 121.719
247.085 121.844
8.988 134.194
21.444 134.204
34.035 134.251
46.418 134.266
59.002 134.164
71.556 134.251
84.054 134.249
96.735 134.277
109.115 134.220
121.818 134.232
134.228 134.269
146.910 134.220
159.304 134.206
171.864 134.241
184.402 134.178
196.964 134.194
209.625 134.321
222.058 134.188
234.564 134.243
247.099 134.229
21.430 146.882
33.987 146.824
46.380 146.913
59.014 146.860
71.649 146.796
84.016 146.851
96.655 146.869
109.047 146.928
121.812 146.909
134.218 146.870
146.895 146.825
159.341 146.791
171.869 146.876
184.347 146.817
197.036 146.902
209.524 146.873
222.006 146.885
234.604 146.860
21.423 159.373
34.001 159.236
46.448 159.416
58.994 159.273
71.547 159.380
84.101 159.284
96.683 159.244
109.107 159.300
121.733 159.356
134.206 159.352
146.938 159.255
159.345 159.298
171.861 159.313
184.358 159.242
197.023 159.224
209.593 159.234
222.093 159.186
234.512 159.342
21.360 171.844
33.950 171.936
46.430 171.956
58.986 172.017
71.632 171.893
84.098 171.904
96.681 171.926
109.143 171.940
121.786 171.927
134.213 171.944
146.851 171.933
159.301 171.827
171.871 171.969
184.413 171.932
197.004 171.940
209.667 171.836
222.021 171.900
234.661 171.824
33.933 184.478
46.498 184.394
59.012 184.428
71.608 184.432
84.110 184.427
96.648 184.418
109.153 184.460
121.764 184.435
134.273 184.375
146.838 184.339
159.276 184.447
171.944 184.409
184.396 184.374
196.976 184.377
209.562 184.437
222.014 184.359
34.037 196.961
46.374 197.013
58.931 196.954
71.595 197.024
84.018 197.023
96.660 196.973
109.098 196.967
121.789 197.011
134.148 197.052
146.903 197.031
159.364 197.014
171.908 196.946
184.420 196.999
197.042 196.964
209.490 197.019
222.059 197.001
46.481 209.434
59.011 209.630
71.687 209.505
84.090 209.512
96.612 209.526
109.125 209.450
121.740 209.599
134.281 209.470
146.811 209.575
159.350 209.589
171.912 209.484
184.426 209.642
197.020 209.449
209.484 209.603
59.081 221.953
71.581 222.047
84.128 222.029
96.756 222.004
109.221 222.010
121.788 222.047
134.181 222.040
146.890 222.045
159.315 222.036
171.889 222.062
184.413 222.040
196.941 222.017
84.036 234.596
96.715 234.501
109.153 234.644
121.713 234.674
134.292 234.662
146.858 234.634
159.282 234.622
171.889 234.661
121.773 247.132
134.179 247.064
