121.792 9.237
134.169 9.254
84.215 21.776
96.796 21.803
109.223 21.805
121.783 21.806
134.235 21.824
146.835 21.750
159.178 21.813
171.798 21.795
59.173 34.248
71.787 34.234
84.195 34.207
96.801 34.188
109.218 34.243
121.822 34.194
134.208 34.199
146.836 34.211
159.172 34.221
171.796 34.226
184.185 34.239
196.785 34.209
46.851 46.783
59.252 46.778
71.784 46.777
84.221 46.828
96.800 46.777
109.173 46.790
121.802 46.766
134.193 46.785
146.773 46.837
159.188 46.779
171.761 46.732
184.220 46.783
196.810 46.786
209.188 46.805
34.224 59.246
46.766 59.205
59.211 59.192
71.806 59.234
84.150 59.223
96.798 59.201
109.208 59.253
121.793 59.171
134.196 59.218
146.781 59.207
159.204 59.180
171.793 59.245
184.230 59.191
196.783 59.238
209.205 59.212
221.779 59.170
34.227 71.774
46.808 71.797
59.197 71.762
71.791 71.791
84.232 71.826
96.824 71.821
109.197 71.847
121.746 71.807
134.215 71.825
146.845 71.808
159.161 71.840
171.799 71.832
184.222 71.759
196.792 71.807
209.190 71.777
221.814 71.780
21.849 84.208
34.228 84.254
46.786 84.216
59.165 84.209
71.770 84.207
84.190 84.191
96.817 84.201
109.222 84.273
121.794 84.204
134.183 84.205
146.761 84.224
159.194 84.206
171.796 84.226
184.237 84.215
196.793 84.223
209.169 84.220
221.765 84.239
234.202 84.223
21.811 96.782
34.238 96.790
46.843 96.823
59.243 96.741
71.766 96.786
84.206 96.794
96.798 96.771
109.258 96.790
121.846 96.809
134.271 96.803
146.765 96.804
159.227 96.785
171.764 96.763
184.197 96.783
196.850 96.831
209.220 96.834
221.780 96.797
234.220 96.778
21.785 109.168
34.231 109.208
46.779 109.222
59.210 109.265
71.791 109.202
84.187 109.171
96.830 109.178
109.251 109.206
121.783 109.241
134.238 109.206
146.807 109.227
159.186 109.235
171.770 109.175
184.220 109.206
196.795 109.194
209.198 109.226
221.746 109.160
234.230 109.227
9.260 121.779
21.766 121.785
34.233 121.826
46.809 121.813
59.219 121.761
71.778 121.780
84.186 121.784
96.743 121.820
109.157 121.768
121.787 121.829
134.216 121.789
146.797 121.821
159.223 121.805
171.806 121.832
184.186 121.836
196.770 121.769
209.223 121.804
221.787 121.764
234.164 121.832
246.808 121.810
9.212 134.235
21.794 134.213
34.222 134.216
46.777 134.195
59.243 134.188
71.791 134.183
84.168 134.193
96.791 134.196
109.167 134.235
121.754 134.203
134.251 134.257
146.844 134.202
159.219 134.232
171.765 134.223
184.214 134.166
196.857 134.212
209.228 134.230
221.792 134.197
234.202 134.184
246.809 134.221
21.783 146.754
34.251 146.766
46.798 146.804
59.213 146.808
71.806 146.794
84.229 146.792
96.794 146.804
109.199 146.719
121.768 146.809
134.242 146.784
146.785 146.787
159.223 146.774
171.768 146.766
184.166 146.829
196.808 146.793
209.240 146.786
221.770 146.841
234.200 146.772
21.812 159.189
34.215 159.175
46.805 159.226
59.209 159.176
71.850 159.183
84.187 159.150
96.741 159.206
109.180 159.222
121.781 159.199
134.223 159.182
146.805 159.228
159.200 159.130
171.806 159.170
184.207 159.193
196.802 159.212
209.200 159.215
221.778 159.164
234.185 159.180
21.782 171.824
34.210 171.795
46.796 171.777
59.155 171.845
71.756 171.791
84.185 171.792
96.769 171.795
109.222 171.787
121.774 171.793
134.216 171.786
146.787 171.741
159.186 171.768
171.773 171.782
184.186 171.770
196.781 171.785
209.235 171.783
221.776 171.770
234.170 171.804
34.178 184.148
46.825 184.214
59.180 184.250
71.791 184.174
84.223 184.223
96.760 184.215
109.212 184.213
121.771 184.179
134.209 184.171
146.804 184.165
159.253 184.183
171.820 184.145
184.188 184.197
196.747 184.190
209.263 184.208
221.771 184.196
34.216 196.801
46.772 196.794
59.226 196.832
71.824 196.774
84.234 196.790
96.803 196.747
109.180 196.799
121.825 196.849
134.203 196.817
146.801 196.804
159.188 196.850
171.785 196.825
184.177 196.795
196.792 196.828
209.225 196.762
221.757 196.788
46.757 209.252
59.240 209.206
71.805 209.214
84.207 209.207
96.807 209.221
109.203 209.183
121.765 209.222
134.204 209.220
146.776 209.189
159.216 209.239
171.775 209.182
184.182 209.240
196.785 209.202
209.191 209.224
59.187 221.783
71.813 221.760
84.229 221.774
96.811 221.793
109.186 221.807
121.806 221.822
134.250 221.785
146.841 221.811
159.199 221.794
171.817 221.810
184.213 221.746
196.804 221.791
84.226 234.230
96.781 234.181
109.225 234.202
121.781 234.236
134.177 234.157
146.788 234.252
159.257 234.213
171.748 234.233
121.785 246.774
134.184 246.738
