121.822 9.203
134.265 9.250
84.223 21.798
96.779 21.834
109.189 21.822
121.754 21.826
134.225 21.770
146.827 21.837
159.154 21.833
171.755 21.818
59.217 34.234
71.810 34.202
84.173 34.206
96.815 34.229
109.171 34.209
121.811 34.212
134.213 34.200
146.785 34.181
159.265 34.246
171.761 34.225
184.208 34.173
196.765 34.215
46.809 46.750
59.190 46.817
71.802 46.835
84.174 46.778
96.778 46.780
109.209 46.802
121.777 46.791
134.219 46.763
146.812 46.761
159.203 46.767
171.831 46.719
184.230 46.795
196.772 46.816
209.187 46.793
34.212 59.194
46.815 59.225
59.224 59.175
71.782 59.169
84.267 59.166
96.827 59.240
109.166 59.209
121.858 59.207
134.178 59.230
146.793 59.174
159.183 59.212
171.786 59.225
184.212 59.153
196.835 59.199
209.162 59.162
221.792 59.178
34.219 71.879
46.747 71.803
59.245 71.783
71.864 71.774
84.194 71.832
96.773 71.755
109.200 71.844
121.787 71.788
134.202 71.812
146.759 71.786
159.194 71.830
171.830 71.813
184.138 71.824
196.734 71.783
209.202 71.776
221.848 71.758
21.797 84.187
34.214 84.242
46.791 84.201
59.209 84.192
71.789 84.185
84.256 84.193
96.812 84.198
109.213 84.195
121.728 84.229
134.224 84.208
146.761 84.192
159.225 84.175
171.788 84.248
184.234 84.257
196.755 84.244
209.204 84.224
221.785 84.173
234.280 84.242
21.847 96.718
34.217 96.781
46.789 96.762
59.150 96.773
71.807 96.789
84.196 96.777
96.787 96.741
109.143 96.772
121.827 96.777
134.223 96.788
146.777 96.768
159.188 96.789
171.809 96.756
184.244 96.786
196.891 96.808
209.147 96.821
221.772 96.820
234.188 96.785
21.826 109.166
34.241 109.241
46.888 109.188
59.213 109.181
71.799 109.169
84.222 109.184
96.772 109.227
109.175 109.137
121.768 109.199
134.228 109.180
146.833 109.158
159.174 109.197
171.723 109.227
184.247 109.169
196.805 109.174
209.215 109.239
221.828 109.195
234.170 109.243
9.230 121.795
21.757 121.807
34.209 121.786
46.800 121.776
59.255 121.830
71.772 121.853
84.183 121.816
96.785 121.804
109.189 121.793
121.760 121.746
134.246 121.744
146.856 121.835
159.214 121.861
171.757 121.831
184.163 121.835
196.821 121.776
209.194 121.770
221.742 121.774
234.209 121.787
246.822 121.846
9.236 134.181
21.823 134.179
34.251 134.219
46.785 134.201
59.253 134.186
71.774 134.244
84.213 134.156
96.774 134.200
109.245 134.278
121.803 134.202
134.256 134.176
146.861 134.211
159.207 134.247
171.785 134.213
184.231 134.228
196.755 134.242
209.257 134.235
221.791 134.303
234.204 134.158
246.801 134.243
21.841 146.822
34.227 146.791
46.794 146.839
59.204 146.780
71.761 146.812
84.215 146.804
96.769 146.766
109.195 146.758
121.788 146.825
134.229 146.781
146.796 146.764
159.176 146.752
171.792 146.739
184.190 146.784
196.822 146.784
209.201 146.839
221.797 146.831
234.186 146.768
21.880 159.231
34.217 159.191
46.779 159.271
59.198 159.216
71.790 159.202
84.243 159.224
96.846 159.177
109.222 159.169
121.817 159.191
134.210 159.181
146.778 159.129
159.184 159.182
171.784 159.166
184.206 159.198
196.784 159.210
209.206 159.210
221.763 159.202
234.165 159.226
21.776 171.834
34.204 171.804
46.750 171.803
59.205 171.804
71.826 171.764
84.173 171.760
96.766 171.728
109.198 171.817
121.794 171.771
134.174 171.764
146.791 171.738
159.205 171.730
171.817 171.809
184.207 171.776
196.806 171.754
209.228 171.728
221.785 171.786
234.191 171.776
34.162 184.167
46.786 184.191
59.240 184.238
71.800 184.164
84.215 184.179
96.836 184.203
109.198 184.191
121.802 184.175
134.187 184.178
146.793 184.209
159.233 184.168
171.769 184.199
184.217 184.185
196.786 184.180
209.201 184.161
221.823 184.158
34.206 196.842
46.791 196.787
59.247 196.794
71.785 196.796
84.224 196.834
96.807 196.825
109.183 196.762
121.798 196.845
134.234 196.803
146.767 196.844
159.195 196.834
171.808 196.774
184.176 196.772
196.792 196.706
209.207 196.773
221.786 196.806
46.842 209.231
59.229 209.245
71.805 209.150
84.220 209.191
96.790 209.207
109.264 209.187
121.780 209.235
134.229 209.198
146.802 209.248
159.191 209.256
171.742 209.210
184.208 209.271
196.837 209.256
209.245 209.262
59.180 221.803
71.798 221.711
84.219 221.796
96.770 221.759
109.217 221.792
121.863 221.853
134.217 221.829
146.812 221.820
159.185 221.786
171.796 221.801
184.186 221.842
196.811 221.759
84.249 234.187
96.817 234.193
109.246 234.204
121.749 234.224
134.176 234.228
146.803 234.250
159.224 234.161
171.810 234.211
121.795 246.759
134.150 246.813
