122.359 9.077
134.947 9.036
84.943 21.597
97.355 21.618
109.860 21.696
122.320 21.624
134.880 21.685
147.336 21.671
159.828 21.680
172.317 21.634
59.964 33.985
72.414 34.033
84.947 34.047
97.387 34.014
110.033 34.086
122.306 34.045
134.944 34.059
147.292 34.111
159.945 34.120
172.255 34.097
184.929 34.086
197.288 34.074
47.391 46.537
59.985 46.595
72.369 46.589
84.997 46.599
97.325 46.638
109.898 46.632
122.312 46.621
134.931 46.642
147.328 46.630
159.932 46.553
172.295 46.635
184.926 46.644
197.353 46.652
209.874 46.704
35.024 59.025
47.410 59.014
59.886 59.102
72.399 59.041
84.983 59.049
97.305 59.023
109.940 59.048
122.314 59.070
134.999 59.035
147.266 58.991
159.920 59.040
172.312 59.064
184.947 59.067
197.259 59.113
209.876 59.078
222.280 59.125
34.991 71.329
47.444 71.547
59.953 71.509
72.341 71.548
84.954 71.604
97.408 71.602
109.926 71.555
122.374 71.615
134.961 71.604
147.329 71.637
159.924 71.629
172.367 71.690
184.945 71.740
197.283 71.604
209.896 71.662
222.299 71.628
22.466 84.009
35.035 84.039
47.422 84.056
60.005 84.033
72.412 84.036
84.903 83.947
97.379 84.067
109.899 84.048
122.247 84.074
134.883 84.019
147.362 84.035
159.914 84.049
172.231 84.011
184.946 84.011
197.299 84.085
209.887 84.170
222.213 84.098
234.904 84.014
22.449 96.566
35.013 96.563
47.468 96.575
59.954 96.617
72.434 96.631
85.013 96.712
97.550 96.609
109.954 96.574
122.431 96.572
134.932 96.581
147.272 96.623
159.928 96.715
172.368 96.639
184.898 96.702
197.304 96.689
209.841 96.680
222.328 96.635
234.845 96.669
22.449 108.964
35.052 108.997
47.449 108.993
59.993 108.977
72.412 108.966
84.997 108.973
97.411 109.040
109.952 109.090
122.309 109.077
134.944 108.971
147.367 109.099
160.039 109.078
172.306 109.073
184.961 109.049
197.302 109.133
209.870 109.065
222.307 109.061
234.911 108.997
10.034 121.592
22.412 121.551
34.989 121.504
47.495 121.514
59.951 121.545
72.409 121.592
84.977 121.613
97.360 121.579
109.974 121.612
122.366 121.681
134.907 121.628
147.398 121.587
159.908 121.638
172.302 121.660
184.925 121.662
197.341 121.624
209.969 121.740
222.335 121.608
234.895 121.688
247.306 121.616
10.117 133.978
22.448 133.996
34.969 133.982
47.481 133.960
59.960 134.114
72.330 134.055
84.935 133.968
97.317 133.972
109.895 134.006
122.365 134.013
134.995 133.970
147.411 134.074
159.965 134.068
172.366 134.099
184.935 134.096
197.346 134.052
209.903 134.061
222.249 134.058
234.849 134.018
247.283 134.075
22.564 146.519
34.946 146.617
47.463 146.622
59.930 146.560
72.386 146.571
85.020 146.626
97.427 146.634
109.981 146.621
122.427 146.575
134.967 146.646
147.346 146.609
159.964 146.621
172.340 146.678
184.959 146.644
197.398 146.642
209.812 146.658
222.343 146.669
234.890 146.644
22.619 159.001
35.029 159.074
47.587 159.004
59.967 159.008
72.373 159.008
85.061 159.022
97.323 159.014
109.968 159.047
122.436 159.001
135.006 159.091
147.348 159.053
159.938 159.062
172.404 159.080
184.944 159.125
197.319 159.072
209.865 159.008
222.339 159.095
234.874 159.068
22.463 171.544
35.019 171.552
47.631 171.521
60.013 171.514
72.437 171.543
84.918 171.539
97.352 171.702
109.952 171.610
122.429 171.619
134.980 171.664
147.391 171.458
159.952 171.624
172.411 171.573
184.923 171.657
197.385 171.642
209.894 171.622
222.388 171.615
234.878 171.762
35.070 184.009
47.594 183.984
60.040 183.984
72.553 183.986
84.994 184.001
97.537 184.033
109.969 183.983
122.459 184.021
134.978 184.030
147.424 183.990
159.932 184.032
172.385 184.065
184.949 183.963
197.284 184.053
209.929 184.018
222.315 183.957
35.006 196.490
47.656 196.668
59.968 196.557
72.589 196.457
85.044 196.527
97.511 196.557
109.990 196.613
122.388 196.582
134.971 196.652
147.388 196.651
159.986 196.599
172.423 196.573
184.992 196.656
197.356 196.677
209.951 196.694
222.381 196.584
47.576 209.023
60.045 208.980
72.467 209.000
85.016 209.009
97.432 209.089
109.966 209.038
122.455 209.025
134.952 209.024
147.447 209.045
160.007 209.031
172.359 209.065
184.885 209.053
197.400 209.053
209.896 209.064
60.021 221.565
72.420 221.542
84.996 221.565
97.580 221.589
109.966 221.535
122.408 221.550
135.039 221.610
147.440 221.574
159.935 221.588
172.342 221.622
184.944 221.681
197.428 221.566
84.933 233.948
97.480 234.032
109.992 233.977
122.447 233.971
134.966 234.020
147.443 234.074
160.007 233.966
172.415 234.025
122.499 246.564
134.947 246.581
