144.250 31.381
156.750 31.381
106.750 43.881
119.250 43.881
131.750 43.881
144.250 43.881
156.750 43.881
169.250 43.881
181.750 43.881
194.250 43.881
81.750 56.381
94.250 56.381
106.750 56.381
119.250 56.381
131.750 56.381
144.250 56.381
156.750 56.381
169.250 56.381
181.750 56.381
194.250 56.381
206.750 56.381
219.250 56.381
69.250 68.881
81.750 68.881
94.250 68.881
106.750 68.881
119.250 68.881
131.750 68.881
144.250 68.881
156.750 68.881
169.250 68.881
181.750 68.881
194.250 68.881
206.750 68.881
219.250 68.881
231.750 68.881
56.750 81.381
69.250 81.381
81.750 81.381
94.250 81.381
106.750 81.381
119.250 81.381
131.750 81.381
144.250 81.381
156.750 81.381
169.250 81.381
181.750 81.381
194.250 81.381
206.750 81.381
219.250 81.381
231.750 81.381
244.250 81.381
56.750 93.881
69.250 93.881
81.750 93.881
94.250 93.881
106.750 93.881
119.250 93.881
131.750 93.881
144.250 93.881
156.750 93.881
169.250 93.881
181.750 93.881
194.250 93.881
206.750 93.881
219.250 93.881
231.750 93.881
244.250 93.881
44.250 106.381
56.750 106.381
69.250 106.381
81.750 106.381
94.250 106.381
106.750 106.381
119.250 106.381
131.750 106.381
144.250 106.381
156.750 106.381
169.250 106.381
181.750 106.381
194.250 106.381
206.750 106.381
219.250 106.381
231.750 106.381
244.250 106.381
256.750 106.381
44.250 118.881
56.750 118.881
69.250 118.881
81.750 118.881
94.250 118.881
106.750 118.881
119.250 118.881
131.750 118.881
144.250 118.881
156.750 118.881
169.250 118.881
181.750 118.881
194.250 118.881
206.750 118.881
219.250 118.881
231.750 118.881
244.250 118.881
256.750 118.881
44.250 131.381
56.750 131.381
69.250 131.381
81.750 131.381
94.250 131.381
106.750 131.381
119.250 131.381
131.750 131.381
144.250 131.381
156.750 131.381
169.250 131.381
181.750 131.381
194.250 131.381
206.750 131.381
219.250 131.381
231.750 131.381
244.250 131.381
256.750 131.381
31.750 143.881
44.250 143.881
56.750 143.881
69.250 143.881
81.750 143.881
94.250 143.881
106.750 143.881
119.250 143.881
131.750 143.881
144.250 143.881
156.750 143.881
169.250 143.881
181.750 143.881
194.250 143.881
206.750 143.881
219.250 143.881
231.750 143.881
244.250 143.881
256.750 143.881
269.250 143.881
31.750 156.381
44.250 156.381
56.750 156.381
69.250 156.381
81.750 156.381
94.250 156.381
106.750 156.381
119.250 156.381
131.750 156.381
144.250 156.381
156.750 156.381
169.250 156.381
181.750 156.381
194.250 156.381
206.750 156.381
219.250 156.381
231.750 156.381
244.250 156.381
256.750 156.381
269.250 156.381
44.250 168.881
56.750 168.881
69.250 168.881
81.750 168.881
94.250 168.881
106.750 168.881
119.250 168.881
131.750 168.881
144.250 168.881
156.750 168.881
169.250 168.881
181.750 168.881
194.250 168.881
206.750 168.881
219.250 168.881
231.750 168.881
244.250 168.881
256.750 168.881
44.250 181.381
56.750 181.381
69.250 181.381
81.750 181.381
94.250 181.381
106.750 181.381
119.250 181.381
131.750 181.381
144.250 181.381
156.750 181.381
169.250 181.381
181.750 181.381
194.250 181.381
206.750 181.381
219.250 181.381
231.750 181.381
244.250 181.381
256.750 181.381
44.250 193.881
56.750 193.881
69.250 193.881
81.750 193.881
94.250 193.881
106.750 193.881
119.250 193.881
131.750 193.881
144.250 193.881
156.750 193.881
169.250 193.881
181.750 193.881
194.250 193.881
206.750 193.881
219.250 193.881
231.750 193.881
244.250 193.881
256.750 193.881
56.750 206.381
69.250 206.381
81.750 206.381
94.250 206.381
106.750 206.381
119.250 206.381
131.750 206.381
144.250 206.381
156.750 206.381
169.250 206.381
181.750 206.381
194.250 206.381
206.750 206.381
219.250 206.381
231.750 206.381
244.250 206.381
56.750 218.881
69.250 218.881
81.750 218.881
94.250 218.881
106.750 218.881
119.250 218.881
131.750 218.881
144.250 218.881
156.750 218.881
169.250 218.881
181.750 218.881
194.250 218.881
206.750 218.881
219.250 218.881
231.750 218.881
244.250 218.881
69.250 231.381
81.750 231.381
94.250 231.381
106.750 231.381
119.250 231.381
131.750 231.381
144.250 231.381
156.750 231.381
169.250 231.381
181.750 231.381
194.250 231.381
206.750 231.381
219.250 231.381
231.750 231.381
81.750 243.881
94.250 243.881
106.750 243.881
119.250 243.881
131.750 243.881
144.250 243.881
156.750 243.881
169.250 243.881
181.750 243.881
194.250 243.881
206.750 243.881
219.250 243.881
106.750 256.381
119.250 256.381
131.750 256.381
144.250 256.381
156.750 256.381
169.250 256.381
181.750 256.381
194.250 256.381
144.250 268.881
156.750 268.881
