139.835 28.368
152.008 28.274
102.095 41.064
114.705 41.021
127.113 41.043
139.845 41.043
152.240 41.013
164.740 41.096
177.119 40.973
189.694 40.976
76.932 53.621
89.875 53.332
101.898 53.288
114.957 53.446
127.044 53.416
139.927 53.403
151.893 53.234
164.832 53.454
176.946 53.536
189.834 53.438
202.026 53.462
214.909 53.373
64.774 66.147
77.202 66.008
89.720 66.056
102.034 66.050
114.734 66.049
127.102 66.079
139.686 66.146
152.105 66.061
164.721 66.120
177.170 66.146
189.737 66.095
202.080 66.110
214.808 66.120
227.149 66.073
51.893 78.537
64.778 78.386
77.000 78.484
89.824 78.432
102.065 78.330
114.830 78.349
126.894 78.448
139.738 78.409
152.093 78.362
164.822 78.381
177.042 78.474
189.835 78.341
202.032 78.275
214.929 78.293
226.904 78.249
239.879 78.349
52.104 91.132
64.736 91.140
77.021 91.175
89.705 91.090
102.057 91.169
114.862 91.322
127.017 91.181
139.680 91.126
152.048 91.080
164.746 91.055
177.068 91.092
189.691 91.048
202.031 91.147
214.836 91.113
227.146 91.176
239.734 91.042
39.830 103.651
51.995 103.453
64.826 103.383
77.013 103.401
89.777 103.460
102.013 103.384
114.753 103.384
127.045 103.446
139.819 103.575
151.947 103.420
164.819 103.535
177.055 103.480
189.871 103.441
201.944 103.496
214.820 103.378
226.886 103.327
239.746 103.657
251.964 103.421
39.663 116.150
52.122 116.313
64.806 116.209
77.028 116.121
89.801 116.282
102.223 116.173
114.726 116.184
127.092 116.206
139.798 116.150
152.021 116.204
164.843 116.288
177.187 116.162
189.785 116.139
202.092 116.158
214.783 116.254
227.045 116.197
239.746 116.327
252.110 116.186
39.800 128.318
51.977 128.460
64.838 128.761
77.044 128.331
89.885 128.750
101.963 128.508
114.909 128.417
126.906 128.398
139.771 128.389
152.089 128.678
164.854 128.331
177.019 128.398
189.760 128.522
201.984 128.427
214.824 128.601
227.080 128.595
239.801 128.346
252.021 128.623
27.085 141.200
39.821 141.220
52.007 141.225
64.810 141.231
77.085 141.269
89.773 141.177
102.048 141.273
114.775 141.301
127.073 141.149
139.699 141.153
152.050 141.180
164.807 141.289
176.945 141.332
189.819 141.150
202.059 141.261
214.737 141.258
227.060 141.162
239.743 141.207
251.982 141.208
264.692 141.278
27.020 153.521
39.768 153.686
51.921 153.503
64.782 153.504
77.000 153.457
89.756 153.585
101.962 153.409
114.859 153.405
127.078 153.666
139.800 153.459
152.074 153.628
164.751 153.717
176.982 153.495
189.806 153.456
202.150 153.430
214.751 153.446
227.033 153.627
239.744 153.444
252.035 153.443
264.835 153.534
39.764 166.292
52.121 166.128
64.787 166.358
77.049 166.164
89.833 166.261
102.086 166.278
114.792 166.257
127.032 166.258
139.731 166.275
152.144 166.203
164.791 166.337
177.069 166.209
189.765 166.322
202.103 166.247
214.830 166.253
227.003 166.257
239.975 166.356
251.909 166.322
39.785 178.631
52.080 178.664
64.742 178.626
76.939 178.475
89.765 178.700
102.070 178.746
114.762 178.503
127.033 178.706
139.762 178.634
152.115 178.419
164.729 178.606
177.074 178.494
189.726 178.487
202.005 178.438
214.777 178.467
227.035 178.498
239.807 178.489
251.987 178.430
39.794 191.265
51.947 191.319
64.869 191.363
76.974 191.345
89.866 191.372
102.066 191.248
114.736 191.322
127.000 191.297
139.813 191.295
152.027 191.124
164.867 191.269
177.023 191.276
189.811 191.300
202.106 191.285
214.747 191.285
226.954 191.222
239.982 191.274
252.104 191.231
52.007 203.536
64.846 203.695
77.035 203.641
89.843 203.696
102.046 203.465
114.784 203.782
127.074 203.677
139.702 203.738
152.083 203.441
164.805 203.503
176.993 203.466
189.764 203.711
202.050 203.672
214.705 203.444
227.050 203.679
239.823 203.691
52.029 216.258
64.880 216.373
77.008 216.302
89.843 216.368
102.081 216.343
114.653 216.276
126.889 216.386
139.916 216.342
152.081 216.277
164.803 216.329
177.045 216.220
189.926 216.381
201.946 216.404
214.896 216.306
226.963 216.320
239.819 216.476
64.898 228.458
77.178 228.660
89.732 228.713
102.118 228.710
114.694 228.732
127.139 228.458
139.679 228.535
152.054 228.881
164.772 228.648
177.047 228.629
189.756 228.738
202.019 228.691
214.793 228.685
227.031 228.450
76.987 241.213
89.869 241.628
101.971 241.334
114.893 241.368
126.963 241.313
139.800 241.376
151.995 241.359
164.845 241.342
177.011 241.391
189.846 241.321
202.056 241.355
214.863 241.285
102.070 253.596
114.774 253.641
126.980 253.686
139.722 253.663
152.071 253.776
164.687 253.712
177.071 253.707
189.712 253.672
139.885 266.383
151.972 266.391
