145.415 30.538
157.588 30.444
107.675 43.234
120.285 43.191
132.693 43.213
145.425 43.213
157.820 43.183
170.320 43.266
182.699 43.143
195.274 43.146
82.512 55.791
95.455 55.502
107.478 55.458
120.537 55.616
132.624 55.586
145.507 55.573
157.473 55.404
170.412 55.624
182.526 55.706
195.414 55.608
207.606 55.632
220.489 55.543
70.354 68.317
82.782 68.178
95.300 68.226
107.614 68.220
120.314 68.219
132.682 68.249
145.266 68.316
157.685 68.231
170.301 68.290
182.750 68.316
195.317 68.265
207.660 68.280
220.388 68.290
232.729 68.243
57.473 80.707
70.358 80.556
82.580 80.654
95.404 80.602
107.645 80.500
120.410 80.519
132.474 80.618
145.318 80.579
157.673 80.532
170.402 80.551
182.622 80.644
195.415 80.511
207.612 80.445
220.509 80.463
232.484 80.419
245.459 80.519
57.684 93.302
70.316 93.310
82.601 93.345
95.285 93.260
107.637 93.339
120.442 93.492
132.597 93.351
145.260 93.296
157.628 93.250
170.326 93.225
182.648 93.262
195.271 93.218
207.611 93.317
220.416 93.283
232.726 93.346
245.314 93.212
45.410 105.821
57.575 105.623
70.406 105.553
82.593 105.571
95.357 105.630
107.593 105.554
120.333 105.554
132.625 105.616
145.399 105.745
157.527 105.590
170.399 105.705
182.635 105.650
195.451 105.611
207.524 105.666
220.400 105.548
232.466 105.497
245.326 105.827
257.544 105.591
45.243 118.320
57.702 118.483
70.386 118.379
82.608 118.291
95.381 118.452
107.803 118.343
120.306 118.354
132.672 118.376
145.378 118.320
157.601 118.374
170.423 118.458
182.767 118.332
195.365 118.309
207.672 118.328
220.363 118.424
232.625 118.367
245.326 118.497
257.690 118.356
45.380 130.488
57.557 130.630
70.418 130.931
82.624 130.501
95.465 130.920
107.543 130.678
120.489 130.587
132.486 130.568
145.351 130.559
157.669 130.848
170.434 130.501
182.599 130.568
195.340 130.692
207.564 130.597
220.404 130.771
232.660 130.765
245.381 130.516
257.601 130.793
32.665 143.370
45.401 143.390
57.587 143.395
70.390 143.401
82.665 143.439
95.353 143.347
107.628 143.443
120.355 143.471
132.653 143.319
145.279 143.323
157.630 143.350
170.387 143.459
182.525 143.502
195.399 143.320
207.639 143.431
220.317 143.428
232.640 143.332
245.323 143.377
257.562 143.378
270.272 143.448
32.600 155.691
45.348 155.856
57.501 155.673
70.362 155.674
82.580 155.627
95.336 155.755
107.542 155.579
120.439 155.575
132.658 155.836
145.380 155.629
157.654 155.798
170.331 155.887
182.562 155.665
195.386 155.626
207.730 155.600
220.331 155.616
232.613 155.797
245.324 155.614
257.615 155.613
270.415 155.704
45.344 168.462
57.701 168.298
70.367 168.528
82.629 168.334
95.413 168.431
107.666 168.448
120.372 168.427
132.612 168.428
145.311 168.445
157.724 168.373
170.371 168.507
182.649 168.379
195.345 168.492
207.683 168.417
220.410 168.423
232.583 168.427
245.555 168.526
257.489 168.492
45.365 180.801
57.660 180.834
70.322 180.796
82.519 180.645
95.345 180.870
107.650 180.916
120.342 180.673
132.613 180.876
145.342 180.804
157.695 180.589
170.309 180.776
182.654 180.664
195.306 180.657
207.585 180.608
220.357 180.637
232.615 180.668
245.387 180.659
257.567 180.600
45.374 193.435
57.527 193.489
70.449 193.533
82.554 193.515
95.446 193.542
107.646 193.418
120.316 193.492
132.580 193.467
145.393 193.465
157.607 193.294
170.447 193.439
182.603 193.446
195.391 193.470
207.686 193.455
220.327 193.455
232.534 193.392
245.562 193.444
257.684 193.401
57.587 205.706
70.426 205.865
82.615 205.811
95.423 205.866
107.626 205.635
120.364 205.952
132.654 205.847
145.282 205.908
157.663 205.611
170.385 205.673
182.573 205.636
195.344 205.881
207.630 205.842
220.285 205.614
232.630 205.849
245.403 205.861
57.609 218.428
70.460 218.543
82.588 218.472
95.423 218.538
107.661 218.513
120.233 218.446
132.469 218.556
145.496 218.512
157.661 218.447
170.383 218.499
182.625 218.390
195.506 218.551
207.526 218.574
220.476 218.476
232.543 218.490
245.399 218.646
70.478 230.628
82.758 230.830
95.312 230.883
107.698 230.880
120.274 230.902
132.719 230.628
145.259 230.705
157.634 231.051
170.352 230.818
182.627 230.799
195.336 230.908
207.599 230.861
220.373 230.855
232.611 230.620
82.567 243.383
95.449 243.798
107.551 243.504
120.473 243.538
132.543 243.483
145.380 243.546
157.575 243.529
170.425 243.512
182.591 243.561
195.426 243.491
207.636 243.525
220.443 243.455
107.650 255.766
120.354 255.811
132.560 255.856
145.302 255.833
157.651 255.946
170.267 255.882
182.651 255.877
195.292 255.842
145.465 268.553
157.552 268.561
