144.129 29.719
156.302 29.625
106.389 42.415
118.999 42.372
131.407 42.394
144.139 42.394
156.534 42.364
169.034 42.447
181.413 42.324
193.988 42.327
81.226 54.972
94.169 54.683
106.192 54.639
119.251 54.797
131.338 54.767
144.221 54.754
156.187 54.585
169.126 54.805
181.240 54.887
194.128 54.789
206.320 54.813
219.203 54.724
69.068 67.498
81.496 67.359
94.014 67.407
106.328 67.401
119.028 67.400
131.396 67.430
143.980 67.497
156.399 67.412
169.015 67.471
181.464 67.497
194.031 67.446
206.374 67.461
219.102 67.471
231.443 67.424
56.187 79.888
69.072 79.737
81.294 79.835
94.118 79.783
106.359 79.681
119.124 79.700
131.188 79.799
144.032 79.760
156.387 79.713
169.116 79.732
181.336 79.825
194.129 79.692
206.326 79.626
219.223 79.644
231.198 79.600
244.173 79.700
56.398 92.483
69.030 92.491
81.315 92.526
93.999 92.441
106.351 92.520
119.156 92.673
131.311 92.532
143.974 92.477
156.342 92.431
169.040 92.406
181.362 92.443
193.985 92.399
206.325 92.498
219.130 92.464
231.440 92.527
244.028 92.393
44.124 105.002
56.289 104.804
69.120 104.734
81.307 104.752
94.071 104.811
106.307 104.735
119.047 104.735
131.339 104.797
144.113 104.926
156.241 104.771
169.113 104.886
181.349 104.831
194.165 104.792
206.238 104.847
219.114 104.729
231.180 104.678
244.040 105.008
256.258 104.772
43.957 117.501
56.416 117.664
69.100 117.560
81.322 117.472
94.095 117.633
106.517 117.524
119.020 117.535
131.386 117.557
144.092 117.501
156.315 117.555
169.137 117.639
181.481 117.513
194.079 117.490
206.386 117.509
219.077 117.605
231.339 117.548
244.040 117.678
256.404 117.537
44.094 129.669
56.271 129.811
69.132 130.112
81.338 129.682
94.179 130.101
106.257 129.859
119.203 129.768
131.200 129.749
144.065 129.740
156.383 130.029
169.148 129.682
181.313 129.749
194.054 129.873
206.278 129.778
219.118 129.952
231.374 129.946
244.095 129.697
256.315 129.974
31.379 142.551
44.115 142.571
56.301 142.576
69.104 142.582
81.379 142.620
94.067 142.528
106.342 142.624
119.069 142.652
131.367 142.500
143.993 142.504
156.344 142.531
169.101 142.640
181.239 142.683
194.113 142.501
206.353 142.612
219.031 142.609
231.354 142.513
244.037 142.558
256.276 142.559
268.986 142.629
31.314 154.872
44.062 155.037
56.215 154.854
69.076 154.855
81.294 154.808
94.050 154.936
106.256 154.760
119.153 154.756
131.372 155.017
144.094 154.810
156.368 154.979
169.045 155.068
181.276 154.846
194.100 154.807
206.444 154.781
219.045 154.797
231.327 154.978
244.038 154.795
256.329 154.794
269.129 154.885
44.058 167.643
56.415 167.479
69.081 167.709
81.343 167.515
94.127 167.612
106.380 167.629
119.086 167.608
131.326 167.609
144.025 167.626
156.438 167.554
169.085 167.688
181.363 167.560
194.059 167.673
206.397 167.598
219.124 167.604
231.297 167.608
244.269 167.707
256.203 167.673
44.079 179.982
56.374 180.015
69.036 179.977
81.233 179.826
94.059 180.051
106.364 180.097
119.056 179.854
131.327 180.057
144.056 179.985
156.409 179.770
169.023 179.957
181.368 179.845
194.020 179.838
206.299 179.789
219.071 179.818
231.329 179.849
244.101 179.840
256.281 179.781
44.088 192.616
56.241 192.670
69.163 192.714
81.268 192.696
94.160 192.723
106.360 192.599
119.030 192.673
131.294 192.648
144.107 192.646
156.321 192.475
169.161 192.620
181.317 192.627
194.105 192.651
206.400 192.636
219.041 192.636
231.248 192.573
244.276 192.625
256.398 192.582
56.301 204.887
69.140 205.046
81.329 204.992
94.137 205.047
106.340 204.816
119.078 205.133
131.368 205.028
143.996 205.089
156.377 204.792
169.099 204.854
181.287 204.817
194.058 205.062
206.344 205.023
218.999 204.795
231.344 205.030
244.117 205.042
56.323 217.609
69.174 217.724
81.302 217.653
94.137 217.719
106.375 217.694
118.947 217.627
131.183 217.737
144.210 217.693
156.375 217.628
169.097 217.680
181.339 217.571
194.220 217.732
206.240 217.755
219.190 217.657
231.257 217.671
244.113 217.827
69.192 229.809
81.472 230.011
94.026 230.064
106.412 230.061
118.988 230.083
131.433 229.809
143.973 229.886
156.348 230.232
169.066 229.999
181.341 229.980
194.050 230.089
206.313 230.042
219.087 230.036
231.325 229.801
81.281 242.564
94.163 242.979
106.265 242.685
119.187 242.719
131.257 242.664
144.094 242.727
156.289 242.710
169.139 242.693
181.305 242.742
194.140 242.672
206.350 242.706
219.157 242.636
106.364 254.947
119.068 254.992
131.274 255.037
144.016 255.014
156.365 255.127
168.981 255.063
181.365 255.058
194.006 255.023
144.179 267.734
156.266 267.742
