130.424 31.538
142.597 31.444
92.684 44.234
105.294 44.191
117.702 44.213
130.434 44.213
142.829 44.183
155.329 44.266
167.708 44.143
180.283 44.146
67.521 56.791
80.464 56.502
92.487 56.458
105.546 56.616
117.633 56.586
130.516 56.573
142.482 56.404
155.421 56.624
167.535 56.706
180.423 56.608
192.615 56.632
205.498 56.543
55.363 69.317
67.791 69.178
80.309 69.226
92.623 69.220
105.323 69.219
117.691 69.249
130.275 69.316
142.694 69.231
155.310 69.290
167.759 69.316
180.326 69.265
192.669 69.280
205.397 69.290
217.738 69.243
42.482 81.707
55.367 81.556
67.589 81.654
80.413 81.602
92.654 81.500
105.419 81.519
117.483 81.618
130.327 81.579
142.682 81.532
155.411 81.551
167.631 81.644
180.424 81.511
192.621 81.445
205.518 81.463
217.493 81.419
230.468 81.519
42.693 94.302
55.325 94.310
67.610 94.345
80.294 94.260
92.646 94.339
105.451 94.492
117.606 94.351
130.269 94.296
142.637 94.250
155.335 94.225
167.657 94.262
180.280 94.218
192.620 94.317
205.425 94.283
217.735 94.346
230.323 94.212
30.419 106.821
42.584 106.623
55.415 106.553
67.602 106.571
80.366 106.630
92.602 106.554
105.342 106.554
117.634 106.616
130.408 106.745
142.536 106.590
155.408 106.705
167.644 106.650
180.460 106.611
192.533 106.666
205.409 106.548
217.475 106.497
230.335 106.827
242.553 106.591
30.252 119.320
42.711 119.483
55.395 119.379
67.617 119.291
80.390 119.452
92.812 119.343
105.315 119.354
117.681 119.376
130.387 119.320
142.610 119.374
155.432 119.458
167.776 119.332
180.374 119.309
192.681 119.328
205.372 119.424
217.634 119.367
230.335 119.497
242.699 119.356
30.389 131.488
42.566 131.630
55.427 131.931
67.633 131.501
80.474 131.920
92.552 131.678
105.498 131.587
117.495 131.568
130.360 131.559
142.678 131.848
155.443 131.501
167.608 131.568
180.349 131.692
192.573 131.597
205.413 131.771
217.669 131.765
230.390 131.516
242.610 131.793
17.674 144.370
30.410 144.390
42.596 144.395
55.399 144.401
67.674 144.439
80.362 144.347
92.637 144.443
105.364 144.471
117.662 144.319
130.288 144.323
142.639 144.350
155.396 144.459
167.534 144.502
180.408 144.320
192.648 144.431
205.326 144.428
217.649 144.332
230.332 144.377
242.571 144.378
255.281 144.448
17.609 156.691
30.357 156.856
42.510 156.673
55.371 156.674
67.589 156.627
80.345 156.755
92.551 156.579
105.448 156.575
117.667 156.836
130.389 156.629
142.663 156.798
155.340 156.887
167.571 156.665
180.395 156.626
192.739 156.600
205.340 156.616
217.622 156.797
230.333 156.614
242.624 156.613
255.424 156.704
30.353 169.462
42.710 169.298
55.376 169.528
67.638 169.334
80.422 169.431
92.675 169.448
105.381 169.427
117.621 169.428
130.320 169.445
142.733 169.373
155.380 169.507
167.658 169.379
180.354 169.492
192.692 169.417
205.419 169.423
217.592 169.427
230.564 169.526
242.498 169.492
30.374 181.801
42.669 181.834
55.331 181.796
67.528 181.645
80.354 181.870
92.659 181.916
105.351 181.673
117.622 181.876
130.351 181.804
142.704 181.589
155.318 181.776
167.663 181.664
180.315 181.657
192.594 181.608
205.366 181.637
217.624 181.668
230.396 181.659
242.576 181.600
30.383 194.435
42.536 194.489
55.458 194.533
67.563 194.515
80.455 194.542
92.655 194.418
105.325 194.492
117.589 194.467
130.402 194.465
142.616 194.294
155.456 194.439
167.612 194.446
180.400 194.470
192.695 194.455
205.336 194.455
217.543 194.392
230.571 194.444
242.693 194.401
42.596 206.706
55.435 206.865
67.624 206.811
80.432 206.866
92.635 206.635
105.373 206.952
117.663 206.847
130.291 206.908
142.672 206.611
155.394 206.673
167.582 206.636
180.353 206.881
192.639 206.842
205.294 206.614
217.639 206.849
230.412 206.861
42.618 219.428
55.469 219.543
67.597 219.472
80.432 219.538
92.670 219.513
105.242 219.446
117.478 219.556
130.505 219.512
142.670 219.447
155.392 219.499
167.634 219.390
180.515 219.551
192.535 219.574
205.485 219.476
217.552 219.490
230.408 219.646
55.487 231.628
67.767 231.830
80.321 231.883
92.707 231.880
105.283 231.902
117.728 231.628
130.268 231.705
142.643 232.051
155.361 231.818
167.636 231.799
180.345 231.908
192.608 231.861
205.382 231.855
217.620 231.620
67.576 244.383
80.458 244.798
92.560 244.504
105.482 244.538
117.552 244.483
130.389 244.546
142.584 244.529
155.434 244.512
167.600 244.561
180.435 244.491
192.645 244.525
205.452 244.455
92.659 256.766
105.363 256.811
117.569 256.856
130.311 256.833
142.660 256.946
155.276 256.882
167.660 256.877
180.301 256.842
130.474 269.553
142.561 269.561
