137.646 30.149
149.819 30.055
99.906 42.845
112.516 42.802
124.924 42.824
137.656 42.824
150.051 42.794
162.551 42.877
174.930 42.754
187.505 42.757
74.743 55.402
87.686 55.113
99.709 55.069
112.768 55.227
124.855 55.197
137.738 55.184
149.704 55.015
162.643 55.235
174.757 55.317
187.645 55.219
199.837 55.243
212.720 55.154
62.585 67.928
75.013 67.789
87.531 67.837
99.845 67.831
112.545 67.830
124.913 67.860
137.497 67.927
149.916 67.842
162.532 67.901
174.981 67.927
187.548 67.876
199.891 67.891
212.619 67.901
224.960 67.854
49.704 80.318
62.589 80.167
74.811 80.265
87.635 80.213
99.876 80.111
112.641 80.130
124.705 80.229
137.549 80.190
149.904 80.143
162.633 80.162
174.853 80.255
187.646 80.122
199.843 80.056
212.740 80.074
224.715 80.030
237.690 80.130
49.915 92.913
62.547 92.921
74.832 92.956
87.516 92.871
99.868 92.950
112.673 93.103
124.828 92.962
137.491 92.907
149.859 92.861
162.557 92.836
174.879 92.873
187.502 92.829
199.842 92.928
212.647 92.894
224.957 92.957
237.545 92.823
37.641 105.432
49.806 105.234
62.637 105.164
74.824 105.182
87.588 105.241
99.824 105.165
112.564 105.165
124.856 105.227
137.630 105.356
149.758 105.201
162.630 105.316
174.866 105.261
187.682 105.222
199.755 105.277
212.631 105.159
224.697 105.108
237.557 105.438
249.775 105.202
37.474 117.931
49.933 118.094
62.617 117.990
74.839 117.902
87.612 118.063
100.034 117.954
112.537 117.965
124.903 117.987
137.609 117.931
149.832 117.985
162.654 118.069
174.998 117.943
187.596 117.920
199.903 117.939
212.594 118.035
224.856 117.978
237.557 118.108
249.921 117.967
37.611 130.099
49.788 130.241
62.649 130.542
74.855 130.112
87.696 130.531
99.774 130.289
112.720 130.198
124.717 130.179
137.582 130.170
149.900 130.459
162.665 130.112
174.830 130.179
187.571 130.303
199.795 130.208
212.635 130.382
224.891 130.376
237.612 130.127
249.832 130.404
24.896 142.981
37.632 143.001
49.818 143.006
62.621 143.012
74.896 143.050
87.584 142.958
99.859 143.054
112.586 143.082
124.884 142.930
137.510 142.934
149.861 142.961
162.618 143.070
174.756 143.113
187.630 142.931
199.870 143.042
212.548 143.039
224.871 142.943
237.554 142.988
249.793 142.989
262.503 143.059
24.831 155.302
37.579 155.467
49.732 155.284
62.593 155.285
74.811 155.238
87.567 155.366
99.773 155.190
112.670 155.186
124.889 155.447
137.611 155.240
149.885 155.409
162.562 155.498
174.793 155.276
187.617 155.237
199.961 155.211
212.562 155.227
224.844 155.408
237.555 155.225
249.846 155.224
262.646 155.315
37.575 168.073
49.932 167.909
62.598 168.139
74.860 167.945
87.644 168.042
99.897 168.059
112.603 168.038
124.843 168.039
137.542 168.056
149.955 167.984
162.602 168.118
174.880 167.990
187.576 168.103
199.914 168.028
212.641 168.034
224.814 168.038
237.786 168.137
249.720 168.103
37.596 180.412
49.891 180.445
62.553 180.407
74.750 180.256
87.576 180.481
99.881 180.527
112.573 180.284
124.844 180.487
137.573 180.415
149.926 180.200
162.540 180.387
174.885 180.275
187.537 180.268
199.816 180.219
212.588 180.248
224.846 180.279
237.618 180.270
249.798 180.211
37.605 193.046
49.758 193.100
62.680 193.144
74.785 193.126
87.677 193.153
99.877 193.029
112.547 193.103
124.811 193.078
137.624 193.076
149.838 192.905
162.678 193.050
174.834 193.057
187.622 193.081
199.917 193.066
212.558 193.066
224.765 193.003
237.793 193.055
249.915 193.012
49.818 205.317
62.657 205.476
74.846 205.422
87.654 205.477
99.857 205.246
112.595 205.563
124.885 205.458
137.513 205.519
149.894 205.222
162.616 205.284
174.804 205.247
187.575 205.492
199.861 205.453
212.516 205.225
224.861 205.460
237.634 205.472
49.840 218.039
62.691 218.154
74.819 218.083
87.654 218.149
99.892 218.124
112.464 218.057
124.700 218.167
137.727 218.123
149.892 218.058
162.614 218.110
174.856 218.001
187.737 218.162
199.757 218.185
212.707 218.087
224.774 218.101
237.630 218.257
62.709 230.239
74.989 230.441
87.543 230.494
99.929 230.491
112.505 230.513
124.950 230.239
137.490 230.316
149.865 230.662
162.583 230.429
174.858 230.410
187.567 230.519
199.830 230.472
212.604 230.466
224.842 230.231
74.798 242.994
87.680 243.409
99.782 243.115
112.704 243.149
124.774 243.094
137.611 243.157
149.806 243.140
162.656 243.123
174.822 243.172
187.657 243.102
199.867 243.136
212.674 243.066
99.881 255.377
112.585 255.422
124.791 255.467
137.533 255.444
149.882 255.557
162.498 255.493
174.882 255.488
187.523 255.453
137.696 268.164
149.783 268.172
