143.943 29.982
156.116 29.888
106.203 42.678
118.813 42.635
131.221 42.657
143.953 42.657
156.348 42.627
168.848 42.710
181.227 42.587
193.802 42.590
81.040 55.235
93.983 54.946
106.006 54.902
119.065 55.060
131.152 55.030
144.035 55.017
156.001 54.848
168.940 55.068
181.054 55.150
193.942 55.052
206.134 55.076
219.017 54.987
68.882 67.761
81.310 67.622
93.828 67.670
106.142 67.664
118.842 67.663
131.210 67.693
143.794 67.760
156.213 67.675
168.829 67.734
181.278 67.760
193.845 67.709
206.188 67.724
218.916 67.734
231.257 67.687
56.001 80.151
68.886 80.000
81.108 80.098
93.932 80.046
106.173 79.944
118.938 79.963
131.002 80.062
143.846 80.023
156.201 79.976
168.930 79.995
181.150 80.088
193.943 79.955
206.140 79.889
219.037 79.907
231.012 79.863
243.987 79.963
56.212 92.746
68.844 92.754
81.129 92.789
93.813 92.704
106.165 92.783
118.970 92.936
131.125 92.795
143.788 92.740
156.156 92.694
168.854 92.669
181.176 92.706
193.799 92.662
206.139 92.761
218.944 92.727
231.254 92.790
243.842 92.656
43.938 105.265
56.103 105.067
68.934 104.997
81.121 105.015
93.885 105.074
106.121 104.998
118.861 104.998
131.153 105.060
143.927 105.189
156.055 105.034
168.927 105.149
181.163 105.094
193.979 105.055
206.052 105.110
218.928 104.992
230.994 104.941
243.854 105.271
256.072 105.035
43.771 117.764
56.230 117.927
68.914 117.823
81.136 117.735
93.909 117.896
106.331 117.787
118.834 117.798
131.200 117.820
143.906 117.764
156.129 117.818
168.951 117.902
181.295 117.776
193.893 117.753
206.200 117.772
218.891 117.868
231.153 117.811
243.854 117.941
256.218 117.800
43.908 129.932
56.085 130.074
68.946 130.375
81.152 129.945
93.993 130.364
106.071 130.122
119.017 130.031
131.014 130.012
143.879 130.003
156.197 130.292
168.962 129.945
181.127 130.012
193.868 130.136
206.092 130.041
218.932 130.215
231.188 130.209
243.909 129.960
256.129 130.237
31.193 142.814
43.929 142.834
56.115 142.839
68.918 142.845
81.193 142.883
93.881 142.791
106.156 142.887
118.883 142.915
131.181 142.763
143.807 142.767
156.158 142.794
168.915 142.903
181.053 142.946
193.927 142.764
206.167 142.875
218.845 142.872
231.168 142.776
243.851 142.821
256.090 142.822
268.800 142.892
31.128 155.135
43.876 155.300
56.029 155.117
68.890 155.118
81.108 155.071
93.864 155.199
106.070 155.023
118.967 155.019
131.186 155.280
143.908 155.073
156.182 155.242
168.859 155.331
181.090 155.109
193.914 155.070
206.258 155.044
218.859 155.060
231.141 155.241
243.852 155.058
256.143 155.057
268.943 155.148
43.872 167.906
56.229 167.742
68.895 167.972
81.157 167.778
93.941 167.875
106.194 167.892
118.900 167.871
131.140 167.872
143.839 167.889
156.252 167.817
168.899 167.951
181.177 167.823
193.873 167.936
206.211 167.861
218.938 167.867
231.111 167.871
244.083 167.970
256.017 167.936
43.893 180.245
56.188 180.278
68.850 180.240
81.047 180.089
93.873 180.314
106.178 180.360
118.870 180.117
131.141 180.320
143.870 180.248
156.223 180.033
168.837 180.220
181.182 180.108
193.834 180.101
206.113 180.052
218.885 180.081
231.143 180.112
243.915 180.103
256.095 180.044
43.902 192.879
56.055 192.933
68.977 192.977
81.082 192.959
93.974 192.986
106.174 192.862
118.844 192.936
131.108 192.911
143.921 192.909
156.135 192.738
168.975 192.883
181.131 192.890
193.919 192.914
206.214 192.899
218.855 192.899
231.062 192.836
244.090 192.888
256.212 192.845
56.115 205.150
68.954 205.309
81.143 205.255
93.951 205.310
106.154 205.079
118.892 205.396
131.182 205.291
143.810 205.352
156.191 205.055
168.913 205.117
181.101 205.080
193.872 205.325
206.158 205.286
218.813 205.058
231.158 205.293
243.931 205.305
56.137 217.872
68.988 217.987
81.116 217.916
93.951 217.982
106.189 217.957
118.761 217.890
130.997 218.000
144.024 217.956
156.189 217.891
168.911 217.943
181.153 217.834
194.034 217.995
206.054 218.018
219.004 217.920
231.071 217.934
243.927 218.090
69.006 230.072
81.286 230.274
93.840 230.327
106.226 230.324
118.802 230.346
131.247 230.072
143.787 230.149
156.162 230.495
168.880 230.262
181.155 230.243
193.864 230.352
206.127 230.305
218.901 230.299
231.139 230.064
81.095 242.827
93.977 243.242
106.079 242.948
119.001 242.982
131.071 242.927
143.908 242.990
156.103 242.973
168.953 242.956
181.119 243.005
193.954 242.935
206.164 242.969
218.971 242.899
106.178 255.210
118.882 255.255
131.088 255.300
143.830 255.277
156.179 255.390
168.795 255.326
181.179 255.321
193.820 255.286
143.993 267.997
156.080 268.005
