127.952 46.938
140.125 46.844
90.212 59.634
102.822 59.591
115.230 59.613
127.962 59.613
140.357 59.583
152.857 59.666
165.236 59.543
177.811 59.546
65.049 72.191
77.992 71.902
90.015 71.858
103.074 72.016
115.161 71.986
128.044 71.973
140.010 71.804
152.949 72.024
165.063 72.106
177.951 72.008
190.143 72.032
203.026 71.943
52.891 84.717
65.319 84.578
77.837 84.626
90.151 84.620
102.851 84.619
115.219 84.649
127.803 84.716
140.222 84.631
152.838 84.690
165.287 84.716
177.854 84.665
190.197 84.680
202.925 84.690
215.266 84.643
40.010 97.107
52.895 96.956
65.117 97.054
77.941 97.002
90.182 96.900
102.947 96.919
115.011 97.018
127.855 96.979
140.210 96.932
152.939 96.951
165.159 97.044
177.952 96.911
190.149 96.845
203.046 96.863
215.021 96.819
227.996 96.919
40.221 109.702
52.853 109.710
65.138 109.745
77.822 109.660
90.174 109.739
102.979 109.892
115.134 109.751
127.797 109.696
140.165 109.650
152.863 109.625
165.185 109.662
177.808 109.618
190.148 109.717
202.953 109.683
215.263 109.746
227.851 109.612
27.947 122.221
40.112 122.023
52.943 121.953
65.130 121.971
77.894 122.030
90.130 121.954
102.870 121.954
115.162 122.016
127.936 122.145
140.064 121.990
152.936 122.105
165.172 122.050
177.988 122.011
190.061 122.066
202.937 121.948
215.003 121.897
227.863 122.227
240.081 121.991
27.780 134.720
40.239 134.883
52.923 134.779
65.145 134.691
77.918 134.852
90.340 134.743
102.843 134.754
115.209 134.776
127.915 134.720
140.138 134.774
152.960 134.858
165.304 134.732
177.902 134.709
190.209 134.728
202.900 134.824
215.162 134.767
227.863 134.897
240.227 134.756
27.917 146.888
40.094 147.030
52.955 147.331
65.161 146.901
78.002 147.320
90.080 147.078
103.026 146.987
115.023 146.968
127.888 146.959
140.206 147.248
152.971 146.901
165.136 146.968
177.877 147.092
190.101 146.997
202.941 147.171
215.197 147.165
227.918 146.916
240.138 147.193
15.202 159.770
27.938 159.790
40.124 159.795
52.927 159.801
65.202 159.839
77.890 159.747
90.165 159.843
102.892 159.871
115.190 159.719
127.816 159.723
140.167 159.750
152.924 159.859
165.062 159.902
177.936 159.720
190.176 159.831
202.854 159.828
215.177 159.732
227.860 159.777
240.099 159.778
252.809 159.848
15.137 172.091
27.885 172.256
40.038 172.073
52.899 172.074
65.117 172.027
77.873 172.155
90.079 171.979
102.976 171.975
115.195 172.236
127.917 172.029
140.191 172.198
152.868 172.287
165.099 172.065
177.923 172.026
190.267 172.000
202.868 172.016
215.150 172.197
227.861 172.014
240.152 172.013
252.952 172.104
27.881 184.862
40.238 184.698
52.904 184.928
65.166 184.734
77.950 184.831
90.203 184.848
102.909 184.827
115.149 184.828
127.848 184.845
140.261 184.773
152.908 184.907
165.186 184.779
177.882 184.892
190.220 184.817
202.947 184.823
215.120 184.827
228.092 184.926
240.026 184.892
27.902 197.201
40.197 197.234
52.859 197.196
65.056 197.045
77.882 197.270
90.187 197.316
102.879 197.073
115.150 197.276
127.879 197.204
140.232 196.989
152.846 197.176
165.191 197.064
177.843 197.057
190.122 197.008
202.894 197.037
215.152 197.068
227.924 197.059
240.104 197.000
27.911 209.835
40.064 209.889
52.986 209.933
65.091 209.915
77.983 209.942
90.183 209.818
102.853 209.892
115.117 209.867
127.930 209.865
140.144 209.694
152.984 209.839
165.140 209.846
177.928 209.870
190.223 209.855
202.864 209.855
215.071 209.792
228.099 209.844
240.221 209.801
40.124 222.106
52.963 222.265
65.152 222.211
77.960 222.266
90.163 222.035
102.901 222.352
115.191 222.247
127.819 222.308
140.200 222.011
152.922 222.073
165.110 222.036
177.881 222.281
190.167 222.242
202.822 222.014
215.167 222.249
227.940 222.261
40.146 234.828
52.997 234.943
65.125 234.872
77.960 234.938
90.198 234.913
102.770 234.846
115.006 234.956
128.033 234.912
140.198 234.847
152.920 234.899
165.162 234.790
178.043 234.951
190.063 234.974
203.013 234.876
215.080 234.890
227.936 235.046
53.015 247.028
65.295 247.230
77.849 247.283
90.235 247.280
102.811 247.302
115.256 247.028
127.796 247.105
140.171 247.451
152.889 247.218
165.164 247.199
177.873 247.308
190.136 247.261
202.910 247.255
215.148 247.020
65.104 259.783
77.986 260.198
90.088 259.904
103.010 259.938
115.080 259.883
127.917 259.946
140.112 259.929
152.962 259.912
165.128 259.961
177.963 259.891
190.173 259.925
202.980 259.855
90.187 272.166
102.891 272.211
115.097 272.256
127.839 272.233
140.188 272.346
152.804 272.282
165.188 272.277
177.829 272.242
128.002 284.953
140.089 284.961
