145.415 30.525
157.588 30.431
107.675 43.221
120.285 43.178
132.693 43.200
145.425 43.200
157.820 43.170
170.320 43.253
182.699 43.130
195.274 43.133
82.512 55.778
95.455 55.489
107.478 55.445
120.537 55.603
132.624 55.573
145.507 55.560
157.473 55.391
170.412 55.611
182.526 55.693
195.414 55.595
207.606 55.619
220.489 55.530
70.354 68.304
82.782 68.165
95.300 68.213
107.614 68.207
120.314 68.206
132.682 68.236
145.266 68.303
157.685 68.218
170.301 68.277
182.750 68.303
195.317 68.252
207.660 68.267
220.388 68.277
232.729 68.230
57.473 80.694
70.358 80.543
82.580 80.641
95.404 80.589
107.645 80.487
120.410 80.506
132.474 80.605
145.318 80.566
157.673 80.519
170.402 80.538
182.622 80.631
195.415 80.498
207.612 80.432
220.509 80.450
232.484 80.406
245.459 80.506
57.684 93.289
70.316 93.297
82.601 93.332
95.285 93.247
107.637 93.326
120.442 93.479
132.597 93.338
145.260 93.283
157.628 93.237
170.326 93.212
182.648 93.249
195.271 93.205
207.611 93.304
220.416 93.270
232.726 93.333
245.314 93.199
45.410 105.808
57.575 105.610
70.406 105.540
82.593 105.558
95.357 105.617
107.593 105.541
120.333 105.541
132.625 105.603
145.399 105.732
157.527 105.577
170.399 105.692
182.635 105.637
195.451 105.598
207.524 105.653
220.400 105.535
232.466 105.484
245.326 105.814
257.544 105.578
45.243 118.307
57.702 118.470
70.386 118.366
82.608 118.278
95.381 118.439
107.803 118.330
120.306 118.341
132.672 118.363
145.378 118.307
157.601 118.361
170.423 118.445
182.767 118.319
195.365 118.296
207.672 118.315
220.363 118.411
232.625 118.354
245.326 118.484
257.690 118.343
45.380 130.475
57.557 130.617
70.418 130.918
82.624 130.488
95.465 130.907
107.543 130.665
120.489 130.574
132.486 130.555
145.351 130.546
157.669 130.835
170.434 130.488
182.599 130.555
195.340 130.679
207.564 130.584
220.404 130.758
232.660 130.752
245.381 130.503
257.601 130.780
32.665 143.357
45.401 143.377
57.587 143.382
70.390 143.388
82.665 143.426
95.353 143.334
107.628 143.430
120.355 143.458
132.653 143.306
145.279 143.310
157.630 143.337
170.387 143.446
182.525 143.489
195.399 143.307
207.639 143.418
220.317 143.415
232.640 143.319
245.323 143.364
257.562 143.365
270.272 143.435
32.600 155.678
45.348 155.843
57.501 155.660
70.362 155.661
82.580 155.614
95.336 155.742
107.542 155.566
120.439 155.562
132.658 155.823
145.380 155.616
157.654 155.785
170.331 155.874
182.562 155.652
195.386 155.613
207.730 155.587
220.331 155.603
232.613 155.784
245.324 155.601
257.615 155.600
270.415 155.691
45.344 168.449
57.701 168.285
70.367 168.515
82.629 168.321
95.413 168.418
107.666 168.435
120.372 168.414
132.612 168.415
145.311 168.432
157.724 168.360
170.371 168.494
182.649 168.366
195.345 168.479
207.683 168.404
220.410 168.410
232.583 168.414
245.555 168.513
257.489 168.479
45.365 180.788
57.660 180.821
70.322 180.783
82.519 180.632
95.345 180.857
107.650 180.903
120.342 180.660
132.613 180.863
145.342 180.791
157.695 180.576
170.309 180.763
182.654 180.651
195.306 180.644
207.585 180.595
220.357 180.624
232.615 180.655
245.387 180.646
257.567 180.587
45.374 193.422
57.527 193.476
70.449 193.520
82.554 193.502
95.446 193.529
107.646 193.405
120.316 193.479
132.580 193.454
145.393 193.452
157.607 193.281
170.447 193.426
182.603 193.433
195.391 193.457
207.686 193.442
220.327 193.442
232.534 193.379
245.562 193.431
257.684 193.388
57.587 205.693
70.426 205.852
82.615 205.798
95.423 205.853
107.626 205.622
120.364 205.939
132.654 205.834
145.282 205.895
157.663 205.598
170.385 205.660
182.573 205.623
195.344 205.868
207.630 205.829
220.285 205.601
232.630 205.836
245.403 205.848
57.609 218.415
70.460 218.530
82.588 218.459
95.423 218.525
107.661 218.500
120.233 218.433
132.469 218.543
145.496 218.499
157.661 218.434
170.383 218.486
182.625 218.377
195.506 218.538
207.526 218.561
220.476 218.463
232.543 218.477
245.399 218.633
70.478 230.615
82.758 230.817
95.312 230.870
107.698 230.867
120.274 230.889
132.719 230.615
145.259 230.692
157.634 231.038
170.352 230.805
182.627 230.786
195.336 230.895
207.599 230.848
220.373 230.842
232.611 230.607
82.567 243.370
95.449 243.785
107.551 243.491
120.473 243.525
132.543 243.470
145.380 243.533
157.575 243.516
170.425 243.499
182.591 243.548
195.426 243.478
207.636 243.512
220.443 243.442
107.650 255.753
120.354 255.798
132.560 255.843
145.302 255.820
157.651 255.933
170.267 255.869
182.651 255.864
195.292 255.829
145.465 268.540
157.552 268.548
