145.418 30.526
157.591 30.432
107.678 43.222
120.288 43.179
132.696 43.201
145.428 43.201
157.823 43.171
170.323 43.254
182.702 43.131
195.277 43.134
82.515 55.779
95.458 55.490
107.481 55.446
120.540 55.604
132.627 55.574
145.510 55.561
157.476 55.392
170.415 55.612
182.529 55.694
195.417 55.596
207.609 55.620
220.492 55.531
70.357 68.305
82.785 68.166
95.303 68.214
107.617 68.208
120.317 68.207
132.685 68.237
145.269 68.304
157.688 68.219
170.304 68.278
182.753 68.304
195.320 68.253
207.663 68.268
220.391 68.278
232.732 68.231
57.476 80.695
70.361 80.544
82.583 80.642
95.407 80.590
107.648 80.488
120.413 80.507
132.477 80.606
145.321 80.567
157.676 80.520
170.405 80.539
182.625 80.632
195.418 80.499
207.615 80.433
220.512 80.451
232.487 80.407
245.462 80.507
57.687 93.290
70.319 93.298
82.604 93.333
95.288 93.248
107.640 93.327
120.445 93.480
132.600 93.339
145.263 93.284
157.631 93.238
170.329 93.213
182.651 93.250
195.274 93.206
207.614 93.305
220.419 93.271
232.729 93.334
245.317 93.200
45.413 105.809
57.578 105.611
70.409 105.541
82.596 105.559
95.360 105.618
107.596 105.542
120.336 105.542
132.628 105.604
145.402 105.733
157.530 105.578
170.402 105.693
182.638 105.638
195.454 105.599
207.527 105.654
220.403 105.536
232.469 105.485
245.329 105.815
257.547 105.579
45.246 118.308
57.705 118.471
70.389 118.367
82.611 118.279
95.384 118.440
107.806 118.331
120.309 118.342
132.675 118.364
145.381 118.308
157.604 118.362
170.426 118.446
182.770 118.320
195.368 118.297
207.675 118.316
220.366 118.412
232.628 118.355
245.329 118.485
257.693 118.344
45.383 130.476
57.560 130.618
70.421 130.919
82.627 130.489
95.468 130.908
107.546 130.666
120.492 130.575
132.489 130.556
145.354 130.547
157.672 130.836
170.437 130.489
182.602 130.556
195.343 130.680
207.567 130.585
220.407 130.759
232.663 130.753
245.384 130.504
257.604 130.781
32.668 143.358
45.404 143.378
57.590 143.383
70.393 143.389
82.668 143.427
95.356 143.335
107.631 143.431
120.358 143.459
132.656 143.307
145.282 143.311
157.633 143.338
170.390 143.447
182.528 143.490
195.402 143.308
207.642 143.419
220.320 143.416
232.643 143.320
245.326 143.365
257.565 143.366
270.275 143.436
32.603 155.679
45.351 155.844
57.504 155.661
70.365 155.662
82.583 155.615
95.339 155.743
107.545 155.567
120.442 155.563
132.661 155.824
145.383 155.617
157.657 155.786
170.334 155.875
182.565 155.653
195.389 155.614
207.733 155.588
220.334 155.604
232.616 155.785
245.327 155.602
257.618 155.601
270.418 155.692
45.347 168.450
57.704 168.286
70.370 168.516
82.632 168.322
95.416 168.419
107.669 168.436
120.375 168.415
132.615 168.416
145.314 168.433
157.727 168.361
170.374 168.495
182.652 168.367
195.348 168.480
207.686 168.405
220.413 168.411
232.586 168.415
245.558 168.514
257.492 168.480
45.368 180.789
57.663 180.822
70.325 180.784
82.522 180.633
95.348 180.858
107.653 180.904
120.345 180.661
132.616 180.864
145.345 180.792
157.698 180.577
170.312 180.764
182.657 180.652
195.309 180.645
207.588 180.596
220.360 180.625
232.618 180.656
245.390 180.647
257.570 180.588
45.377 193.423
57.530 193.477
70.452 193.521
82.557 193.503
95.449 193.530
107.649 193.406
120.319 193.480
132.583 193.455
145.396 193.453
157.610 193.282
170.450 193.427
182.606 193.434
195.394 193.458
207.689 193.443
220.330 193.443
232.537 193.380
245.565 193.432
257.687 193.389
57.590 205.694
70.429 205.853
82.618 205.799
95.426 205.854
107.629 205.623
120.367 205.940
132.657 205.835
145.285 205.896
157.666 205.599
170.388 205.661
182.576 205.624
195.347 205.869
207.633 205.830
220.288 205.602
232.633 205.837
245.406 205.849
57.612 218.416
70.463 218.531
82.591 218.460
95.426 218.526
107.664 218.501
120.236 218.434
132.472 218.544
145.499 218.500
157.664 218.435
170.386 218.487
182.628 218.378
195.509 218.539
207.529 218.562
220.479 218.464
232.546 218.478
245.402 218.634
70.481 230.616
82.761 230.818
95.315 230.871
107.701 230.868
120.277 230.890
132.722 230.616
145.262 230.693
157.637 231.039
170.355 230.806
182.630 230.787
195.339 230.896
207.602 230.849
220.376 230.843
232.614 230.608
82.570 243.371
95.452 243.786
107.554 243.492
120.476 243.526
132.546 243.471
145.383 243.534
157.578 243.517
170.428 243.500
182.594 243.549
195.429 243.479
207.639 243.513
220.446 243.443
107.653 255.754
120.357 255.799
132.563 255.844
145.305 255.821
157.654 255.934
170.270 255.870
182.654 255.865
195.295 255.830
145.468 268.541
157.555 268.549
