130.486 31.561
142.659 31.467
92.746 44.257
105.356 44.214
117.764 44.236
130.496 44.236
142.891 44.206
155.391 44.289
167.770 44.166
180.345 44.169
67.583 56.814
80.526 56.525
92.549 56.481
105.608 56.639
117.695 56.609
130.578 56.596
142.544 56.427
155.483 56.647
167.597 56.729
180.485 56.631
192.677 56.655
205.560 56.566
55.425 69.340
67.853 69.201
80.371 69.249
92.685 69.243
105.385 69.242
117.753 69.272
130.337 69.339
142.756 69.254
155.372 69.313
167.821 69.339
180.388 69.288
192.731 69.303
205.459 69.313
217.800 69.266
42.544 81.730
55.429 81.579
67.651 81.677
80.475 81.625
92.716 81.523
105.481 81.542
117.545 81.641
130.389 81.602
142.744 81.555
155.473 81.574
167.693 81.667
180.486 81.534
192.683 81.468
205.580 81.486
217.555 81.442
230.530 81.542
42.755 94.325
55.387 94.333
67.672 94.368
80.356 94.283
92.708 94.362
105.513 94.515
117.668 94.374
130.331 94.319
142.699 94.273
155.397 94.248
167.719 94.285
180.342 94.241
192.682 94.340
205.487 94.306
217.797 94.369
230.385 94.235
30.481 106.844
42.646 106.646
55.477 106.576
67.664 106.594
80.428 106.653
92.664 106.577
105.404 106.577
117.696 106.639
130.470 106.768
142.598 106.613
155.470 106.728
167.706 106.673
180.522 106.634
192.595 106.689
205.471 106.571
217.537 106.520
230.397 106.850
242.615 106.614
30.314 119.343
42.773 119.506
55.457 119.402
67.679 119.314
80.452 119.475
92.874 119.366
105.377 119.377
117.743 119.399
130.449 119.343
142.672 119.397
155.494 119.481
167.838 119.355
180.436 119.332
192.743 119.351
205.434 119.447
217.696 119.390
230.397 119.520
242.761 119.379
30.451 131.511
42.628 131.653
55.489 131.954
67.695 131.524
80.536 131.943
92.614 131.701
105.560 131.610
117.557 131.591
130.422 131.582
142.740 131.871
155.505 131.524
167.670 131.591
180.411 131.715
192.635 131.620
205.475 131.794
217.731 131.788
230.452 131.539
242.672 131.816
17.736 144.393
30.472 144.413
42.658 144.418
55.461 144.424
67.736 144.462
80.424 144.370
92.699 144.466
105.426 144.494
117.724 144.342
130.350 144.346
142.701 144.373
155.458 144.482
167.596 144.525
180.470 144.343
192.710 144.454
205.388 144.451
217.711 144.355
230.394 144.400
242.633 144.401
255.343 144.471
17.671 156.714
30.419 156.879
42.572 156.696
55.433 156.697
67.651 156.650
80.407 156.778
92.613 156.602
105.510 156.598
117.729 156.859
130.451 156.652
142.725 156.821
155.402 156.910
167.633 156.688
180.457 156.649
192.801 156.623
205.402 156.639
217.684 156.820
230.395 156.637
242.686 156.636
255.486 156.727
30.415 169.485
42.772 169.321
55.438 169.551
67.700 169.357
80.484 169.454
92.737 169.471
105.443 169.450
117.683 169.451
130.382 169.468
142.795 169.396
155.442 169.530
167.720 169.402
180.416 169.515
192.754 169.440
205.481 169.446
217.654 169.450
230.626 169.549
242.560 169.515
30.436 181.824
42.731 181.857
55.393 181.819
67.590 181.668
80.416 181.893
92.721 181.939
105.413 181.696
117.684 181.899
130.413 181.827
142.766 181.612
155.380 181.799
167.725 181.687
180.377 181.680
192.656 181.631
205.428 181.660
217.686 181.691
230.458 181.682
242.638 181.623
30.445 194.458
42.598 194.512
55.520 194.556
67.625 194.538
80.517 194.565
92.717 194.441
105.387 194.515
117.651 194.490
130.464 194.488
142.678 194.317
155.518 194.462
167.674 194.469
180.462 194.493
192.757 194.478
205.398 194.478
217.605 194.415
230.633 194.467
242.755 194.424
42.658 206.729
55.497 206.888
67.686 206.834
80.494 206.889
92.697 206.658
105.435 206.975
117.725 206.870
130.353 206.931
142.734 206.634
155.456 206.696
167.644 206.659
180.415 206.904
192.701 206.865
205.356 206.637
217.701 206.872
230.474 206.884
42.680 219.451
55.531 219.566
67.659 219.495
80.494 219.561
92.732 219.536
105.304 219.469
117.540 219.579
130.567 219.535
142.732 219.470
155.454 219.522
167.696 219.413
180.577 219.574
192.597 219.597
205.547 219.499
217.614 219.513
230.470 219.669
55.549 231.651
67.829 231.853
80.383 231.906
92.769 231.903
105.345 231.925
117.790 231.651
130.330 231.728
142.705 232.074
155.423 231.841
167.698 231.822
180.407 231.931
192.670 231.884
205.444 231.878
217.682 231.643
67.638 244.406
80.520 244.821
92.622 244.527
105.544 244.561
117.614 244.506
130.451 244.569
142.646 244.552
155.496 244.535
167.662 244.584
180.497 244.514
192.707 244.548
205.514 244.478
92.721 256.789
105.425 256.834
117.631 256.879
130.373 256.856
142.722 256.969
155.338 256.905
167.722 256.900
180.363 256.865
130.536 269.576
142.623 269.584
