143.269 31.543
155.769 31.543
105.769 44.043
118.269 44.043
130.769 44.043
143.269 44.043
155.769 44.043
168.269 44.043
180.769 44.043
193.269 44.043
80.769 56.543
93.269 56.543
105.769 56.543
118.269 56.543
130.769 56.543
143.269 56.543
155.769 56.543
168.269 56.543
180.769 56.543
193.269 56.543
205.769 56.543
218.269 56.543
68.269 69.043
80.769 69.043
93.269 69.043
105.769 69.043
118.269 69.043
130.769 69.043
143.269 69.043
155.769 69.043
168.269 69.043
180.769 69.043
193.269 69.043
205.769 69.043
218.269 69.043
230.769 69.043
55.769 81.543
68.269 81.543
80.769 81.543
93.269 81.543
105.769 81.543
118.269 81.543
130.769 81.543
143.269 81.543
155.769 81.543
168.269 81.543
180.769 81.543
193.269 81.543
205.769 81.543
218.269 81.543
230.769 81.543
243.269 81.543
55.769 94.043
68.269 94.043
80.769 94.043
93.269 94.043
105.769 94.043
118.269 94.043
130.769 94.043
143.269 94.043
155.769 94.043
168.269 94.043
180.769 94.043
193.269 94.043
205.769 94.043
218.269 94.043
230.769 94.043
243.269 94.043
43.269 106.543
55.769 106.543
68.269 106.543
80.769 106.543
93.269 106.543
105.769 106.543
118.269 106.543
130.769 106.543
143.269 106.543
155.769 106.543
168.269 106.543
180.769 106.543
193.269 106.543
205.769 106.543
218.269 106.543
230.769 106.543
243.269 106.543
255.769 106.543
43.269 119.043
55.769 119.043
68.269 119.043
80.769 119.043
93.269 119.043
105.769 119.043
118.269 119.043
130.769 119.043
143.269 119.043
155.769 119.043
168.269 119.043
180.769 119.043
193.269 119.043
205.769 119.043
218.269 119.043
230.769 119.043
243.269 119.043
255.769 119.043
43.269 131.543
55.769 131.543
68.269 131.543
80.769 131.543
93.269 131.543
105.769 131.543
118.269 131.543
130.769 131.543
143.269 131.543
155.769 131.543
168.269 131.543
180.769 131.543
193.269 131.543
205.769 131.543
218.269 131.543
230.769 131.543
243.269 131.543
255.769 131.543
30.769 144.043
43.269 144.043
55.769 144.043
68.269 144.043
80.769 144.043
93.269 144.043
105.769 144.043
118.269 144.043
130.769 144.043
143.269 144.043
155.769 144.043
168.269 144.043
180.769 144.043
193.269 144.043
205.769 144.043
218.269 144.043
230.769 144.043
243.269 144.043
255.769 144.043
268.269 144.043
30.769 156.543
43.269 156.543
55.769 156.543
68.269 156.543
80.769 156.543
93.269 156.543
105.769 156.543
118.269 156.543
130.769 156.543
143.269 156.543
155.769 156.543
168.269 156.543
180.769 156.543
193.269 156.543
205.769 156.543
218.269 156.543
230.769 156.543
243.269 156.543
255.769 156.543
268.269 156.543
43.269 169.043
55.769 169.043
68.269 169.043
80.769 169.043
93.269 169.043
105.769 169.043
118.269 169.043
130.769 169.043
143.269 169.043
155.769 169.043
168.269 169.043
180.769 169.043
193.269 169.043
205.769 169.043
218.269 169.043
230.769 169.043
243.269 169.043
255.769 169.043
43.269 181.543
55.769 181.543
68.269 181.543
80.769 181.543
93.269 181.543
105.769 181.543
118.269 181.543
130.769 181.543
143.269 181.543
155.769 181.543
168.269 181.543
180.769 181.543
193.269 181.543
205.769 181.543
218.269 181.543
230.769 181.543
243.269 181.543
255.769 181.543
43.269 194.043
55.769 194.043
68.269 194.043
80.769 194.043
93.269 194.043
105.769 194.043
118.269 194.043
130.769 194.043
143.269 194.043
155.769 194.043
168.269 194.043
180.769 194.043
193.269 194.043
205.769 194.043
218.269 194.043
230.769 194.043
243.269 194.043
255.769 194.043
55.769 206.543
68.269 206.543
80.769 206.543
93.269 206.543
105.769 206.543
118.269 206.543
130.769 206.543
143.269 206.543
155.769 206.543
168.269 206.543
180.769 206.543
193.269 206.543
205.769 206.543
218.269 206.543
230.769 206.543
243.269 206.543
55.769 219.043
68.269 219.043
80.769 219.043
93.269 219.043
105.769 219.043
118.269 219.043
130.769 219.043
143.269 219.043
155.769 219.043
168.269 219.043
180.769 219.043
193.269 219.043
205.769 219.043
218.269 219.043
230.769 219.043
243.269 219.043
68.269 231.543
80.769 231.543
93.269 231.543
105.769 231.543
118.269 231.543
130.769 231.543
143.269 231.543
155.769 231.543
168.269 231.543
180.769 231.543
193.269 231.543
205.769 231.543
218.269 231.543
230.769 231.543
80.769 244.043
93.269 244.043
105.769 244.043
118.269 244.043
130.769 244.043
143.269 244.043
155.769 244.043
168.269 244.043
180.769 244.043
193.269 244.043
205.769 244.043
218.269 244.043
105.769 256.543
118.269 256.543
130.769 256.543
143.269 256.543
155.769 256.543
168.269 256.543
180.769 256.543
193.269 256.543
143.269 269.043
155.769 269.043
