155.406 31.537
167.579 31.443
117.666 44.233
130.276 44.190
142.684 44.212
155.416 44.212
167.811 44.182
180.311 44.265
192.690 44.142
205.265 44.145
92.503 56.790
105.446 56.501
117.469 56.457
130.528 56.615
142.615 56.585
155.498 56.572
167.464 56.403
180.403 56.623
192.517 56.705
205.405 56.607
217.597 56.631
230.480 56.542
80.345 69.316
92.773 69.177
105.291 69.225
117.605 69.219
130.305 69.218
142.673 69.248
155.257 69.315
167.676 69.230
180.292 69.289
192.741 69.315
205.308 69.264
217.651 69.279
230.379 69.289
242.720 69.242
67.464 81.706
80.349 81.555
92.571 81.653
105.395 81.601
117.636 81.499
130.401 81.518
142.465 81.617
155.309 81.578
167.664 81.531
180.393 81.550
192.613 81.643
205.406 81.510
217.603 81.444
230.500 81.462
242.475 81.418
255.450 81.518
67.675 94.301
80.307 94.309
92.592 94.344
105.276 94.259
117.628 94.338
130.433 94.491
142.588 94.350
155.251 94.295
167.619 94.249
180.317 94.224
192.639 94.261
205.262 94.217
217.602 94.316
230.407 94.282
242.717 94.345
255.305 94.211
55.401 106.820
67.566 106.622
80.397 106.552
92.584 106.570
105.348 106.629
117.584 106.553
130.324 106.553
142.616 106.615
155.390 106.744
167.518 106.589
180.390 106.704
192.626 106.649
205.442 106.610
217.515 106.665
230.391 106.547
242.457 106.496
255.317 106.826
267.535 106.590
55.234 119.319
67.693 119.482
80.377 119.378
92.599 119.290
105.372 119.451
117.794 119.342
130.297 119.353
142.663 119.375
155.369 119.319
167.592 119.373
180.414 119.457
192.758 119.331
205.356 119.308
217.663 119.327
230.354 119.423
242.616 119.366
255.317 119.496
267.681 119.355
55.371 131.487
67.548 131.629
80.409 131.930
92.615 131.500
105.456 131.919
117.534 131.677
130.480 131.586
142.477 131.567
155.342 131.558
167.660 131.847
180.425 131.500
192.590 131.567
205.331 131.691
217.555 131.596
230.395 131.770
242.651 131.764
255.372 131.515
267.592 131.792
42.656 144.369
55.392 144.389
67.578 144.394
80.381 144.400
92.656 144.438
105.344 144.346
117.619 144.442
130.346 144.470
142.644 144.318
155.270 144.322
167.621 144.349
180.378 144.458
192.516 144.501
205.390 144.319
217.630 144.430
230.308 144.427
242.631 144.331
255.314 144.376
267.553 144.377
280.263 144.447
42.591 156.690
55.339 156.855
67.492 156.672
80.353 156.673
92.571 156.626
105.327 156.754
117.533 156.578
130.430 156.574
142.649 156.835
155.371 156.628
167.645 156.797
180.322 156.886
192.553 156.664
205.377 156.625
217.721 156.599
230.322 156.615
242.604 156.796
255.315 156.613
267.606 156.612
280.406 156.703
55.335 169.461
67.692 169.297
80.358 169.527
92.620 169.333
105.404 169.430
117.657 169.447
130.363 169.426
142.603 169.427
155.302 169.444
167.715 169.372
180.362 169.506
192.640 169.378
205.336 169.491
217.674 169.416
230.401 169.422
242.574 169.426
255.546 169.525
267.480 169.491
55.356 181.800
67.651 181.833
80.313 181.795
92.510 181.644
105.336 181.869
117.641 181.915
130.333 181.672
142.604 181.875
155.333 181.803
167.686 181.588
180.300 181.775
192.645 181.663
205.297 181.656
217.576 181.607
230.348 181.636
242.606 181.667
255.378 181.658
267.558 181.599
55.365 194.434
67.518 194.488
80.440 194.532
92.545 194.514
105.437 194.541
117.637 194.417
130.307 194.491
142.571 194.466
155.384 194.464
167.598 194.293
180.438 194.438
192.594 194.445
205.382 194.469
217.677 194.454
230.318 194.454
242.525 194.391
255.553 194.443
267.675 194.400
67.578 206.705
80.417 206.864
92.606 206.810
105.414 206.865
117.617 206.634
130.355 206.951
142.645 206.846
155.273 206.907
167.654 206.610
180.376 206.672
192.564 206.635
205.335 206.880
217.621 206.841
230.276 206.613
242.621 206.848
255.394 206.860
67.600 219.427
80.451 219.542
92.579 219.471
105.414 219.537
117.652 219.512
130.224 219.445
142.460 219.555
155.487 219.511
167.652 219.446
180.374 219.498
192.616 219.389
205.497 219.550
217.517 219.573
230.467 219.475
242.534 219.489
255.390 219.645
80.469 231.627
92.749 231.829
105.303 231.882
117.689 231.879
130.265 231.901
142.710 231.627
155.250 231.704
167.625 232.050
180.343 231.817
192.618 231.798
205.327 231.907
217.590 231.860
230.364 231.854
242.602 231.619
92.558 244.382
105.440 244.797
117.542 244.503
130.464 244.537
142.534 244.482
155.371 244.545
167.566 244.528
180.416 244.511
192.582 244.560
205.417 244.490
217.627 244.524
230.434 244.454
117.641 256.765
130.345 256.810
142.551 256.855
155.293 256.832
167.642 256.945
180.258 256.881
192.642 256.876
205.283 256.841
155.456 269.552
167.543 269.560
