142.924 31.541
155.097 31.447
105.184 44.237
117.794 44.194
130.202 44.216
142.934 44.216
155.329 44.186
167.829 44.269
180.208 44.146
192.783 44.149
80.021 56.794
92.964 56.505
104.987 56.461
118.046 56.619
130.133 56.589
143.016 56.576
154.982 56.407
167.921 56.627
180.035 56.709
192.923 56.611
205.115 56.635
217.998 56.546
67.863 69.320
80.291 69.181
92.809 69.229
105.123 69.223
117.823 69.222
130.191 69.252
142.775 69.319
155.194 69.234
167.810 69.293
180.259 69.319
192.826 69.268
205.169 69.283
217.897 69.293
230.238 69.246
54.982 81.710
67.867 81.559
80.089 81.657
92.913 81.605
105.154 81.503
117.919 81.522
129.983 81.621
142.827 81.582
155.182 81.535
167.911 81.554
180.131 81.647
192.924 81.514
205.121 81.448
218.018 81.466
229.993 81.422
242.968 81.522
55.193 94.305
67.825 94.313
80.110 94.348
92.794 94.263
105.146 94.342
117.951 94.495
130.106 94.354
142.769 94.299
155.137 94.253
167.835 94.228
180.157 94.265
192.780 94.221
205.120 94.320
217.925 94.286
230.235 94.349
242.823 94.215
42.919 106.824
55.084 106.626
67.915 106.556
80.102 106.574
92.866 106.633
105.102 106.557
117.842 106.557
130.134 106.619
142.908 106.748
155.036 106.593
167.908 106.708
180.144 106.653
192.960 106.614
205.033 106.669
217.909 106.551
229.975 106.500
242.835 106.830
255.053 106.594
42.752 119.323
55.211 119.486
67.895 119.382
80.117 119.294
92.890 119.455
105.312 119.346
117.815 119.357
130.181 119.379
142.887 119.323
155.110 119.377
167.932 119.461
180.276 119.335
192.874 119.312
205.181 119.331
217.872 119.427
230.134 119.370
242.835 119.500
255.199 119.359
42.889 131.491
55.066 131.633
67.927 131.934
80.133 131.504
92.974 131.923
105.052 131.681
117.998 131.590
129.995 131.571
142.860 131.562
155.178 131.851
167.943 131.504
180.108 131.571
192.849 131.695
205.073 131.600
217.913 131.774
230.169 131.768
242.890 131.519
255.110 131.796
30.174 144.373
42.910 144.393
55.096 144.398
67.899 144.404
80.174 144.442
92.862 144.350
105.137 144.446
117.864 144.474
130.162 144.322
142.788 144.326
155.139 144.353
167.896 144.462
180.034 144.505
192.908 144.323
205.148 144.434
217.826 144.431
230.149 144.335
242.832 144.380
255.071 144.381
267.781 144.451
30.109 156.694
42.857 156.859
55.010 156.676
67.871 156.677
80.089 156.630
92.845 156.758
105.051 156.582
117.948 156.578
130.167 156.839
142.889 156.632
155.163 156.801
167.840 156.890
180.071 156.668
192.895 156.629
205.239 156.603
217.840 156.619
230.122 156.800
242.833 156.617
255.124 156.616
267.924 156.707
42.853 169.465
55.210 169.301
67.876 169.531
80.138 169.337
92.922 169.434
105.175 169.451
117.881 169.430
130.121 169.431
142.820 169.448
155.233 169.376
167.880 169.510
180.158 169.382
192.854 169.495
205.192 169.420
217.919 169.426
230.092 169.430
243.064 169.529
254.998 169.495
42.874 181.804
55.169 181.837
67.831 181.799
80.028 181.648
92.854 181.873
105.159 181.919
117.851 181.676
130.122 181.879
142.851 181.807
155.204 181.592
167.818 181.779
180.163 181.667
192.815 181.660
205.094 181.611
217.866 181.640
230.124 181.671
242.896 181.662
255.076 181.603
42.883 194.438
55.036 194.492
67.958 194.536
80.063 194.518
92.955 194.545
105.155 194.421
117.825 194.495
130.089 194.470
142.902 194.468
155.116 194.297
167.956 194.442
180.112 194.449
192.900 194.473
205.195 194.458
217.836 194.458
230.043 194.395
243.071 194.447
255.193 194.404
55.096 206.709
67.935 206.868
80.124 206.814
92.932 206.869
105.135 206.638
117.873 206.955
130.163 206.850
142.791 206.911
155.172 206.614
167.894 206.676
180.082 206.639
192.853 206.884
205.139 206.845
217.794 206.617
230.139 206.852
242.912 206.864
55.118 219.431
67.969 219.546
80.097 219.475
92.932 219.541
105.170 219.516
117.742 219.449
129.978 219.559
143.005 219.515
155.170 219.450
167.892 219.502
180.134 219.393
193.015 219.554
205.035 219.577
217.985 219.479
230.052 219.493
242.908 219.649
67.987 231.631
80.267 231.833
92.821 231.886
105.207 231.883
117.783 231.905
130.228 231.631
142.768 231.708
155.143 232.054
167.861 231.821
180.136 231.802
192.845 231.911
205.108 231.864
217.882 231.858
230.120 231.623
80.076 244.386
92.958 244.801
105.060 244.507
117.982 244.541
130.052 244.486
142.889 244.549
155.084 244.532
167.934 244.515
180.100 244.564
192.935 244.494
205.145 244.528
217.952 244.458
105.159 256.769
117.863 256.814
130.069 256.859
142.811 256.836
155.160 256.949
167.776 256.885
180.160 256.880
192.801 256.845
142.974 269.556
155.061 269.564
