132.885 46.227
145.058 46.133
95.145 58.923
107.755 58.880
120.163 58.902
132.895 58.902
145.290 58.872
157.790 58.955
170.169 58.832
182.744 58.835
69.982 71.480
82.925 71.191
94.948 71.147
108.007 71.305
120.094 71.275
132.977 71.262
144.943 71.093
157.882 71.313
169.996 71.395
182.884 71.297
195.076 71.321
207.959 71.232
57.824 84.006
70.252 83.867
82.770 83.915
95.084 83.909
107.784 83.908
120.152 83.938
132.736 84.005
145.155 83.920
157.771 83.979
170.220 84.005
182.787 83.954
195.130 83.969
207.858 83.979
220.199 83.932
44.943 96.396
57.828 96.245
70.050 96.343
82.874 96.291
95.115 96.189
107.880 96.208
119.944 96.307
132.788 96.268
145.143 96.221
157.872 96.240
170.092 96.333
182.885 96.200
195.082 96.134
207.979 96.152
219.954 96.108
232.929 96.208
45.154 108.991
57.786 108.999
70.071 109.034
82.755 108.949
95.107 109.028
107.912 109.181
120.067 109.040
132.730 108.985
145.098 108.939
157.796 108.914
170.118 108.951
182.741 108.907
195.081 109.006
207.886 108.972
220.196 109.035
232.784 108.901
32.880 121.510
45.045 121.312
57.876 121.242
70.063 121.260
82.827 121.319
95.063 121.243
107.803 121.243
120.095 121.305
132.869 121.434
144.997 121.279
157.869 121.394
170.105 121.339
182.921 121.300
194.994 121.355
207.870 121.237
219.936 121.186
232.796 121.516
245.014 121.280
32.713 134.009
45.172 134.172
57.856 134.068
70.078 133.980
82.851 134.141
95.273 134.032
107.776 134.043
120.142 134.065
132.848 134.009
145.071 134.063
157.893 134.147
170.237 134.021
182.835 133.998
195.142 134.017
207.833 134.113
220.095 134.056
232.796 134.186
245.160 134.045
32.850 146.177
45.027 146.319
57.888 146.620
70.094 146.190
82.935 146.609
95.013 146.367
107.959 146.276
119.956 146.257
132.821 146.248
145.139 146.537
157.904 146.190
170.069 146.257
182.810 146.381
195.034 146.286
207.874 146.460
220.130 146.454
232.851 146.205
245.071 146.482
20.135 159.059
32.871 159.079
45.057 159.084
57.860 159.090
70.135 159.128
82.823 159.036
95.098 159.132
107.825 159.160
120.123 159.008
132.749 159.012
145.100 159.039
157.857 159.148
169.995 159.191
182.869 159.009
195.109 159.120
207.787 159.117
220.110 159.021
232.793 159.066
245.032 159.067
257.742 159.137
20.070 171.380
32.818 171.545
44.971 171.362
57.832 171.363
70.050 171.316
82.806 171.444
95.012 171.268
107.909 171.264
120.128 171.525
132.850 171.318
145.124 171.487
157.801 171.576
170.032 171.354
182.856 171.315
195.200 171.289
207.801 171.305
220.083 171.486
232.794 171.303
245.085 171.302
257.885 171.393
32.814 184.151
45.171 183.987
57.837 184.217
70.099 184.023
82.883 184.120
95.136 184.137
107.842 184.116
120.082 184.117
132.781 184.134
145.194 184.062
157.841 184.196
170.119 184.068
182.815 184.181
195.153 184.106
207.880 184.112
220.053 184.116
233.025 184.215
244.959 184.181
32.835 196.490
45.130 196.523
57.792 196.485
69.989 196.334
82.815 196.559
95.120 196.605
107.812 196.362
120.083 196.565
132.812 196.493
145.165 196.278
157.779 196.465
170.124 196.353
182.776 196.346
195.055 196.297
207.827 196.326
220.085 196.357
232.857 196.348
245.037 196.289
32.844 209.124
44.997 209.178
57.919 209.222
70.024 209.204
82.916 209.231
95.116 209.107
107.786 209.181
120.050 209.156
132.863 209.154
145.077 208.983
157.917 209.128
170.073 209.135
182.861 209.159
195.156 209.144
207.797 209.144
220.004 209.081
233.032 209.133
245.154 209.090
45.057 221.395
57.896 221.554
70.085 221.500
82.893 221.555
95.096 221.324
107.834 221.641
120.124 221.536
132.752 221.597
145.133 221.300
157.855 221.362
170.043 221.325
182.814 221.570
195.100 221.531
207.755 221.303
220.100 221.538
232.873 221.550
45.079 234.117
57.930 234.232
70.058 234.161
82.893 234.227
95.131 234.202
107.703 234.135
119.939 234.245
132.966 234.201
145.131 234.136
157.853 234.188
170.095 234.079
182.976 234.240
194.996 234.263
207.946 234.165
220.013 234.179
232.869 234.335
57.948 246.317
70.228 246.519
82.782 246.572
95.168 246.569
107.744 246.591
120.189 246.317
132.729 246.394
145.104 246.740
157.822 246.507
170.097 246.488
182.806 246.597
195.069 246.550
207.843 246.544
220.081 246.309
70.037 259.072
82.919 259.487
95.021 259.193
107.943 259.227
120.013 259.172
132.850 259.235
145.045 259.218
157.895 259.201
170.061 259.250
182.896 259.180
195.106 259.214
207.913 259.144
95.120 271.455
107.824 271.500
120.030 271.545
132.772 271.522
145.121 271.635
157.737 271.571
170.121 271.566
182.762 271.531
132.935 284.242
145.022 284.250
