144.677 30.304
156.850 30.210
106.937 43.000
119.547 42.957
131.955 42.979
144.687 42.979
157.082 42.949
169.582 43.032
181.961 42.909
194.536 42.912
81.774 55.557
94.717 55.268
106.740 55.224
119.799 55.382
131.886 55.352
144.769 55.339
156.735 55.170
169.674 55.390
181.788 55.472
194.676 55.374
206.868 55.398
219.751 55.309
69.616 68.083
82.044 67.944
94.562 67.992
106.876 67.986
119.576 67.985
131.944 68.015
144.528 68.082
156.947 67.997
169.563 68.056
182.012 68.082
194.579 68.031
206.922 68.046
219.650 68.056
231.991 68.009
56.735 80.473
69.620 80.322
81.842 80.420
94.666 80.368
106.907 80.266
119.672 80.285
131.736 80.384
144.580 80.345
156.935 80.298
169.664 80.317
181.884 80.410
194.677 80.277
206.874 80.211
219.771 80.229
231.746 80.185
244.721 80.285
56.946 93.068
69.578 93.076
81.863 93.111
94.547 93.026
106.899 93.105
119.704 93.258
131.859 93.117
144.522 93.062
156.890 93.016
169.588 92.991
181.910 93.028
194.533 92.984
206.873 93.083
219.678 93.049
231.988 93.112
244.576 92.978
44.672 105.587
56.837 105.389
69.668 105.319
81.855 105.337
94.619 105.396
106.855 105.320
119.595 105.320
131.887 105.382
144.661 105.511
156.789 105.356
169.661 105.471
181.897 105.416
194.713 105.377
206.786 105.432
219.662 105.314
231.728 105.263
244.588 105.593
256.806 105.357
44.505 118.086
56.964 118.249
69.648 118.145
81.870 118.057
94.643 118.218
107.065 118.109
119.568 118.120
131.934 118.142
144.640 118.086
156.863 118.140
169.685 118.224
182.029 118.098
194.627 118.075
206.934 118.094
219.625 118.190
231.887 118.133
244.588 118.263
256.952 118.122
44.642 130.254
56.819 130.396
69.680 130.697
81.886 130.267
94.727 130.686
106.805 130.444
119.751 130.353
131.748 130.334
144.613 130.325
156.931 130.614
169.696 130.267
181.861 130.334
194.602 130.458
206.826 130.363
219.666 130.537
231.922 130.531
244.643 130.282
256.863 130.559
31.927 143.136
44.663 143.156
56.849 143.161
69.652 143.167
81.927 143.205
94.615 143.113
106.890 143.209
119.617 143.237
131.915 143.085
144.541 143.089
156.892 143.116
169.649 143.225
181.787 143.268
194.661 143.086
206.901 143.197
219.579 143.194
231.902 143.098
244.585 143.143
256.824 143.144
269.534 143.214
31.862 155.457
44.610 155.622
56.763 155.439
69.624 155.440
81.842 155.393
94.598 155.521
106.804 155.345
119.701 155.341
131.920 155.602
144.642 155.395
156.916 155.564
169.593 155.653
181.824 155.431
194.648 155.392
206.992 155.366
219.593 155.382
231.875 155.563
244.586 155.380
256.877 155.379
269.677 155.470
44.606 168.228
56.963 168.064
69.629 168.294
81.891 168.100
94.675 168.197
106.928 168.214
119.634 168.193
131.874 168.194
144.573 168.211
156.986 168.139
169.633 168.273
181.911 168.145
194.607 168.258
206.945 168.183
219.672 168.189
231.845 168.193
244.817 168.292
256.751 168.258
44.627 180.567
56.922 180.600
69.584 180.562
81.781 180.411
94.607 180.636
106.912 180.682
119.604 180.439
131.875 180.642
144.604 180.570
156.957 180.355
169.571 180.542
181.916 180.430
194.568 180.423
206.847 180.374
219.619 180.403
231.877 180.434
244.649 180.425
256.829 180.366
44.636 193.201
56.789 193.255
69.711 193.299
81.816 193.281
94.708 193.308
106.908 193.184
119.578 193.258
131.842 193.233
144.655 193.231
156.869 193.060
169.709 193.205
181.865 193.212
194.653 193.236
206.948 193.221
219.589 193.221
231.796 193.158
244.824 193.210
256.946 193.167
56.849 205.472
69.688 205.631
81.877 205.577
94.685 205.632
106.888 205.401
119.626 205.718
131.916 205.613
144.544 205.674
156.925 205.377
169.647 205.439
181.835 205.402
194.606 205.647
206.892 205.608
219.547 205.380
231.892 205.615
244.665 205.627
56.871 218.194
69.722 218.309
81.850 218.238
94.685 218.304
106.923 218.279
119.495 218.212
131.731 218.322
144.758 218.278
156.923 218.213
169.645 218.265
181.887 218.156
194.768 218.317
206.788 218.340
219.738 218.242
231.805 218.256
244.661 218.412
69.740 230.394
82.020 230.596
94.574 230.649
106.960 230.646
119.536 230.668
131.981 230.394
144.521 230.471
156.896 230.817
169.614 230.584
181.889 230.565
194.598 230.674
206.861 230.627
219.635 230.621
231.873 230.386
81.829 243.149
94.711 243.564
106.813 243.270
119.735 243.304
131.805 243.249
144.642 243.312
156.837 243.295
169.687 243.278
181.853 243.327
194.688 243.257
206.898 243.291
219.705 243.221
106.912 255.532
119.616 255.577
131.822 255.622
144.564 255.599
156.913 255.712
169.529 255.648
181.913 255.643
194.554 255.608
144.727 268.319
156.814 268.327
