143.129 29.656
155.302 29.562
105.389 42.352
117.999 42.309
130.407 42.331
143.139 42.331
155.534 42.301
168.034 42.384
180.413 42.261
192.988 42.264
80.226 54.909
93.169 54.620
105.192 54.576
118.251 54.734
130.338 54.704
143.221 54.691
155.187 54.522
168.126 54.742
180.240 54.824
193.128 54.726
205.320 54.750
218.203 54.661
68.068 67.435
80.496 67.296
93.014 67.344
105.328 67.338
118.028 67.337
130.396 67.367
142.980 67.434
155.399 67.349
168.015 67.408
180.464 67.434
193.031 67.383
205.374 67.398
218.102 67.408
230.443 67.361
55.187 79.825
68.072 79.674
80.294 79.772
93.118 79.720
105.359 79.618
118.124 79.637
130.188 79.736
143.032 79.697
155.387 79.650
168.116 79.669
180.336 79.762
193.129 79.629
205.326 79.563
218.223 79.581
230.198 79.537
243.173 79.637
55.398 92.420
68.030 92.428
80.315 92.463
92.999 92.378
105.351 92.457
118.156 92.610
130.311 92.469
142.974 92.414
155.342 92.368
168.040 92.343
180.362 92.380
192.985 92.336
205.325 92.435
218.130 92.401
230.440 92.464
243.028 92.330
43.124 104.939
55.289 104.741
68.120 104.671
80.307 104.689
93.071 104.748
105.307 104.672
118.047 104.672
130.339 104.734
143.113 104.863
155.241 104.708
168.113 104.823
180.349 104.768
193.165 104.729
205.238 104.784
218.114 104.666
230.180 104.615
243.040 104.945
255.258 104.709
42.957 117.438
55.416 117.601
68.100 117.497
80.322 117.409
93.095 117.570
105.517 117.461
118.020 117.472
130.386 117.494
143.092 117.438
155.315 117.492
168.137 117.576
180.481 117.450
193.079 117.427
205.386 117.446
218.077 117.542
230.339 117.485
243.040 117.615
255.404 117.474
43.094 129.606
55.271 129.748
68.132 130.049
80.338 129.619
93.179 130.038
105.257 129.796
118.203 129.705
130.200 129.686
143.065 129.677
155.383 129.966
168.148 129.619
180.313 129.686
193.054 129.810
205.278 129.715
218.118 129.889
230.374 129.883
243.095 129.634
255.315 129.911
30.379 142.488
43.115 142.508
55.301 142.513
68.104 142.519
80.379 142.557
93.067 142.465
105.342 142.561
118.069 142.589
130.367 142.437
142.993 142.441
155.344 142.468
168.101 142.577
180.239 142.620
193.113 142.438
205.353 142.549
218.031 142.546
230.354 142.450
243.037 142.495
255.276 142.496
267.986 142.566
30.314 154.809
43.062 154.974
55.215 154.791
68.076 154.792
80.294 154.745
93.050 154.873
105.256 154.697
118.153 154.693
130.372 154.954
143.094 154.747
155.368 154.916
168.045 155.005
180.276 154.783
193.100 154.744
205.444 154.718
218.045 154.734
230.327 154.915
243.038 154.732
255.329 154.731
268.129 154.822
43.058 167.580
55.415 167.416
68.081 167.646
80.343 167.452
93.127 167.549
105.380 167.566
118.086 167.545
130.326 167.546
143.025 167.563
155.438 167.491
168.085 167.625
180.363 167.497
193.059 167.610
205.397 167.535
218.124 167.541
230.297 167.545
243.269 167.644
255.203 167.610
43.079 179.919
55.374 179.952
68.036 179.914
80.233 179.763
93.059 179.988
105.364 180.034
118.056 179.791
130.327 179.994
143.056 179.922
155.409 179.707
168.023 179.894
180.368 179.782
193.020 179.775
205.299 179.726
218.071 179.755
230.329 179.786
243.101 179.777
255.281 179.718
43.088 192.553
55.241 192.607
68.163 192.651
80.268 192.633
93.160 192.660
105.360 192.536
118.030 192.610
130.294 192.585
143.107 192.583
155.321 192.412
168.161 192.557
180.317 192.564
193.105 192.588
205.400 192.573
218.041 192.573
230.248 192.510
243.276 192.562
255.398 192.519
55.301 204.824
68.140 204.983
80.329 204.929
93.137 204.984
105.340 204.753
118.078 205.070
130.368 204.965
142.996 205.026
155.377 204.729
168.099 204.791
180.287 204.754
193.058 204.999
205.344 204.960
217.999 204.732
230.344 204.967
243.117 204.979
55.323 217.546
68.174 217.661
80.302 217.590
93.137 217.656
105.375 217.631
117.947 217.564
130.183 217.674
143.210 217.630
155.375 217.565
168.097 217.617
180.339 217.508
193.220 217.669
205.240 217.692
218.190 217.594
230.257 217.608
243.113 217.764
68.192 229.746
80.472 229.948
93.026 230.001
105.412 229.998
117.988 230.020
130.433 229.746
142.973 229.823
155.348 230.169
168.066 229.936
180.341 229.917
193.050 230.026
205.313 229.979
218.087 229.973
230.325 229.738
80.281 242.501
93.163 242.916
105.265 242.622
118.187 242.656
130.257 242.601
143.094 242.664
155.289 242.647
168.139 242.630
180.305 242.679
193.140 242.609
205.350 242.643
218.157 242.573
105.364 254.884
118.068 254.929
130.274 254.974
143.016 254.951
155.365 255.064
167.981 255.000
180.365 254.995
193.006 254.960
143.179 267.671
155.266 267.679
