145.416 30.527
157.589 30.433
107.676 43.223
120.286 43.180
132.694 43.202
145.426 43.202
157.821 43.172
170.321 43.255
182.700 43.132
195.275 43.135
82.513 55.780
95.456 55.491
107.479 55.447
120.538 55.605
132.625 55.575
145.508 55.562
157.474 55.393
170.413 55.613
182.527 55.695
195.415 55.597
207.607 55.621
220.490 55.532
70.355 68.306
82.783 68.167
95.301 68.215
107.615 68.209
120.315 68.208
132.683 68.238
145.267 68.305
157.686 68.220
170.302 68.279
182.751 68.305
195.318 68.254
207.661 68.269
220.389 68.279
232.730 68.232
57.474 80.696
70.359 80.545
82.581 80.643
95.405 80.591
107.646 80.489
120.411 80.508
132.475 80.607
145.319 80.568
157.674 80.521
170.403 80.540
182.623 80.633
195.416 80.500
207.613 80.434
220.510 80.452
232.485 80.408
245.460 80.508
57.685 93.291
70.317 93.299
82.602 93.334
95.286 93.249
107.638 93.328
120.443 93.481
132.598 93.340
145.261 93.285
157.629 93.239
170.327 93.214
182.649 93.251
195.272 93.207
207.612 93.306
220.417 93.272
232.727 93.335
245.315 93.201
45.411 105.810
57.576 105.612
70.407 105.542
82.594 105.560
95.358 105.619
107.594 105.543
120.334 105.543
132.626 105.605
145.400 105.734
157.528 105.579
170.400 105.694
182.636 105.639
195.452 105.600
207.525 105.655
220.401 105.537
232.467 105.486
245.327 105.816
257.545 105.580
45.244 118.309
57.703 118.472
70.387 118.368
82.609 118.280
95.382 118.441
107.804 118.332
120.307 118.343
132.673 118.365
145.379 118.309
157.602 118.363
170.424 118.447
182.768 118.321
195.366 118.298
207.673 118.317
220.364 118.413
232.626 118.356
245.327 118.486
257.691 118.345
45.381 130.477
57.558 130.619
70.419 130.920
82.625 130.490
95.466 130.909
107.544 130.667
120.490 130.576
132.487 130.557
145.352 130.548
157.670 130.837
170.435 130.490
182.600 130.557
195.341 130.681
207.565 130.586
220.405 130.760
232.661 130.754
245.382 130.505
257.602 130.782
32.666 143.359
45.402 143.379
57.588 143.384
70.391 143.390
82.666 143.428
95.354 143.336
107.629 143.432
120.356 143.460
132.654 143.308
145.280 143.312
157.631 143.339
170.388 143.448
182.526 143.491
195.400 143.309
207.640 143.420
220.318 143.417
232.641 143.321
245.324 143.366
257.563 143.367
270.273 143.437
32.601 155.680
45.349 155.845
57.502 155.662
70.363 155.663
82.581 155.616
95.337 155.744
107.543 155.568
120.440 155.564
132.659 155.825
145.381 155.618
157.655 155.787
170.332 155.876
182.563 155.654
195.387 155.615
207.731 155.589
220.332 155.605
232.614 155.786
245.325 155.603
257.616 155.602
270.416 155.693
45.345 168.451
57.702 168.287
70.368 168.517
82.630 168.323
95.414 168.420
107.667 168.437
120.373 168.416
132.613 168.417
145.312 168.434
157.725 168.362
170.372 168.496
182.650 168.368
195.346 168.481
207.684 168.406
220.411 168.412
232.584 168.416
245.556 168.515
257.490 168.481
45.366 180.790
57.661 180.823
70.323 180.785
82.520 180.634
95.346 180.859
107.651 180.905
120.343 180.662
132.614 180.865
145.343 180.793
157.696 180.578
170.310 180.765
182.655 180.653
195.307 180.646
207.586 180.597
220.358 180.626
232.616 180.657
245.388 180.648
257.568 180.589
45.375 193.424
57.528 193.478
70.450 193.522
82.555 193.504
95.447 193.531
107.647 193.407
120.317 193.481
132.581 193.456
145.394 193.454
157.608 193.283
170.448 193.428
182.604 193.435
195.392 193.459
207.687 193.444
220.328 193.444
232.535 193.381
245.563 193.433
257.685 193.390
57.588 205.695
70.427 205.854
82.616 205.800
95.424 205.855
107.627 205.624
120.365 205.941
132.655 205.836
145.283 205.897
157.664 205.600
170.386 205.662
182.574 205.625
195.345 205.870
207.631 205.831
220.286 205.603
232.631 205.838
245.404 205.850
57.610 218.417
70.461 218.532
82.589 218.461
95.424 218.527
107.662 218.502
120.234 218.435
132.470 218.545
145.497 218.501
157.662 218.436
170.384 218.488
182.626 218.379
195.507 218.540
207.527 218.563
220.477 218.465
232.544 218.479
245.400 218.635
70.479 230.617
82.759 230.819
95.313 230.872
107.699 230.869
120.275 230.891
132.720 230.617
145.260 230.694
157.635 231.040
170.353 230.807
182.628 230.788
195.337 230.897
207.600 230.850
220.374 230.844
232.612 230.609
82.568 243.372
95.450 243.787
107.552 243.493
120.474 243.527
132.544 243.472
145.381 243.535
157.576 243.518
170.426 243.501
182.592 243.550
195.427 243.480
207.637 243.514
220.444 243.444
107.651 255.755
120.355 255.800
132.561 255.845
145.303 255.822
157.652 255.935
170.268 255.871
182.652 255.866
195.293 255.831
145.466 268.542
157.553 268.550
