155.224 31.531
167.397 31.437
117.484 44.227
130.094 44.184
142.502 44.206
155.234 44.206
167.629 44.176
180.129 44.259
192.508 44.136
205.083 44.139
92.321 56.784
105.264 56.495
117.287 56.451
130.346 56.609
142.433 56.579
155.316 56.566
167.282 56.397
180.221 56.617
192.335 56.699
205.223 56.601
217.415 56.625
230.298 56.536
80.163 69.310
92.591 69.171
105.109 69.219
117.423 69.213
130.123 69.212
142.491 69.242
155.075 69.309
167.494 69.224
180.110 69.283
192.559 69.309
205.126 69.258
217.469 69.273
230.197 69.283
242.538 69.236
67.282 81.700
80.167 81.549
92.389 81.647
105.213 81.595
117.454 81.493
130.219 81.512
142.283 81.611
155.127 81.572
167.482 81.525
180.211 81.544
192.431 81.637
205.224 81.504
217.421 81.438
230.318 81.456
242.293 81.412
255.268 81.512
67.493 94.295
80.125 94.303
92.410 94.338
105.094 94.253
117.446 94.332
130.251 94.485
142.406 94.344
155.069 94.289
167.437 94.243
180.135 94.218
192.457 94.255
205.080 94.211
217.420 94.310
230.225 94.276
242.535 94.339
255.123 94.205
55.219 106.814
67.384 106.616
80.215 106.546
92.402 106.564
105.166 106.623
117.402 106.547
130.142 106.547
142.434 106.609
155.208 106.738
167.336 106.583
180.208 106.698
192.444 106.643
205.260 106.604
217.333 106.659
230.209 106.541
242.275 106.490
255.135 106.820
267.353 106.584
55.052 119.313
67.511 119.476
80.195 119.372
92.417 119.284
105.190 119.445
117.612 119.336
130.115 119.347
142.481 119.369
155.187 119.313
167.410 119.367
180.232 119.451
192.576 119.325
205.174 119.302
217.481 119.321
230.172 119.417
242.434 119.360
255.135 119.490
267.499 119.349
55.189 131.481
67.366 131.623
80.227 131.924
92.433 131.494
105.274 131.913
117.352 131.671
130.298 131.580
142.295 131.561
155.160 131.552
167.478 131.841
180.243 131.494
192.408 131.561
205.149 131.685
217.373 131.590
230.213 131.764
242.469 131.758
255.190 131.509
267.410 131.786
42.474 144.363
55.210 144.383
67.396 144.388
80.199 144.394
92.474 144.432
105.162 144.340
117.437 144.436
130.164 144.464
142.462 144.312
155.088 144.316
167.439 144.343
180.196 144.452
192.334 144.495
205.208 144.313
217.448 144.424
230.126 144.421
242.449 144.325
255.132 144.370
267.371 144.371
280.081 144.441
42.409 156.684
55.157 156.849
67.310 156.666
80.171 156.667
92.389 156.620
105.145 156.748
117.351 156.572
130.248 156.568
142.467 156.829
155.189 156.622
167.463 156.791
180.140 156.880
192.371 156.658
205.195 156.619
217.539 156.593
230.140 156.609
242.422 156.790
255.133 156.607
267.424 156.606
280.224 156.697
55.153 169.455
67.510 169.291
80.176 169.521
92.438 169.327
105.222 169.424
117.475 169.441
130.181 169.420
142.421 169.421
155.120 169.438
167.533 169.366
180.180 169.500
192.458 169.372
205.154 169.485
217.492 169.410
230.219 169.416
242.392 169.420
255.364 169.519
267.298 169.485
55.174 181.794
67.469 181.827
80.131 181.789
92.328 181.638
105.154 181.863
117.459 181.909
130.151 181.666
142.422 181.869
155.151 181.797
167.504 181.582
180.118 181.769
192.463 181.657
205.115 181.650
217.394 181.601
230.166 181.630
242.424 181.661
255.196 181.652
267.376 181.593
55.183 194.428
67.336 194.482
80.258 194.526
92.363 194.508
105.255 194.535
117.455 194.411
130.125 194.485
142.389 194.460
155.202 194.458
167.416 194.287
180.256 194.432
192.412 194.439
205.200 194.463
217.495 194.448
230.136 194.448
242.343 194.385
255.371 194.437
267.493 194.394
67.396 206.699
80.235 206.858
92.424 206.804
105.232 206.859
117.435 206.628
130.173 206.945
142.463 206.840
155.091 206.901
167.472 206.604
180.194 206.666
192.382 206.629
205.153 206.874
217.439 206.835
230.094 206.607
242.439 206.842
255.212 206.854
67.418 219.421
80.269 219.536
92.397 219.465
105.232 219.531
117.470 219.506
130.042 219.439
142.278 219.549
155.305 219.505
167.470 219.440
180.192 219.492
192.434 219.383
205.315 219.544
217.335 219.567
230.285 219.469
242.352 219.483
255.208 219.639
80.287 231.621
92.567 231.823
105.121 231.876
117.507 231.873
130.083 231.895
142.528 231.621
155.068 231.698
167.443 232.044
180.161 231.811
192.436 231.792
205.145 231.901
217.408 231.854
230.182 231.848
242.420 231.613
92.376 244.376
105.258 244.791
117.360 244.497
130.282 244.531
142.352 244.476
155.189 244.539
167.384 244.522
180.234 244.505
192.400 244.554
205.235 244.484
217.445 244.518
230.252 244.448
117.459 256.759
130.163 256.804
142.369 256.849
155.111 256.826
167.460 256.939
180.076 256.875
192.460 256.870
205.101 256.835
155.274 269.546
167.361 269.554
