145.026 31.952
157.526 31.952
107.526 44.452
120.026 44.452
132.526 44.452
145.026 44.452
157.526 44.452
170.026 44.452
182.526 44.452
195.026 44.452
82.526 56.952
95.026 56.952
107.526 56.952
120.026 56.952
132.526 56.952
145.026 56.952
157.526 56.952
170.026 56.952
182.526 56.952
195.026 56.952
207.526 56.952
220.026 56.952
70.026 69.452
82.526 69.452
95.026 69.452
107.526 69.452
120.026 69.452
132.526 69.452
145.026 69.452
157.526 69.452
170.026 69.452
182.526 69.452
195.026 69.452
207.526 69.452
220.026 69.452
232.526 69.452
57.526 81.952
70.026 81.952
82.526 81.952
95.026 81.952
107.526 81.952
120.026 81.952
132.526 81.952
145.026 81.952
157.526 81.952
170.026 81.952
182.526 81.952
195.026 81.952
207.526 81.952
220.026 81.952
232.526 81.952
245.026 81.952
57.526 94.452
70.026 94.452
82.526 94.452
95.026 94.452
107.526 94.452
120.026 94.452
132.526 94.452
145.026 94.452
157.526 94.452
170.026 94.452
182.526 94.452
195.026 94.452
207.526 94.452
220.026 94.452
232.526 94.452
245.026 94.452
45.026 106.952
57.526 106.952
70.026 106.952
82.526 106.952
95.026 106.952
107.526 106.952
120.026 106.952
132.526 106.952
145.026 106.952
157.526 106.952
170.026 106.952
182.526 106.952
195.026 106.952
207.526 106.952
220.026 106.952
232.526 106.952
245.026 106.952
257.526 106.952
45.026 119.452
57.526 119.452
70.026 119.452
82.526 119.452
95.026 119.452
107.526 119.452
120.026 119.452
132.526 119.452
145.026 119.452
157.526 119.452
170.026 119.452
182.526 119.452
195.026 119.452
207.526 119.452
220.026 119.452
232.526 119.452
245.026 119.452
257.526 119.452
45.026 131.952
57.526 131.952
70.026 131.952
82.526 131.952
95.026 131.952
107.526 131.952
120.026 131.952
132.526 131.952
145.026 131.952
157.526 131.952
170.026 131.952
182.526 131.952
195.026 131.952
207.526 131.952
220.026 131.952
232.526 131.952
245.026 131.952
257.526 131.952
32.526 144.452
45.026 144.452
57.526 144.452
70.026 144.452
82.526 144.452
95.026 144.452
107.526 144.452
120.026 144.452
132.526 144.452
145.026 144.452
157.526 144.452
170.026 144.452
182.526 144.452
195.026 144.452
207.526 144.452
220.026 144.452
232.526 144.452
245.026 144.452
257.526 144.452
270.026 144.452
32.526 156.952
45.026 156.952
57.526 156.952
70.026 156.952
82.526 156.952
95.026 156.952
107.526 156.952
120.026 156.952
132.526 156.952
145.026 156.952
157.526 156.952
170.026 156.952
182.526 156.952
195.026 156.952
207.526 156.952
220.026 156.952
232.526 156.952
245.026 156.952
257.526 156.952
270.026 156.952
45.026 169.452
57.526 169.452
70.026 169.452
82.526 169.452
95.026 169.452
107.526 169.452
120.026 169.452
132.526 169.452
145.026 169.452
157.526 169.452
170.026 169.452
182.526 169.452
195.026 169.452
207.526 169.452
220.026 169.452
232.526 169.452
245.026 169.452
257.526 169.452
45.026 181.952
57.526 181.952
70.026 181.952
82.526 181.952
95.026 181.952
107.526 181.952
120.026 181.952
132.526 181.952
145.026 181.952
157.526 181.952
170.026 181.952
182.526 181.952
195.026 181.952
207.526 181.952
220.026 181.952
232.526 181.952
245.026 181.952
257.526 181.952
45.026 194.452
57.526 194.452
70.026 194.452
82.526 194.452
95.026 194.452
107.526 194.452
120.026 194.452
132.526 194.452
145.026 194.452
157.526 194.452
170.026 194.452
182.526 194.452
195.026 194.452
207.526 194.452
220.026 194.452
232.526 194.452
245.026 194.452
257.526 194.452
57.526 206.952
70.026 206.952
82.526 206.952
95.026 206.952
107.526 206.952
120.026 206.952
132.526 206.952
145.026 206.952
157.526 206.952
170.026 206.952
182.526 206.952
195.026 206.952
207.526 206.952
220.026 206.952
232.526 206.952
245.026 206.952
57.526 219.452
70.026 219.452
82.526 219.452
95.026 219.452
107.526 219.452
120.026 219.452
132.526 219.452
145.026 219.452
157.526 219.452
170.026 219.452
182.526 219.452
195.026 219.452
207.526 219.452
220.026 219.452
232.526 219.452
245.026 219.452
70.026 231.952
82.526 231.952
95.026 231.952
107.526 231.952
120.026 231.952
132.526 231.952
145.026 231.952
157.526 231.952
170.026 231.952
182.526 231.952
195.026 231.952
207.526 231.952
220.026 231.952
232.526 231.952
82.526 244.452
95.026 244.452
107.526 244.452
120.026 244.452
132.526 244.452
145.026 244.452
157.526 244.452
170.026 244.452
182.526 244.452
195.026 244.452
207.526 244.452
220.026 244.452
107.526 256.952
120.026 256.952
132.526 256.952
145.026 256.952
157.526 256.952
170.026 256.952
182.526 256.952
195.026 256.952
145.026 269.452
157.526 269.452
