143.673 30.452
155.846 30.358
105.933 43.148
118.543 43.105
130.951 43.127
143.683 43.127
156.078 43.097
168.578 43.180
180.957 43.057
193.532 43.060
80.770 55.705
93.713 55.416
105.736 55.372
118.795 55.530
130.882 55.500
143.765 55.487
155.731 55.318
168.670 55.538
180.784 55.620
193.672 55.522
205.864 55.546
218.747 55.457
68.612 68.231
81.040 68.092
93.558 68.140
105.872 68.134
118.572 68.133
130.940 68.163
143.524 68.230
155.943 68.145
168.559 68.204
181.008 68.230
193.575 68.179
205.918 68.194
218.646 68.204
230.987 68.157
55.731 80.621
68.616 80.470
80.838 80.568
93.662 80.516
105.903 80.414
118.668 80.433
130.732 80.532
143.576 80.493
155.931 80.446
168.660 80.465
180.880 80.558
193.673 80.425
205.870 80.359
218.767 80.377
230.742 80.333
243.717 80.433
55.942 93.216
68.574 93.224
80.859 93.259
93.543 93.174
105.895 93.253
118.700 93.406
130.855 93.265
143.518 93.210
155.886 93.164
168.584 93.139
180.906 93.176
193.529 93.132
205.869 93.231
218.674 93.197
230.984 93.260
243.572 93.126
43.668 105.735
55.833 105.537
68.664 105.467
80.851 105.485
93.615 105.544
105.851 105.468
118.591 105.468
130.883 105.530
143.657 105.659
155.785 105.504
168.657 105.619
180.893 105.564
193.709 105.525
205.782 105.580
218.658 105.462
230.724 105.411
243.584 105.741
255.802 105.505
43.501 118.234
55.960 118.397
68.644 118.293
80.866 118.205
93.639 118.366
106.061 118.257
118.564 118.268
130.930 118.290
143.636 118.234
155.859 118.288
168.681 118.372
181.025 118.246
193.623 118.223
205.930 118.242
218.621 118.338
230.883 118.281
243.584 118.411
255.948 118.270
43.638 130.402
55.815 130.544
68.676 130.845
80.882 130.415
93.723 130.834
105.801 130.592
118.747 130.501
130.744 130.482
143.609 130.473
155.927 130.762
168.692 130.415
180.857 130.482
193.598 130.606
205.822 130.511
218.662 130.685
230.918 130.679
243.639 130.430
255.859 130.707
30.923 143.284
43.659 143.304
55.845 143.309
68.648 143.315
80.923 143.353
93.611 143.261
105.886 143.357
118.613 143.385
130.911 143.233
143.537 143.237
155.888 143.264
168.645 143.373
180.783 143.416
193.657 143.234
205.897 143.345
218.575 143.342
230.898 143.246
243.581 143.291
255.820 143.292
268.530 143.362
30.858 155.605
43.606 155.770
55.759 155.587
68.620 155.588
80.838 155.541
93.594 155.669
105.800 155.493
118.697 155.489
130.916 155.750
143.638 155.543
155.912 155.712
168.589 155.801
180.820 155.579
193.644 155.540
205.988 155.514
218.589 155.530
230.871 155.711
243.582 155.528
255.873 155.527
268.673 155.618
43.602 168.376
55.959 168.212
68.625 168.442
80.887 168.248
93.671 168.345
105.924 168.362
118.630 168.341
130.870 168.342
143.569 168.359
155.982 168.287
168.629 168.421
180.907 168.293
193.603 168.406
205.941 168.331
218.668 168.337
230.841 168.341
243.813 168.440
255.747 168.406
43.623 180.715
55.918 180.748
68.580 180.710
80.777 180.559
93.603 180.784
105.908 180.830
118.600 180.587
130.871 180.790
143.600 180.718
155.953 180.503
168.567 180.690
180.912 180.578
193.564 180.571
205.843 180.522
218.615 180.551
230.873 180.582
243.645 180.573
255.825 180.514
43.632 193.349
55.785 193.403
68.707 193.447
80.812 193.429
93.704 193.456
105.904 193.332
118.574 193.406
130.838 193.381
143.651 193.379
155.865 193.208
168.705 193.353
180.861 193.360
193.649 193.384
205.944 193.369
218.585 193.369
230.792 193.306
243.820 193.358
255.942 193.315
55.845 205.620
68.684 205.779
80.873 205.725
93.681 205.780
105.884 205.549
118.622 205.866
130.912 205.761
143.540 205.822
155.921 205.525
168.643 205.587
180.831 205.550
193.602 205.795
205.888 205.756
218.543 205.528
230.888 205.763
243.661 205.775
55.867 218.342
68.718 218.457
80.846 218.386
93.681 218.452
105.919 218.427
118.491 218.360
130.727 218.470
143.754 218.426
155.919 218.361
168.641 218.413
180.883 218.304
193.764 218.465
205.784 218.488
218.734 218.390
230.801 218.404
243.657 218.560
68.736 230.542
81.016 230.744
93.570 230.797
105.956 230.794
118.532 230.816
130.977 230.542
143.517 230.619
155.892 230.965
168.610 230.732
180.885 230.713
193.594 230.822
205.857 230.775
218.631 230.769
230.869 230.534
80.825 243.297
93.707 243.712
105.809 243.418
118.731 243.452
130.801 243.397
143.638 243.460
155.833 243.443
168.683 243.426
180.849 243.475
193.684 243.405
205.894 243.439
218.701 243.369
105.908 255.680
118.612 255.725
130.818 255.770
143.560 255.747
155.909 255.860
168.525 255.796
180.909 255.791
193.550 255.756
143.723 268.467
155.810 268.475
