145.416 30.538
157.589 30.444
107.676 43.234
120.286 43.191
132.694 43.213
145.426 43.213
157.821 43.183
170.321 43.266
182.700 43.143
195.275 43.146
82.513 55.791
95.456 55.502
107.479 55.458
120.538 55.616
132.625 55.586
145.508 55.573
157.474 55.404
170.413 55.624
182.527 55.706
195.415 55.608
207.607 55.632
220.490 55.543
70.355 68.317
82.783 68.178
95.301 68.226
107.615 68.220
120.315 68.219
132.683 68.249
145.267 68.316
157.686 68.231
170.302 68.290
182.751 68.316
195.318 68.265
207.661 68.280
220.389 68.290
232.730 68.243
57.474 80.707
70.359 80.556
82.581 80.654
95.405 80.602
107.646 80.500
120.411 80.519
132.475 80.618
145.319 80.579
157.674 80.532
170.403 80.551
182.623 80.644
195.416 80.511
207.613 80.445
220.510 80.463
232.485 80.419
245.460 80.519
57.685 93.302
70.317 93.310
82.602 93.345
95.286 93.260
107.638 93.339
120.443 93.492
132.598 93.351
145.261 93.296
157.629 93.250
170.327 93.225
182.649 93.262
195.272 93.218
207.612 93.317
220.417 93.283
232.727 93.346
245.315 93.212
45.411 105.821
57.576 105.623
70.407 105.553
82.594 105.571
95.358 105.630
107.594 105.554
120.334 105.554
132.626 105.616
145.400 105.745
157.528 105.590
170.400 105.705
182.636 105.650
195.452 105.611
207.525 105.666
220.401 105.548
232.467 105.497
245.327 105.827
257.545 105.591
45.244 118.320
57.703 118.483
70.387 118.379
82.609 118.291
95.382 118.452
107.804 118.343
120.307 118.354
132.673 118.376
145.379 118.320
157.602 118.374
170.424 118.458
182.768 118.332
195.366 118.309
207.673 118.328
220.364 118.424
232.626 118.367
245.327 118.497
257.691 118.356
45.381 130.488
57.558 130.630
70.419 130.931
82.625 130.501
95.466 130.920
107.544 130.678
120.490 130.587
132.487 130.568
145.352 130.559
157.670 130.848
170.435 130.501
182.600 130.568
195.341 130.692
207.565 130.597
220.405 130.771
232.661 130.765
245.382 130.516
257.602 130.793
32.666 143.370
45.402 143.390
57.588 143.395
70.391 143.401
82.666 143.439
95.354 143.347
107.629 143.443
120.356 143.471
132.654 143.319
145.280 143.323
157.631 143.350
170.388 143.459
182.526 143.502
195.400 143.320
207.640 143.431
220.318 143.428
232.641 143.332
245.324 143.377
257.563 143.378
270.273 143.448
32.601 155.691
45.349 155.856
57.502 155.673
70.363 155.674
82.581 155.627
95.337 155.755
107.543 155.579
120.440 155.575
132.659 155.836
145.381 155.629
157.655 155.798
170.332 155.887
182.563 155.665
195.387 155.626
207.731 155.600
220.332 155.616
232.614 155.797
245.325 155.614
257.616 155.613
270.416 155.704
45.345 168.462
57.702 168.298
70.368 168.528
82.630 168.334
95.414 168.431
107.667 168.448
120.373 168.427
132.613 168.428
145.312 168.445
157.725 168.373
170.372 168.507
182.650 168.379
195.346 168.492
207.684 168.417
220.411 168.423
232.584 168.427
245.556 168.526
257.490 168.492
45.366 180.801
57.661 180.834
70.323 180.796
82.520 180.645
95.346 180.870
107.651 180.916
120.343 180.673
132.614 180.876
145.343 180.804
157.696 180.589
170.310 180.776
182.655 180.664
195.307 180.657
207.586 180.608
220.358 180.637
232.616 180.668
245.388 180.659
257.568 180.600
45.375 193.435
57.528 193.489
70.450 193.533
82.555 193.515
95.447 193.542
107.647 193.418
120.317 193.492
132.581 193.467
145.394 193.465
157.608 193.294
170.448 193.439
182.604 193.446
195.392 193.470
207.687 193.455
220.328 193.455
232.535 193.392
245.563 193.444
257.685 193.401
57.588 205.706
70.427 205.865
82.616 205.811
95.424 205.866
107.627 205.635
120.365 205.952
132.655 205.847
145.283 205.908
157.664 205.611
170.386 205.673
182.574 205.636
195.345 205.881
207.631 205.842
220.286 205.614
232.631 205.849
245.404 205.861
57.610 218.428
70.461 218.543
82.589 218.472
95.424 218.538
107.662 218.513
120.234 218.446
132.470 218.556
145.497 218.512
157.662 218.447
170.384 218.499
182.626 218.390
195.507 218.551
207.527 218.574
220.477 218.476
232.544 218.490
245.400 218.646
70.479 230.628
82.759 230.830
95.313 230.883
107.699 230.880
120.275 230.902
132.720 230.628
145.260 230.705
157.635 231.051
170.353 230.818
182.628 230.799
195.337 230.908
207.600 230.861
220.374 230.855
232.612 230.620
82.568 243.383
95.450 243.798
107.552 243.504
120.474 243.538
132.544 243.483
145.381 243.546
157.576 243.529
170.426 243.512
182.592 243.561
195.427 243.491
207.637 243.525
220.444 243.455
107.651 255.766
120.355 255.811
132.561 255.856
145.303 255.833
157.652 255.946
170.268 255.882
182.652 255.877
195.293 255.842
145.466 268.553
157.553 268.561
