144.867 31.176
157.367 31.176
107.367 43.676
119.867 43.676
132.367 43.676
144.867 43.676
157.367 43.676
169.867 43.676
182.367 43.676
194.867 43.676
82.367 56.176
94.867 56.176
107.367 56.176
119.867 56.176
132.367 56.176
144.867 56.176
157.367 56.176
169.867 56.176
182.367 56.176
194.867 56.176
207.367 56.176
219.867 56.176
69.867 68.676
82.367 68.676
94.867 68.676
107.367 68.676
119.867 68.676
132.367 68.676
144.867 68.676
157.367 68.676
169.867 68.676
182.367 68.676
194.867 68.676
207.367 68.676
219.867 68.676
232.367 68.676
57.367 81.176
69.867 81.176
82.367 81.176
94.867 81.176
107.367 81.176
119.867 81.176
132.367 81.176
144.867 81.176
157.367 81.176
169.867 81.176
182.367 81.176
194.867 81.176
207.367 81.176
219.867 81.176
232.367 81.176
244.867 81.176
57.367 93.676
69.867 93.676
82.367 93.676
94.867 93.676
107.367 93.676
119.867 93.676
132.367 93.676
144.867 93.676
157.367 93.676
169.867 93.676
182.367 93.676
194.867 93.676
207.367 93.676
219.867 93.676
232.367 93.676
244.867 93.676
44.867 106.176
57.367 106.176
69.867 106.176
82.367 106.176
94.867 106.176
107.367 106.176
119.867 106.176
132.367 106.176
144.867 106.176
157.367 106.176
169.867 106.176
182.367 106.176
194.867 106.176
207.367 106.176
219.867 106.176
232.367 106.176
244.867 106.176
257.367 106.176
44.867 118.676
57.367 118.676
69.867 118.676
82.367 118.676
94.867 118.676
107.367 118.676
119.867 118.676
132.367 118.676
144.867 118.676
157.367 118.676
169.867 118.676
182.367 118.676
194.867 118.676
207.367 118.676
219.867 118.676
232.367 118.676
244.867 118.676
257.367 118.676
44.867 131.176
57.367 131.176
69.867 131.176
82.367 131.176
94.867 131.176
107.367 131.176
119.867 131.176
132.367 131.176
144.867 131.176
157.367 131.176
169.867 131.176
182.367 131.176
194.867 131.176
207.367 131.176
219.867 131.176
232.367 131.176
244.867 131.176
257.367 131.176
32.367 143.676
44.867 143.676
57.367 143.676
69.867 143.676
82.367 143.676
94.867 143.676
107.367 143.676
119.867 143.676
132.367 143.676
144.867 143.676
157.367 143.676
169.867 143.676
182.367 143.676
194.867 143.676
207.367 143.676
219.867 143.676
232.367 143.676
244.867 143.676
257.367 143.676
269.867 143.676
32.367 156.176
44.867 156.176
57.367 156.176
69.867 156.176
82.367 156.176
94.867 156.176
107.367 156.176
119.867 156.176
132.367 156.176
144.867 156.176
157.367 156.176
169.867 156.176
182.367 156.176
194.867 156.176
207.367 156.176
219.867 156.176
232.367 156.176
244.867 156.176
257.367 156.176
269.867 156.176
44.867 168.676
57.367 168.676
69.867 168.676
82.367 168.676
94.867 168.676
107.367 168.676
119.867 168.676
132.367 168.676
144.867 168.676
157.367 168.676
169.867 168.676
182.367 168.676
194.867 168.676
207.367 168.676
219.867 168.676
232.367 168.676
244.867 168.676
257.367 168.676
44.867 181.176
57.367 181.176
69.867 181.176
82.367 181.176
94.867 181.176
107.367 181.176
119.867 181.176
132.367 181.176
144.867 181.176
157.367 181.176
169.867 181.176
182.367 181.176
194.867 181.176
207.367 181.176
219.867 181.176
232.367 181.176
244.867 181.176
257.367 181.176
44.867 193.676
57.367 193.676
69.867 193.676
82.367 193.676
94.867 193.676
107.367 193.676
119.867 193.676
132.367 193.676
144.867 193.676
157.367 193.676
169.867 193.676
182.367 193.676
194.867 193.676
207.367 193.676
219.867 193.676
232.367 193.676
244.867 193.676
257.367 193.676
57.367 206.176
69.867 206.176
82.367 206.176
94.867 206.176
107.367 206.176
119.867 206.176
132.367 206.176
144.867 206.176
157.367 206.176
169.867 206.176
182.367 206.176
194.867 206.176
207.367 206.176
219.867 206.176
232.367 206.176
244.867 206.176
57.367 218.676
69.867 218.676
82.367 218.676
94.867 218.676
107.367 218.676
119.867 218.676
132.367 218.676
144.867 218.676
157.367 218.676
169.867 218.676
182.367 218.676
194.867 218.676
207.367 218.676
219.867 218.676
232.367 218.676
244.867 218.676
69.867 231.176
82.367 231.176
94.867 231.176
107.367 231.176
119.867 231.176
132.367 231.176
144.867 231.176
157.367 231.176
169.867 231.176
182.367 231.176
194.867 231.176
207.367 231.176
219.867 231.176
232.367 231.176
82.367 243.676
94.867 243.676
107.367 243.676
119.867 243.676
132.367 243.676
144.867 243.676
157.367 243.676
169.867 243.676
182.367 243.676
194.867 243.676
207.367 243.676
219.867 243.676
107.367 256.176
119.867 256.176
132.367 256.176
144.867 256.176
157.367 256.176
169.867 256.176
182.367 256.176
194.867 256.176
144.867 268.676
157.367 268.676
