144.677 30.285
156.850 30.191
106.937 42.981
119.547 42.938
131.955 42.960
144.687 42.960
157.082 42.930
169.582 43.013
181.961 42.890
194.536 42.893
81.774 55.538
94.717 55.249
106.740 55.205
119.799 55.363
131.886 55.333
144.769 55.320
156.735 55.151
169.674 55.371
181.788 55.453
194.676 55.355
206.868 55.379
219.751 55.290
69.616 68.064
82.044 67.925
94.562 67.973
106.876 67.967
119.576 67.966
131.944 67.996
144.528 68.063
156.947 67.978
169.563 68.037
182.012 68.063
194.579 68.012
206.922 68.027
219.650 68.037
231.991 67.990
56.735 80.454
69.620 80.303
81.842 80.401
94.666 80.349
106.907 80.247
119.672 80.266
131.736 80.365
144.580 80.326
156.935 80.279
169.664 80.298
181.884 80.391
194.677 80.258
206.874 80.192
219.771 80.210
231.746 80.166
244.721 80.266
56.946 93.049
69.578 93.057
81.863 93.092
94.547 93.007
106.899 93.086
119.704 93.239
131.859 93.098
144.522 93.043
156.890 92.997
169.588 92.972
181.910 93.009
194.533 92.965
206.873 93.064
219.678 93.030
231.988 93.093
244.576 92.959
44.672 105.568
56.837 105.370
69.668 105.300
81.855 105.318
94.619 105.377
106.855 105.301
119.595 105.301
131.887 105.363
144.661 105.492
156.789 105.337
169.661 105.452
181.897 105.397
194.713 105.358
206.786 105.413
219.662 105.295
231.728 105.244
244.588 105.574
256.806 105.338
44.505 118.067
56.964 118.230
69.648 118.126
81.870 118.038
94.643 118.199
107.065 118.090
119.568 118.101
131.934 118.123
144.640 118.067
156.863 118.121
169.685 118.205
182.029 118.079
194.627 118.056
206.934 118.075
219.625 118.171
231.887 118.114
244.588 118.244
256.952 118.103
44.642 130.235
56.819 130.377
69.680 130.678
81.886 130.248
94.727 130.667
106.805 130.425
119.751 130.334
131.748 130.315
144.613 130.306
156.931 130.595
169.696 130.248
181.861 130.315
194.602 130.439
206.826 130.344
219.666 130.518
231.922 130.512
244.643 130.263
256.863 130.540
31.927 143.117
44.663 143.137
56.849 143.142
69.652 143.148
81.927 143.186
94.615 143.094
106.890 143.190
119.617 143.218
131.915 143.066
144.541 143.070
156.892 143.097
169.649 143.206
181.787 143.249
194.661 143.067
206.901 143.178
219.579 143.175
231.902 143.079
244.585 143.124
256.824 143.125
269.534 143.195
31.862 155.438
44.610 155.603
56.763 155.420
69.624 155.421
81.842 155.374
94.598 155.502
106.804 155.326
119.701 155.322
131.920 155.583
144.642 155.376
156.916 155.545
169.593 155.634
181.824 155.412
194.648 155.373
206.992 155.347
219.593 155.363
231.875 155.544
244.586 155.361
256.877 155.360
269.677 155.451
44.606 168.209
56.963 168.045
69.629 168.275
81.891 168.081
94.675 168.178
106.928 168.195
119.634 168.174
131.874 168.175
144.573 168.192
156.986 168.120
169.633 168.254
181.911 168.126
194.607 168.239
206.945 168.164
219.672 168.170
231.845 168.174
244.817 168.273
256.751 168.239
44.627 180.548
56.922 180.581
69.584 180.543
81.781 180.392
94.607 180.617
106.912 180.663
119.604 180.420
131.875 180.623
144.604 180.551
156.957 180.336
169.571 180.523
181.916 180.411
194.568 180.404
206.847 180.355
219.619 180.384
231.877 180.415
244.649 180.406
256.829 180.347
44.636 193.182
56.789 193.236
69.711 193.280
81.816 193.262
94.708 193.289
106.908 193.165
119.578 193.239
131.842 193.214
144.655 193.212
156.869 193.041
169.709 193.186
181.865 193.193
194.653 193.217
206.948 193.202
219.589 193.202
231.796 193.139
244.824 193.191
256.946 193.148
56.849 205.453
69.688 205.612
81.877 205.558
94.685 205.613
106.888 205.382
119.626 205.699
131.916 205.594
144.544 205.655
156.925 205.358
169.647 205.420
181.835 205.383
194.606 205.628
206.892 205.589
219.547 205.361
231.892 205.596
244.665 205.608
56.871 218.175
69.722 218.290
81.850 218.219
94.685 218.285
106.923 218.260
119.495 218.193
131.731 218.303
144.758 218.259
156.923 218.194
169.645 218.246
181.887 218.137
194.768 218.298
206.788 218.321
219.738 218.223
231.805 218.237
244.661 218.393
69.740 230.375
82.020 230.577
94.574 230.630
106.960 230.627
119.536 230.649
131.981 230.375
144.521 230.452
156.896 230.798
169.614 230.565
181.889 230.546
194.598 230.655
206.861 230.608
219.635 230.602
231.873 230.367
81.829 243.130
94.711 243.545
106.813 243.251
119.735 243.285
131.805 243.230
144.642 243.293
156.837 243.276
169.687 243.259
181.853 243.308
194.688 243.238
206.898 243.272
219.705 243.202
106.912 255.513
119.616 255.558
131.822 255.603
144.564 255.580
156.913 255.693
169.529 255.629
181.913 255.624
194.554 255.589
144.727 268.300
156.814 268.308
