135.495 45.834
147.668 45.740
97.755 58.530
110.365 58.487
122.773 58.509
135.505 58.509
147.900 58.479
160.400 58.562
172.779 58.439
185.354 58.442
72.592 71.087
85.535 70.798
97.558 70.754
110.617 70.912
122.704 70.882
135.587 70.869
147.553 70.700
160.492 70.920
172.606 71.002
185.494 70.904
197.686 70.928
210.569 70.839
60.434 83.613
72.862 83.474
85.380 83.522
97.694 83.516
110.394 83.515
122.762 83.545
135.346 83.612
147.765 83.527
160.381 83.586
172.830 83.612
185.397 83.561
197.740 83.576
210.468 83.586
222.809 83.539
47.553 96.003
60.438 95.852
72.660 95.950
85.484 95.898
97.725 95.796
110.490 95.815
122.554 95.914
135.398 95.875
147.753 95.828
160.482 95.847
172.702 95.940
185.495 95.807
197.692 95.741
210.589 95.759
222.564 95.715
235.539 95.815
47.764 108.598
60.396 108.606
72.681 108.641
85.365 108.556
97.717 108.635
110.522 108.788
122.677 108.647
135.340 108.592
147.708 108.546
160.406 108.521
172.728 108.558
185.351 108.514
197.691 108.613
210.496 108.579
222.806 108.642
235.394 108.508
35.490 121.117
47.655 120.919
60.486 120.849
72.673 120.867
85.437 120.926
97.673 120.850
110.413 120.850
122.705 120.912
135.479 121.041
147.607 120.886
160.479 121.001
172.715 120.946
185.531 120.907
197.604 120.962
210.480 120.844
222.546 120.793
235.406 121.123
247.624 120.887
35.323 133.616
47.782 133.779
60.466 133.675
72.688 133.587
85.461 133.748
97.883 133.639
110.386 133.650
122.752 133.672
135.458 133.616
147.681 133.670
160.503 133.754
172.847 133.628
185.445 133.605
197.752 133.624
210.443 133.720
222.705 133.663
235.406 133.793
247.770 133.652
35.460 145.784
47.637 145.926
60.498 146.227
72.704 145.797
85.545 146.216
97.623 145.974
110.569 145.883
122.566 145.864
135.431 145.855
147.749 146.144
160.514 145.797
172.679 145.864
185.420 145.988
197.644 145.893
210.484 146.067
222.740 146.061
235.461 145.812
247.681 146.089
22.745 158.666
35.481 158.686
47.667 158.691
60.470 158.697
72.745 158.735
85.433 158.643
97.708 158.739
110.435 158.767
122.733 158.615
135.359 158.619
147.710 158.646
160.467 158.755
172.605 158.798
185.479 158.616
197.719 158.727
210.397 158.724
222.720 158.628
235.403 158.673
247.642 158.674
260.352 158.744
22.680 170.987
35.428 171.152
47.581 170.969
60.442 170.970
72.660 170.923
85.416 171.051
97.622 170.875
110.519 170.871
122.738 171.132
135.460 170.925
147.734 171.094
160.411 171.183
172.642 170.961
185.466 170.922
197.810 170.896
210.411 170.912
222.693 171.093
235.404 170.910
247.695 170.909
260.495 171.000
35.424 183.758
47.781 183.594
60.447 183.824
72.709 183.630
85.493 183.727
97.746 183.744
110.452 183.723
122.692 183.724
135.391 183.741
147.804 183.669
160.451 183.803
172.729 183.675
185.425 183.788
197.763 183.713
210.490 183.719
222.663 183.723
235.635 183.822
247.569 183.788
35.445 196.097
47.740 196.130
60.402 196.092
72.599 195.941
85.425 196.166
97.730 196.212
110.422 195.969
122.693 196.172
135.422 196.100
147.775 195.885
160.389 196.072
172.734 195.960
185.386 195.953
197.665 195.904
210.437 195.933
222.695 195.964
235.467 195.955
247.647 195.896
35.454 208.731
47.607 208.785
60.529 208.829
72.634 208.811
85.526 208.838
97.726 208.714
110.396 208.788
122.660 208.763
135.473 208.761
147.687 208.590
160.527 208.735
172.683 208.742
185.471 208.766
197.766 208.751
210.407 208.751
222.614 208.688
235.642 208.740
247.764 208.697
47.667 221.002
60.506 221.161
72.695 221.107
85.503 221.162
97.706 220.931
110.444 221.248
122.734 221.143
135.362 221.204
147.743 220.907
160.465 220.969
172.653 220.932
185.424 221.177
197.710 221.138
210.365 220.910
222.710 221.145
235.483 221.157
47.689 233.724
60.540 233.839
72.668 233.768
85.503 233.834
97.741 233.809
110.313 233.742
122.549 233.852
135.576 233.808
147.741 233.743
160.463 233.795
172.705 233.686
185.586 233.847
197.606 233.870
210.556 233.772
222.623 233.786
235.479 233.942
60.558 245.924
72.838 246.126
85.392 246.179
97.778 246.176
110.354 246.198
122.799 245.924
135.339 246.001
147.714 246.347
160.432 246.114
172.707 246.095
185.416 246.204
197.679 246.157
210.453 246.151
222.691 245.916
72.647 258.679
85.529 259.094
97.631 258.800
110.553 258.834
122.623 258.779
135.460 258.842
147.655 258.825
160.505 258.808
172.671 258.857
185.506 258.787
197.716 258.821
210.523 258.751
97.730 271.062
110.434 271.107
122.640 271.152
135.382 271.129
147.731 271.242
160.347 271.178
172.731 271.173
185.372 271.138
135.545 283.849
147.632 283.857
