143.450 31.176
155.950 31.176
105.950 43.676
118.450 43.676
130.950 43.676
143.450 43.676
155.950 43.676
168.450 43.676
180.950 43.676
193.450 43.676
80.950 56.176
93.450 56.176
105.950 56.176
118.450 56.176
130.950 56.176
143.450 56.176
155.950 56.176
168.450 56.176
180.950 56.176
193.450 56.176
205.950 56.176
218.450 56.176
68.450 68.676
80.950 68.676
93.450 68.676
105.950 68.676
118.450 68.676
130.950 68.676
143.450 68.676
155.950 68.676
168.450 68.676
180.950 68.676
193.450 68.676
205.950 68.676
218.450 68.676
230.950 68.676
55.950 81.176
68.450 81.176
80.950 81.176
93.450 81.176
105.950 81.176
118.450 81.176
130.950 81.176
143.450 81.176
155.950 81.176
168.450 81.176
180.950 81.176
193.450 81.176
205.950 81.176
218.450 81.176
230.950 81.176
243.450 81.176
55.950 93.676
68.450 93.676
80.950 93.676
93.450 93.676
105.950 93.676
118.450 93.676
130.950 93.676
143.450 93.676
155.950 93.676
168.450 93.676
180.950 93.676
193.450 93.676
205.950 93.676
218.450 93.676
230.950 93.676
243.450 93.676
43.450 106.176
55.950 106.176
68.450 106.176
80.950 106.176
93.450 106.176
105.950 106.176
118.450 106.176
130.950 106.176
143.450 106.176
155.950 106.176
168.450 106.176
180.950 106.176
193.450 106.176
205.950 106.176
218.450 106.176
230.950 106.176
243.450 106.176
255.950 106.176
43.450 118.676
55.950 118.676
68.450 118.676
80.950 118.676
93.450 118.676
105.950 118.676
118.450 118.676
130.950 118.676
143.450 118.676
155.950 118.676
168.450 118.676
180.950 118.676
193.450 118.676
205.950 118.676
218.450 118.676
230.950 118.676
243.450 118.676
255.950 118.676
43.450 131.176
55.950 131.176
68.450 131.176
80.950 131.176
93.450 131.176
105.950 131.176
118.450 131.176
130.950 131.176
143.450 131.176
155.950 131.176
168.450 131.176
180.950 131.176
193.450 131.176
205.950 131.176
218.450 131.176
230.950 131.176
243.450 131.176
255.950 131.176
30.950 143.676
43.450 143.676
55.950 143.676
68.450 143.676
80.950 143.676
93.450 143.676
105.950 143.676
118.450 143.676
130.950 143.676
143.450 143.676
155.950 143.676
168.450 143.676
180.950 143.676
193.450 143.676
205.950 143.676
218.450 143.676
230.950 143.676
243.450 143.676
255.950 143.676
268.450 143.676
30.950 156.176
43.450 156.176
55.950 156.176
68.450 156.176
80.950 156.176
93.450 156.176
105.950 156.176
118.450 156.176
130.950 156.176
143.450 156.176
155.950 156.176
168.450 156.176
180.950 156.176
193.450 156.176
205.950 156.176
218.450 156.176
230.950 156.176
243.450 156.176
255.950 156.176
268.450 156.176
43.450 168.676
55.950 168.676
68.450 168.676
80.950 168.676
93.450 168.676
105.950 168.676
118.450 168.676
130.950 168.676
143.450 168.676
155.950 168.676
168.450 168.676
180.950 168.676
193.450 168.676
205.950 168.676
218.450 168.676
230.950 168.676
243.450 168.676
255.950 168.676
43.450 181.176
55.950 181.176
68.450 181.176
80.950 181.176
93.450 181.176
105.950 181.176
118.450 181.176
130.950 181.176
143.450 181.176
155.950 181.176
168.450 181.176
180.950 181.176
193.450 181.176
205.950 181.176
218.450 181.176
230.950 181.176
243.450 181.176
255.950 181.176
43.450 193.676
55.950 193.676
68.450 193.676
80.950 193.676
93.450 193.676
105.950 193.676
118.450 193.676
130.950 193.676
143.450 193.676
155.950 193.676
168.450 193.676
180.950 193.676
193.450 193.676
205.950 193.676
218.450 193.676
230.950 193.676
243.450 193.676
255.950 193.676
55.950 206.176
68.450 206.176
80.950 206.176
93.450 206.176
105.950 206.176
118.450 206.176
130.950 206.176
143.450 206.176
155.950 206.176
168.450 206.176
180.950 206.176
193.450 206.176
205.950 206.176
218.450 206.176
230.950 206.176
243.450 206.176
55.950 218.676
68.450 218.676
80.950 218.676
93.450 218.676
105.950 218.676
118.450 218.676
130.950 218.676
143.450 218.676
155.950 218.676
168.450 218.676
180.950 218.676
193.450 218.676
205.950 218.676
218.450 218.676
230.950 218.676
243.450 218.676
68.450 231.176
80.950 231.176
93.450 231.176
105.950 231.176
118.450 231.176
130.950 231.176
143.450 231.176
155.950 231.176
168.450 231.176
180.950 231.176
193.450 231.176
205.950 231.176
218.450 231.176
230.950 231.176
80.950 243.676
93.450 243.676
105.950 243.676
118.450 243.676
130.950 243.676
143.450 243.676
155.950 243.676
168.450 243.676
180.950 243.676
193.450 243.676
205.950 243.676
218.450 243.676
105.950 256.176
118.450 256.176
130.950 256.176
143.450 256.176
155.950 256.176
168.450 256.176
180.950 256.176
193.450 256.176
143.450 268.676
155.950 268.676
