132.054 31.971
144.227 31.877
94.314 44.667
106.924 44.624
119.332 44.646
132.064 44.646
144.459 44.616
156.959 44.699
169.338 44.576
181.913 44.579
69.151 57.224
82.094 56.935
94.117 56.891
107.176 57.049
119.263 57.019
132.146 57.006
144.112 56.837
157.051 57.057
169.165 57.139
182.053 57.041
194.245 57.065
207.128 56.976
56.993 69.750
69.421 69.611
81.939 69.659
94.253 69.653
106.953 69.652
119.321 69.682
131.905 69.749
144.324 69.664
156.940 69.723
169.389 69.749
181.956 69.698
194.299 69.713
207.027 69.723
219.368 69.676
44.112 82.140
56.997 81.989
69.219 82.087
82.043 82.035
94.284 81.933
107.049 81.952
119.113 82.051
131.957 82.012
144.312 81.965
157.041 81.984
169.261 82.077
182.054 81.944
194.251 81.878
207.148 81.896
219.123 81.852
232.098 81.952
44.323 94.735
56.955 94.743
69.240 94.778
81.924 94.693
94.276 94.772
107.081 94.925
119.236 94.784
131.899 94.729
144.267 94.683
156.965 94.658
169.287 94.695
181.910 94.651
194.250 94.750
207.055 94.716
219.365 94.779
231.953 94.645
32.049 107.254
44.214 107.056
57.045 106.986
69.232 107.004
81.996 107.063
94.232 106.987
106.972 106.987
119.264 107.049
132.038 107.178
144.166 107.023
157.038 107.138
169.274 107.083
182.090 107.044
194.163 107.099
207.039 106.981
219.105 106.930
231.965 107.260
244.183 107.024
31.882 119.753
44.341 119.916
57.025 119.812
69.247 119.724
82.020 119.885
94.442 119.776
106.945 119.787
119.311 119.809
132.017 119.753
144.240 119.807
157.062 119.891
169.406 119.765
182.004 119.742
194.311 119.761
207.002 119.857
219.264 119.800
231.965 119.930
244.329 119.789
32.019 131.921
44.196 132.063
57.057 132.364
69.263 131.934
82.104 132.353
94.182 132.111
107.128 132.020
119.125 132.001
131.990 131.992
144.308 132.281
157.073 131.934
169.238 132.001
181.979 132.125
194.203 132.030
207.043 132.204
219.299 132.198
232.020 131.949
244.240 132.226
19.304 144.803
32.040 144.823
44.226 144.828
57.029 144.834
69.304 144.872
81.992 144.780
94.267 144.876
106.994 144.904
119.292 144.752
131.918 144.756
144.269 144.783
157.026 144.892
169.164 144.935
182.038 144.753
194.278 144.864
206.956 144.861
219.279 144.765
231.962 144.810
244.201 144.811
256.911 144.881
19.239 157.124
31.987 157.289
44.140 157.106
57.001 157.107
69.219 157.060
81.975 157.188
94.181 157.012
107.078 157.008
119.297 157.269
132.019 157.062
144.293 157.231
156.970 157.320
169.201 157.098
182.025 157.059
194.369 157.033
206.970 157.049
219.252 157.230
231.963 157.047
244.254 157.046
257.054 157.137
31.983 169.895
44.340 169.731
57.006 169.961
69.268 169.767
82.052 169.864
94.305 169.881
107.011 169.860
119.251 169.861
131.950 169.878
144.363 169.806
157.010 169.940
169.288 169.812
181.984 169.925
194.322 169.850
207.049 169.856
219.222 169.860
232.194 169.959
244.128 169.925
32.004 182.234
44.299 182.267
56.961 182.229
69.158 182.078
81.984 182.303
94.289 182.349
106.981 182.106
119.252 182.309
131.981 182.237
144.334 182.022
156.948 182.209
169.293 182.097
181.945 182.090
194.224 182.041
206.996 182.070
219.254 182.101
232.026 182.092
244.206 182.033
32.013 194.868
44.166 194.922
57.088 194.966
69.193 194.948
82.085 194.975
94.285 194.851
106.955 194.925
119.219 194.900
132.032 194.898
144.246 194.727
157.086 194.872
169.242 194.879
182.030 194.903
194.325 194.888
206.966 194.888
219.173 194.825
232.201 194.877
244.323 194.834
44.226 207.139
57.065 207.298
69.254 207.244
82.062 207.299
94.265 207.068
107.003 207.385
119.293 207.280
131.921 207.341
144.302 207.044
157.024 207.106
169.212 207.069
181.983 207.314
194.269 207.275
206.924 207.047
219.269 207.282
232.042 207.294
44.248 219.861
57.099 219.976
69.227 219.905
82.062 219.971
94.300 219.946
106.872 219.879
119.108 219.989
132.135 219.945
144.300 219.880
157.022 219.932
169.264 219.823
182.145 219.984
194.165 220.007
207.115 219.909
219.182 219.923
232.038 220.079
57.117 232.061
69.397 232.263
81.951 232.316
94.337 232.313
106.913 232.335
119.358 232.061
131.898 232.138
144.273 232.484
156.991 232.251
169.266 232.232
181.975 232.341
194.238 232.294
207.012 232.288
219.250 232.053
69.206 244.816
82.088 245.231
94.190 244.937
107.112 244.971
119.182 244.916
132.019 244.979
144.214 244.962
157.064 244.945
169.230 244.994
182.065 244.924
194.275 244.958
207.082 244.888
94.289 257.199
106.993 257.244
119.199 257.289
131.941 257.266
144.290 257.379
156.906 257.315
169.290 257.310
181.931 257.275
132.104 269.986
144.191 269.994
