144.682 30.297
156.855 30.203
106.942 42.993
119.552 42.950
131.960 42.972
144.692 42.972
157.087 42.942
169.587 43.025
181.966 42.902
194.541 42.905
81.779 55.550
94.722 55.261
106.745 55.217
119.804 55.375
131.891 55.345
144.774 55.332
156.740 55.163
169.679 55.383
181.793 55.465
194.681 55.367
206.873 55.391
219.756 55.302
69.621 68.076
82.049 67.937
94.567 67.985
106.881 67.979
119.581 67.978
131.949 68.008
144.533 68.075
156.952 67.990
169.568 68.049
182.017 68.075
194.584 68.024
206.927 68.039
219.655 68.049
231.996 68.002
56.740 80.466
69.625 80.315
81.847 80.413
94.671 80.361
106.912 80.259
119.677 80.278
131.741 80.377
144.585 80.338
156.940 80.291
169.669 80.310
181.889 80.403
194.682 80.270
206.879 80.204
219.776 80.222
231.751 80.178
244.726 80.278
56.951 93.061
69.583 93.069
81.868 93.104
94.552 93.019
106.904 93.098
119.709 93.251
131.864 93.110
144.527 93.055
156.895 93.009
169.593 92.984
181.915 93.021
194.538 92.977
206.878 93.076
219.683 93.042
231.993 93.105
244.581 92.971
44.677 105.580
56.842 105.382
69.673 105.312
81.860 105.330
94.624 105.389
106.860 105.313
119.600 105.313
131.892 105.375
144.666 105.504
156.794 105.349
169.666 105.464
181.902 105.409
194.718 105.370
206.791 105.425
219.667 105.307
231.733 105.256
244.593 105.586
256.811 105.350
44.510 118.079
56.969 118.242
69.653 118.138
81.875 118.050
94.648 118.211
107.070 118.102
119.573 118.113
131.939 118.135
144.645 118.079
156.868 118.133
169.690 118.217
182.034 118.091
194.632 118.068
206.939 118.087
219.630 118.183
231.892 118.126
244.593 118.256
256.957 118.115
44.647 130.247
56.824 130.389
69.685 130.690
81.891 130.260
94.732 130.679
106.810 130.437
119.756 130.346
131.753 130.327
144.618 130.318
156.936 130.607
169.701 130.260
181.866 130.327
194.607 130.451
206.831 130.356
219.671 130.530
231.927 130.524
244.648 130.275
256.868 130.552
31.932 143.129
44.668 143.149
56.854 143.154
69.657 143.160
81.932 143.198
94.620 143.106
106.895 143.202
119.622 143.230
131.920 143.078
144.546 143.082
156.897 143.109
169.654 143.218
181.792 143.261
194.666 143.079
206.906 143.190
219.584 143.187
231.907 143.091
244.590 143.136
256.829 143.137
269.539 143.207
31.867 155.450
44.615 155.615
56.768 155.432
69.629 155.433
81.847 155.386
94.603 155.514
106.809 155.338
119.706 155.334
131.925 155.595
144.647 155.388
156.921 155.557
169.598 155.646
181.829 155.424
194.653 155.385
206.997 155.359
219.598 155.375
231.880 155.556
244.591 155.373
256.882 155.372
269.682 155.463
44.611 168.221
56.968 168.057
69.634 168.287
81.896 168.093
94.680 168.190
106.933 168.207
119.639 168.186
131.879 168.187
144.578 168.204
156.991 168.132
169.638 168.266
181.916 168.138
194.612 168.251
206.950 168.176
219.677 168.182
231.850 168.186
244.822 168.285
256.756 168.251
44.632 180.560
56.927 180.593
69.589 180.555
81.786 180.404
94.612 180.629
106.917 180.675
119.609 180.432
131.880 180.635
144.609 180.563
156.962 180.348
169.576 180.535
181.921 180.423
194.573 180.416
206.852 180.367
219.624 180.396
231.882 180.427
244.654 180.418
256.834 180.359
44.641 193.194
56.794 193.248
69.716 193.292
81.821 193.274
94.713 193.301
106.913 193.177
119.583 193.251
131.847 193.226
144.660 193.224
156.874 193.053
169.714 193.198
181.870 193.205
194.658 193.229
206.953 193.214
219.594 193.214
231.801 193.151
244.829 193.203
256.951 193.160
56.854 205.465
69.693 205.624
81.882 205.570
94.690 205.625
106.893 205.394
119.631 205.711
131.921 205.606
144.549 205.667
156.930 205.370
169.652 205.432
181.840 205.395
194.611 205.640
206.897 205.601
219.552 205.373
231.897 205.608
244.670 205.620
56.876 218.187
69.727 218.302
81.855 218.231
94.690 218.297
106.928 218.272
119.500 218.205
131.736 218.315
144.763 218.271
156.928 218.206
169.650 218.258
181.892 218.149
194.773 218.310
206.793 218.333
219.743 218.235
231.810 218.249
244.666 218.405
69.745 230.387
82.025 230.589
94.579 230.642
106.965 230.639
119.541 230.661
131.986 230.387
144.526 230.464
156.901 230.810
169.619 230.577
181.894 230.558
194.603 230.667
206.866 230.620
219.640 230.614
231.878 230.379
81.834 243.142
94.716 243.557
106.818 243.263
119.740 243.297
131.810 243.242
144.647 243.305
156.842 243.288
169.692 243.271
181.858 243.320
194.693 243.250
206.903 243.284
219.710 243.214
106.917 255.525
119.621 255.570
131.827 255.615
144.569 255.592
156.918 255.705
169.534 255.641
181.918 255.636
194.559 255.601
144.732 268.312
156.819 268.320
