145.416 30.526
157.589 30.432
107.676 43.222
120.286 43.179
132.694 43.201
145.426 43.201
157.821 43.171
170.321 43.254
182.700 43.131
195.275 43.134
82.513 55.779
95.456 55.490
107.479 55.446
120.538 55.604
132.625 55.574
145.508 55.561
157.474 55.392
170.413 55.612
182.527 55.694
195.415 55.596
207.607 55.620
220.490 55.531
70.355 68.305
82.783 68.166
95.301 68.214
107.615 68.208
120.315 68.207
132.683 68.237
145.267 68.304
157.686 68.219
170.302 68.278
182.751 68.304
195.318 68.253
207.661 68.268
220.389 68.278
232.730 68.231
57.474 80.695
70.359 80.544
82.581 80.642
95.405 80.590
107.646 80.488
120.411 80.507
132.475 80.606
145.319 80.567
157.674 80.520
170.403 80.539
182.623 80.632
195.416 80.499
207.613 80.433
220.510 80.451
232.485 80.407
245.460 80.507
57.685 93.290
70.317 93.298
82.602 93.333
95.286 93.248
107.638 93.327
120.443 93.480
132.598 93.339
145.261 93.284
157.629 93.238
170.327 93.213
182.649 93.250
195.272 93.206
207.612 93.305
220.417 93.271
232.727 93.334
245.315 93.200
45.411 105.809
57.576 105.611
70.407 105.541
82.594 105.559
95.358 105.618
107.594 105.542
120.334 105.542
132.626 105.604
145.400 105.733
157.528 105.578
170.400 105.693
182.636 105.638
195.452 105.599
207.525 105.654
220.401 105.536
232.467 105.485
245.327 105.815
257.545 105.579
45.244 118.308
57.703 118.471
70.387 118.367
82.609 118.279
95.382 118.440
107.804 118.331
120.307 118.342
132.673 118.364
145.379 118.308
157.602 118.362
170.424 118.446
182.768 118.320
195.366 118.297
207.673 118.316
220.364 118.412
232.626 118.355
245.327 118.485
257.691 118.344
45.381 130.476
57.558 130.618
70.419 130.919
82.625 130.489
95.466 130.908
107.544 130.666
120.490 130.575
132.487 130.556
145.352 130.547
157.670 130.836
170.435 130.489
182.600 130.556
195.341 130.680
207.565 130.585
220.405 130.759
232.661 130.753
245.382 130.504
257.602 130.781
32.666 143.358
45.402 143.378
57.588 143.383
70.391 143.389
82.666 143.427
95.354 143.335
107.629 143.431
120.356 143.459
132.654 143.307
145.280 143.311
157.631 143.338
170.388 143.447
182.526 143.490
195.400 143.308
207.640 143.419
220.318 143.416
232.641 143.320
245.324 143.365
257.563 143.366
270.273 143.436
32.601 155.679
45.349 155.844
57.502 155.661
70.363 155.662
82.581 155.615
95.337 155.743
107.543 155.567
120.440 155.563
132.659 155.824
145.381 155.617
157.655 155.786
170.332 155.875
182.563 155.653
195.387 155.614
207.731 155.588
220.332 155.604
232.614 155.785
245.325 155.602
257.616 155.601
270.416 155.692
45.345 168.450
57.702 168.286
70.368 168.516
82.630 168.322
95.414 168.419
107.667 168.436
120.373 168.415
132.613 168.416
145.312 168.433
157.725 168.361
170.372 168.495
182.650 168.367
195.346 168.480
207.684 168.405
220.411 168.411
232.584 168.415
245.556 168.514
257.490 168.480
45.366 180.789
57.661 180.822
70.323 180.784
82.520 180.633
95.346 180.858
107.651 180.904
120.343 180.661
132.614 180.864
145.343 180.792
157.696 180.577
170.310 180.764
182.655 180.652
195.307 180.645
207.586 180.596
220.358 180.625
232.616 180.656
245.388 180.647
257.568 180.588
45.375 193.423
57.528 193.477
70.450 193.521
82.555 193.503
95.447 193.530
107.647 193.406
120.317 193.480
132.581 193.455
145.394 193.453
157.608 193.282
170.448 193.427
182.604 193.434
195.392 193.458
207.687 193.443
220.328 193.443
232.535 193.380
245.563 193.432
257.685 193.389
57.588 205.694
70.427 205.853
82.616 205.799
95.424 205.854
107.627 205.623
120.365 205.940
132.655 205.835
145.283 205.896
157.664 205.599
170.386 205.661
182.574 205.624
195.345 205.869
207.631 205.830
220.286 205.602
232.631 205.837
245.404 205.849
57.610 218.416
70.461 218.531
82.589 218.460
95.424 218.526
107.662 218.501
120.234 218.434
132.470 218.544
145.497 218.500
157.662 218.435
170.384 218.487
182.626 218.378
195.507 218.539
207.527 218.562
220.477 218.464
232.544 218.478
245.400 218.634
70.479 230.616
82.759 230.818
95.313 230.871
107.699 230.868
120.275 230.890
132.720 230.616
145.260 230.693
157.635 231.039
170.353 230.806
182.628 230.787
195.337 230.896
207.600 230.849
220.374 230.843
232.612 230.608
82.568 243.371
95.450 243.786
107.552 243.492
120.474 243.526
132.544 243.471
145.381 243.534
157.576 243.517
170.426 243.500
182.592 243.549
195.427 243.479
207.637 243.513
220.444 243.443
107.651 255.754
120.355 255.799
132.561 255.844
145.303 255.821
157.652 255.934
170.268 255.870
182.652 255.865
195.293 255.830
145.466 268.541
157.553 268.549
