142.927 31.537
155.100 31.443
105.187 44.233
117.797 44.190
130.205 44.212
142.937 44.212
155.332 44.182
167.832 44.265
180.211 44.142
192.786 44.145
80.024 56.790
92.967 56.501
104.990 56.457
118.049 56.615
130.136 56.585
143.019 56.572
154.985 56.403
167.924 56.623
180.038 56.705
192.926 56.607
205.118 56.631
218.001 56.542
67.866 69.316
80.294 69.177
92.812 69.225
105.126 69.219
117.826 69.218
130.194 69.248
142.778 69.315
155.197 69.230
167.813 69.289
180.262 69.315
192.829 69.264
205.172 69.279
217.900 69.289
230.241 69.242
54.985 81.706
67.870 81.555
80.092 81.653
92.916 81.601
105.157 81.499
117.922 81.518
129.986 81.617
142.830 81.578
155.185 81.531
167.914 81.550
180.134 81.643
192.927 81.510
205.124 81.444
218.021 81.462
229.996 81.418
242.971 81.518
55.196 94.301
67.828 94.309
80.113 94.344
92.797 94.259
105.149 94.338
117.954 94.491
130.109 94.350
142.772 94.295
155.140 94.249
167.838 94.224
180.160 94.261
192.783 94.217
205.123 94.316
217.928 94.282
230.238 94.345
242.826 94.211
42.922 106.820
55.087 106.622
67.918 106.552
80.105 106.570
92.869 106.629
105.105 106.553
117.845 106.553
130.137 106.615
142.911 106.744
155.039 106.589
167.911 106.704
180.147 106.649
192.963 106.610
205.036 106.665
217.912 106.547
229.978 106.496
242.838 106.826
255.056 106.590
42.755 119.319
55.214 119.482
67.898 119.378
80.120 119.290
92.893 119.451
105.315 119.342
117.818 119.353
130.184 119.375
142.890 119.319
155.113 119.373
167.935 119.457
180.279 119.331
192.877 119.308
205.184 119.327
217.875 119.423
230.137 119.366
242.838 119.496
255.202 119.355
42.892 131.487
55.069 131.629
67.930 131.930
80.136 131.500
92.977 131.919
105.055 131.677
118.001 131.586
129.998 131.567
142.863 131.558
155.181 131.847
167.946 131.500
180.111 131.567
192.852 131.691
205.076 131.596
217.916 131.770
230.172 131.764
242.893 131.515
255.113 131.792
30.177 144.369
42.913 144.389
55.099 144.394
67.902 144.400
80.177 144.438
92.865 144.346
105.140 144.442
117.867 144.470
130.165 144.318
142.791 144.322
155.142 144.349
167.899 144.458
180.037 144.501
192.911 144.319
205.151 144.430
217.829 144.427
230.152 144.331
242.835 144.376
255.074 144.377
267.784 144.447
30.112 156.690
42.860 156.855
55.013 156.672
67.874 156.673
80.092 156.626
92.848 156.754
105.054 156.578
117.951 156.574
130.170 156.835
142.892 156.628
155.166 156.797
167.843 156.886
180.074 156.664
192.898 156.625
205.242 156.599
217.843 156.615
230.125 156.796
242.836 156.613
255.127 156.612
267.927 156.703
42.856 169.461
55.213 169.297
67.879 169.527
80.141 169.333
92.925 169.430
105.178 169.447
117.884 169.426
130.124 169.427
142.823 169.444
155.236 169.372
167.883 169.506
180.161 169.378
192.857 169.491
205.195 169.416
217.922 169.422
230.095 169.426
243.067 169.525
255.001 169.491
42.877 181.800
55.172 181.833
67.834 181.795
80.031 181.644
92.857 181.869
105.162 181.915
117.854 181.672
130.125 181.875
142.854 181.803
155.207 181.588
167.821 181.775
180.166 181.663
192.818 181.656
205.097 181.607
217.869 181.636
230.127 181.667
242.899 181.658
255.079 181.599
42.886 194.434
55.039 194.488
67.961 194.532
80.066 194.514
92.958 194.541
105.158 194.417
117.828 194.491
130.092 194.466
142.905 194.464
155.119 194.293
167.959 194.438
180.115 194.445
192.903 194.469
205.198 194.454
217.839 194.454
230.046 194.391
243.074 194.443
255.196 194.400
55.099 206.705
67.938 206.864
80.127 206.810
92.935 206.865
105.138 206.634
117.876 206.951
130.166 206.846
142.794 206.907
155.175 206.610
167.897 206.672
180.085 206.635
192.856 206.880
205.142 206.841
217.797 206.613
230.142 206.848
242.915 206.860
55.121 219.427
67.972 219.542
80.100 219.471
92.935 219.537
105.173 219.512
117.745 219.445
129.981 219.555
143.008 219.511
155.173 219.446
167.895 219.498
180.137 219.389
193.018 219.550
205.038 219.573
217.988 219.475
230.055 219.489
242.911 219.645
67.990 231.627
80.270 231.829
92.824 231.882
105.210 231.879
117.786 231.901
130.231 231.627
142.771 231.704
155.146 232.050
167.864 231.817
180.139 231.798
192.848 231.907
205.111 231.860
217.885 231.854
230.123 231.619
80.079 244.382
92.961 244.797
105.063 244.503
117.985 244.537
130.055 244.482
142.892 244.545
155.087 244.528
167.937 244.511
180.103 244.560
192.938 244.490
205.148 244.524
217.955 244.454
105.162 256.765
117.866 256.810
130.072 256.855
142.814 256.832
155.163 256.945
167.779 256.881
180.163 256.876
192.804 256.841
142.977 269.552
155.064 269.560
