130.432 31.545
142.605 31.451
92.692 44.241
105.302 44.198
117.710 44.220
130.442 44.220
142.837 44.190
155.337 44.273
167.716 44.150
180.291 44.153
67.529 56.798
80.472 56.509
92.495 56.465
105.554 56.623
117.641 56.593
130.524 56.580
142.490 56.411
155.429 56.631
167.543 56.713
180.431 56.615
192.623 56.639
205.506 56.550
55.371 69.324
67.799 69.185
80.317 69.233
92.631 69.227
105.331 69.226
117.699 69.256
130.283 69.323
142.702 69.238
155.318 69.297
167.767 69.323
180.334 69.272
192.677 69.287
205.405 69.297
217.746 69.250
42.490 81.714
55.375 81.563
67.597 81.661
80.421 81.609
92.662 81.507
105.427 81.526
117.491 81.625
130.335 81.586
142.690 81.539
155.419 81.558
167.639 81.651
180.432 81.518
192.629 81.452
205.526 81.470
217.501 81.426
230.476 81.526
42.701 94.309
55.333 94.317
67.618 94.352
80.302 94.267
92.654 94.346
105.459 94.499
117.614 94.358
130.277 94.303
142.645 94.257
155.343 94.232
167.665 94.269
180.288 94.225
192.628 94.324
205.433 94.290
217.743 94.353
230.331 94.219
30.427 106.828
42.592 106.630
55.423 106.560
67.610 106.578
80.374 106.637
92.610 106.561
105.350 106.561
117.642 106.623
130.416 106.752
142.544 106.597
155.416 106.712
167.652 106.657
180.468 106.618
192.541 106.673
205.417 106.555
217.483 106.504
230.343 106.834
242.561 106.598
30.260 119.327
42.719 119.490
55.403 119.386
67.625 119.298
80.398 119.459
92.820 119.350
105.323 119.361
117.689 119.383
130.395 119.327
142.618 119.381
155.440 119.465
167.784 119.339
180.382 119.316
192.689 119.335
205.380 119.431
217.642 119.374
230.343 119.504
242.707 119.363
30.397 131.495
42.574 131.637
55.435 131.938
67.641 131.508
80.482 131.927
92.560 131.685
105.506 131.594
117.503 131.575
130.368 131.566
142.686 131.855
155.451 131.508
167.616 131.575
180.357 131.699
192.581 131.604
205.421 131.778
217.677 131.772
230.398 131.523
242.618 131.800
17.682 144.377
30.418 144.397
42.604 144.402
55.407 144.408
67.682 144.446
80.370 144.354
92.645 144.450
105.372 144.478
117.670 144.326
130.296 144.330
142.647 144.357
155.404 144.466
167.542 144.509
180.416 144.327
192.656 144.438
205.334 144.435
217.657 144.339
230.340 144.384
242.579 144.385
255.289 144.455
17.617 156.698
30.365 156.863
42.518 156.680
55.379 156.681
67.597 156.634
80.353 156.762
92.559 156.586
105.456 156.582
117.675 156.843
130.397 156.636
142.671 156.805
155.348 156.894
167.579 156.672
180.403 156.633
192.747 156.607
205.348 156.623
217.630 156.804
230.341 156.621
242.632 156.620
255.432 156.711
30.361 169.469
42.718 169.305
55.384 169.535
67.646 169.341
80.430 169.438
92.683 169.455
105.389 169.434
117.629 169.435
130.328 169.452
142.741 169.380
155.388 169.514
167.666 169.386
180.362 169.499
192.700 169.424
205.427 169.430
217.600 169.434
230.572 169.533
242.506 169.499
30.382 181.808
42.677 181.841
55.339 181.803
67.536 181.652
80.362 181.877
92.667 181.923
105.359 181.680
117.630 181.883
130.359 181.811
142.712 181.596
155.326 181.783
167.671 181.671
180.323 181.664
192.602 181.615
205.374 181.644
217.632 181.675
230.404 181.666
242.584 181.607
30.391 194.442
42.544 194.496
55.466 194.540
67.571 194.522
80.463 194.549
92.663 194.425
105.333 194.499
117.597 194.474
130.410 194.472
142.624 194.301
155.464 194.446
167.620 194.453
180.408 194.477
192.703 194.462
205.344 194.462
217.551 194.399
230.579 194.451
242.701 194.408
42.604 206.713
55.443 206.872
67.632 206.818
80.440 206.873
92.643 206.642
105.381 206.959
117.671 206.854
130.299 206.915
142.680 206.618
155.402 206.680
167.590 206.643
180.361 206.888
192.647 206.849
205.302 206.621
217.647 206.856
230.420 206.868
42.626 219.435
55.477 219.550
67.605 219.479
80.440 219.545
92.678 219.520
105.250 219.453
117.486 219.563
130.513 219.519
142.678 219.454
155.400 219.506
167.642 219.397
180.523 219.558
192.543 219.581
205.493 219.483
217.560 219.497
230.416 219.653
55.495 231.635
67.775 231.837
80.329 231.890
92.715 231.887
105.291 231.909
117.736 231.635
130.276 231.712
142.651 232.058
155.369 231.825
167.644 231.806
180.353 231.915
192.616 231.868
205.390 231.862
217.628 231.627
67.584 244.390
80.466 244.805
92.568 244.511
105.490 244.545
117.560 244.490
130.397 244.553
142.592 244.536
155.442 244.519
167.608 244.568
180.443 244.498
192.653 244.532
205.460 244.462
92.667 256.773
105.371 256.818
117.577 256.863
130.319 256.840
142.668 256.953
155.284 256.889
167.668 256.884
180.309 256.849
130.482 269.560
142.569 269.568
