142.924 31.538
155.097 31.444
105.184 44.234
117.794 44.191
130.202 44.213
142.934 44.213
155.329 44.183
167.829 44.266
180.208 44.143
192.783 44.146
80.021 56.791
92.964 56.502
104.987 56.458
118.046 56.616
130.133 56.586
143.016 56.573
154.982 56.404
167.921 56.624
180.035 56.706
192.923 56.608
205.115 56.632
217.998 56.543
67.863 69.317
80.291 69.178
92.809 69.226
105.123 69.220
117.823 69.219
130.191 69.249
142.775 69.316
155.194 69.231
167.810 69.290
180.259 69.316
192.826 69.265
205.169 69.280
217.897 69.290
230.238 69.243
54.982 81.707
67.867 81.556
80.089 81.654
92.913 81.602
105.154 81.500
117.919 81.519
129.983 81.618
142.827 81.579
155.182 81.532
167.911 81.551
180.131 81.644
192.924 81.511
205.121 81.445
218.018 81.463
229.993 81.419
242.968 81.519
55.193 94.302
67.825 94.310
80.110 94.345
92.794 94.260
105.146 94.339
117.951 94.492
130.106 94.351
142.769 94.296
155.137 94.250
167.835 94.225
180.157 94.262
192.780 94.218
205.120 94.317
217.925 94.283
230.235 94.346
242.823 94.212
42.919 106.821
55.084 106.623
67.915 106.553
80.102 106.571
92.866 106.630
105.102 106.554
117.842 106.554
130.134 106.616
142.908 106.745
155.036 106.590
167.908 106.705
180.144 106.650
192.960 106.611
205.033 106.666
217.909 106.548
229.975 106.497
242.835 106.827
255.053 106.591
42.752 119.320
55.211 119.483
67.895 119.379
80.117 119.291
92.890 119.452
105.312 119.343
117.815 119.354
130.181 119.376
142.887 119.320
155.110 119.374
167.932 119.458
180.276 119.332
192.874 119.309
205.181 119.328
217.872 119.424
230.134 119.367
242.835 119.497
255.199 119.356
42.889 131.488
55.066 131.630
67.927 131.931
80.133 131.501
92.974 131.920
105.052 131.678
117.998 131.587
129.995 131.568
142.860 131.559
155.178 131.848
167.943 131.501
180.108 131.568
192.849 131.692
205.073 131.597
217.913 131.771
230.169 131.765
242.890 131.516
255.110 131.793
30.174 144.370
42.910 144.390
55.096 144.395
67.899 144.401
80.174 144.439
92.862 144.347
105.137 144.443
117.864 144.471
130.162 144.319
142.788 144.323
155.139 144.350
167.896 144.459
180.034 144.502
192.908 144.320
205.148 144.431
217.826 144.428
230.149 144.332
242.832 144.377
255.071 144.378
267.781 144.448
30.109 156.691
42.857 156.856
55.010 156.673
67.871 156.674
80.089 156.627
92.845 156.755
105.051 156.579
117.948 156.575
130.167 156.836
142.889 156.629
155.163 156.798
167.840 156.887
180.071 156.665
192.895 156.626
205.239 156.600
217.840 156.616
230.122 156.797
242.833 156.614
255.124 156.613
267.924 156.704
42.853 169.462
55.210 169.298
67.876 169.528
80.138 169.334
92.922 169.431
105.175 169.448
117.881 169.427
130.121 169.428
142.820 169.445
155.233 169.373
167.880 169.507
180.158 169.379
192.854 169.492
205.192 169.417
217.919 169.423
230.092 169.427
243.064 169.526
254.998 169.492
42.874 181.801
55.169 181.834
67.831 181.796
80.028 181.645
92.854 181.870
105.159 181.916
117.851 181.673
130.122 181.876
142.851 181.804
155.204 181.589
167.818 181.776
180.163 181.664
192.815 181.657
205.094 181.608
217.866 181.637
230.124 181.668
242.896 181.659
255.076 181.600
42.883 194.435
55.036 194.489
67.958 194.533
80.063 194.515
92.955 194.542
105.155 194.418
117.825 194.492
130.089 194.467
142.902 194.465
155.116 194.294
167.956 194.439
180.112 194.446
192.900 194.470
205.195 194.455
217.836 194.455
230.043 194.392
243.071 194.444
255.193 194.401
55.096 206.706
67.935 206.865
80.124 206.811
92.932 206.866
105.135 206.635
117.873 206.952
130.163 206.847
142.791 206.908
155.172 206.611
167.894 206.673
180.082 206.636
192.853 206.881
205.139 206.842
217.794 206.614
230.139 206.849
242.912 206.861
55.118 219.428
67.969 219.543
80.097 219.472
92.932 219.538
105.170 219.513
117.742 219.446
129.978 219.556
143.005 219.512
155.170 219.447
167.892 219.499
180.134 219.390
193.015 219.551
205.035 219.574
217.985 219.476
230.052 219.490
242.908 219.646
67.987 231.628
80.267 231.830
92.821 231.883
105.207 231.880
117.783 231.902
130.228 231.628
142.768 231.705
155.143 232.051
167.861 231.818
180.136 231.799
192.845 231.908
205.108 231.861
217.882 231.855
230.120 231.620
80.076 244.383
92.958 244.798
105.060 244.504
117.982 244.538
130.052 244.483
142.889 244.546
155.084 244.529
167.934 244.512
180.100 244.561
192.935 244.491
205.145 244.525
217.952 244.455
105.159 256.766
117.863 256.811
130.069 256.856
142.811 256.833
155.160 256.946
167.776 256.882
180.160 256.877
192.801 256.842
142.974 269.553
155.061 269.561
