143.984 30.841
156.157 30.747
106.244 43.537
118.854 43.494
131.262 43.516
143.994 43.516
156.389 43.486
168.889 43.569
181.268 43.446
193.843 43.449
81.081 56.094
94.024 55.805
106.047 55.761
119.106 55.919
131.193 55.889
144.076 55.876
156.042 55.707
168.981 55.927
181.095 56.009
193.983 55.911
206.175 55.935
219.058 55.846
68.923 68.620
81.351 68.481
93.869 68.529
106.183 68.523
118.883 68.522
131.251 68.552
143.835 68.619
156.254 68.534
168.870 68.593
181.319 68.619
193.886 68.568
206.229 68.583
218.957 68.593
231.298 68.546
56.042 81.010
68.927 80.859
81.149 80.957
93.973 80.905
106.214 80.803
118.979 80.822
131.043 80.921
143.887 80.882
156.242 80.835
168.971 80.854
181.191 80.947
193.984 80.814
206.181 80.748
219.078 80.766
231.053 80.722
244.028 80.822
56.253 93.605
68.885 93.613
81.170 93.648
93.854 93.563
106.206 93.642
119.011 93.795
131.166 93.654
143.829 93.599
156.197 93.553
168.895 93.528
181.217 93.565
193.840 93.521
206.180 93.620
218.985 93.586
231.295 93.649
243.883 93.515
43.979 106.124
56.144 105.926
68.975 105.856
81.162 105.874
93.926 105.933
106.162 105.857
118.902 105.857
131.194 105.919
143.968 106.048
156.096 105.893
168.968 106.008
181.204 105.953
194.020 105.914
206.093 105.969
218.969 105.851
231.035 105.800
243.895 106.130
256.113 105.894
43.812 118.623
56.271 118.786
68.955 118.682
81.177 118.594
93.950 118.755
106.372 118.646
118.875 118.657
131.241 118.679
143.947 118.623
156.170 118.677
168.992 118.761
181.336 118.635
193.934 118.612
206.241 118.631
218.932 118.727
231.194 118.670
243.895 118.800
256.259 118.659
43.949 130.791
56.126 130.933
68.987 131.234
81.193 130.804
94.034 131.223
106.112 130.981
119.058 130.890
131.055 130.871
143.920 130.862
156.238 131.151
169.003 130.804
181.168 130.871
193.909 130.995
206.133 130.900
218.973 131.074
231.229 131.068
243.950 130.819
256.170 131.096
31.234 143.673
43.970 143.693
56.156 143.698
68.959 143.704
81.234 143.742
93.922 143.650
106.197 143.746
118.924 143.774
131.222 143.622
143.848 143.626
156.199 143.653
168.956 143.762
181.094 143.805
193.968 143.623
206.208 143.734
218.886 143.731
231.209 143.635
243.892 143.680
256.131 143.681
268.841 143.751
31.169 155.994
43.917 156.159
56.070 155.976
68.931 155.977
81.149 155.930
93.905 156.058
106.111 155.882
119.008 155.878
131.227 156.139
143.949 155.932
156.223 156.101
168.900 156.190
181.131 155.968
193.955 155.929
206.299 155.903
218.900 155.919
231.182 156.100
243.893 155.917
256.184 155.916
268.984 156.007
43.913 168.765
56.270 168.601
68.936 168.831
81.198 168.637
93.982 168.734
106.235 168.751
118.941 168.730
131.181 168.731
143.880 168.748
156.293 168.676
168.940 168.810
181.218 168.682
193.914 168.795
206.252 168.720
218.979 168.726
231.152 168.730
244.124 168.829
256.058 168.795
43.934 181.104
56.229 181.137
68.891 181.099
81.088 180.948
93.914 181.173
106.219 181.219
118.911 180.976
131.182 181.179
143.911 181.107
156.264 180.892
168.878 181.079
181.223 180.967
193.875 180.960
206.154 180.911
218.926 180.940
231.184 180.971
243.956 180.962
256.136 180.903
43.943 193.738
56.096 193.792
69.018 193.836
81.123 193.818
94.015 193.845
106.215 193.721
118.885 193.795
131.149 193.770
143.962 193.768
156.176 193.597
169.016 193.742
181.172 193.749
193.960 193.773
206.255 193.758
218.896 193.758
231.103 193.695
244.131 193.747
256.253 193.704
56.156 206.009
68.995 206.168
81.184 206.114
93.992 206.169
106.195 205.938
118.933 206.255
131.223 206.150
143.851 206.211
156.232 205.914
168.954 205.976
181.142 205.939
193.913 206.184
206.199 206.145
218.854 205.917
231.199 206.152
243.972 206.164
56.178 218.731
69.029 218.846
81.157 218.775
93.992 218.841
106.230 218.816
118.802 218.749
131.038 218.859
144.065 218.815
156.230 218.750
168.952 218.802
181.194 218.693
194.075 218.854
206.095 218.877
219.045 218.779
231.112 218.793
243.968 218.949
69.047 230.931
81.327 231.133
93.881 231.186
106.267 231.183
118.843 231.205
131.288 230.931
143.828 231.008
156.203 231.354
168.921 231.121
181.196 231.102
193.905 231.211
206.168 231.164
218.942 231.158
231.180 230.923
81.136 243.686
94.018 244.101
106.120 243.807
119.042 243.841
131.112 243.786
143.949 243.849
156.144 243.832
168.994 243.815
181.160 243.864
193.995 243.794
206.205 243.828
219.012 243.758
106.219 256.069
118.923 256.114
131.129 256.159
143.871 256.136
156.220 256.249
168.836 256.185
181.220 256.180
193.861 256.145
144.034 268.856
156.121 268.864
