136.846 39.757
149.019 39.663
99.106 52.453
111.716 52.410
124.124 52.432
136.856 52.432
149.251 52.402
161.751 52.485
174.130 52.362
186.705 52.365
73.943 65.010
86.886 64.721
98.909 64.677
111.968 64.835
124.055 64.805
136.938 64.792
148.904 64.623
161.843 64.843
173.957 64.925
186.845 64.827
199.037 64.851
211.920 64.762
61.785 77.536
74.213 77.397
86.731 77.445
99.045 77.439
111.745 77.438
124.113 77.468
136.697 77.535
149.116 77.450
161.732 77.509
174.181 77.535
186.748 77.484
199.091 77.499
211.819 77.509
224.160 77.462
48.904 89.926
61.789 89.775
74.011 89.873
86.835 89.821
99.076 89.719
111.841 89.738
123.905 89.837
136.749 89.798
149.104 89.751
161.833 89.770
174.053 89.863
186.846 89.730
199.043 89.664
211.940 89.682
223.915 89.638
236.890 89.738
49.115 102.521
61.747 102.529
74.032 102.564
86.716 102.479
99.068 102.558
111.873 102.711
124.028 102.570
136.691 102.515
149.059 102.469
161.757 102.444
174.079 102.481
186.702 102.437
199.042 102.536
211.847 102.502
224.157 102.565
236.745 102.431
36.841 115.040
49.006 114.842
61.837 114.772
74.024 114.790
86.788 114.849
99.024 114.773
111.764 114.773
124.056 114.835
136.830 114.964
148.958 114.809
161.830 114.924
174.066 114.869
186.882 114.830
198.955 114.885
211.831 114.767
223.897 114.716
236.757 115.046
248.975 114.810
36.674 127.539
49.133 127.702
61.817 127.598
74.039 127.510
86.812 127.671
99.234 127.562
111.737 127.573
124.103 127.595
136.809 127.539
149.032 127.593
161.854 127.677
174.198 127.551
186.796 127.528
199.103 127.547
211.794 127.643
224.056 127.586
236.757 127.716
249.121 127.575
36.811 139.707
48.988 139.849
61.849 140.150
74.055 139.720
86.896 140.139
98.974 139.897
111.920 139.806
123.917 139.787
136.782 139.778
149.100 140.067
161.865 139.720
174.030 139.787
186.771 139.911
198.995 139.816
211.835 139.990
224.091 139.984
236.812 139.735
249.032 140.012
24.096 152.589
36.832 152.609
49.018 152.614
61.821 152.620
74.096 152.658
86.784 152.566
99.059 152.662
111.786 152.690
124.084 152.538
136.710 152.542
149.061 152.569
161.818 152.678
173.956 152.721
186.830 152.539
199.070 152.650
211.748 152.647
224.071 152.551
236.754 152.596
248.993 152.597
261.703 152.667
24.031 164.910
36.779 165.075
48.932 164.892
61.793 164.893
74.011 164.846
86.767 164.974
98.973 164.798
111.870 164.794
124.089 165.055
136.811 164.848
149.085 165.017
161.762 165.106
173.993 164.884
186.817 164.845
199.161 164.819
211.762 164.835
224.044 165.016
236.755 164.833
249.046 164.832
261.846 164.923
36.775 177.681
49.132 177.517
61.798 177.747
74.060 177.553
86.844 177.650
99.097 177.667
111.803 177.646
124.043 177.647
136.742 177.664
149.155 177.592
161.802 177.726
174.080 177.598
186.776 177.711
199.114 177.636
211.841 177.642
224.014 177.646
236.986 177.745
248.920 177.711
36.796 190.020
49.091 190.053
61.753 190.015
73.950 189.864
86.776 190.089
99.081 190.135
111.773 189.892
124.044 190.095
136.773 190.023
149.126 189.808
161.740 189.995
174.085 189.883
186.737 189.876
199.016 189.827
211.788 189.856
224.046 189.887
236.818 189.878
248.998 189.819
36.805 202.654
48.958 202.708
61.880 202.752
73.985 202.734
86.877 202.761
99.077 202.637
111.747 202.711
124.011 202.686
136.824 202.684
149.038 202.513
161.878 202.658
174.034 202.665
186.822 202.689
199.117 202.674
211.758 202.674
223.965 202.611
236.993 202.663
249.115 202.620
49.018 214.925
61.857 215.084
74.046 215.030
86.854 215.085
99.057 214.854
111.795 215.171
124.085 215.066
136.713 215.127
149.094 214.830
161.816 214.892
174.004 214.855
186.775 215.100
199.061 215.061
211.716 214.833
224.061 215.068
236.834 215.080
49.040 227.647
61.891 227.762
74.019 227.691
86.854 227.757
99.092 227.732
111.664 227.665
123.900 227.775
136.927 227.731
149.092 227.666
161.814 227.718
174.056 227.609
186.937 227.770
198.957 227.793
211.907 227.695
223.974 227.709
236.830 227.865
61.909 239.847
74.189 240.049
86.743 240.102
99.129 240.099
111.705 240.121
124.150 239.847
136.690 239.924
149.065 240.270
161.783 240.037
174.058 240.018
186.767 240.127
199.030 240.080
211.804 240.074
224.042 239.839
73.998 252.602
86.880 253.017
98.982 252.723
111.904 252.757
123.974 252.702
136.811 252.765
149.006 252.748
161.856 252.731
174.022 252.780
186.857 252.710
199.067 252.744
211.874 252.674
99.081 264.985
111.785 265.030
123.991 265.075
136.733 265.052
149.082 265.165
161.698 265.101
174.082 265.096
186.723 265.061
136.896 277.772
148.983 277.780
