135.552 31.415
147.725 31.321
97.812 44.111
110.422 44.068
122.830 44.090
135.562 44.090
147.957 44.060
160.457 44.143
172.836 44.020
185.411 44.023
72.649 56.668
85.592 56.379
97.615 56.335
110.674 56.493
122.761 56.463
135.644 56.450
147.610 56.281
160.549 56.501
172.663 56.583
185.551 56.485
197.743 56.509
210.626 56.420
60.491 69.194
72.919 69.055
85.437 69.103
97.751 69.097
110.451 69.096
122.819 69.126
135.403 69.193
147.822 69.108
160.438 69.167
172.887 69.193
185.454 69.142
197.797 69.157
210.525 69.167
222.866 69.120
47.610 81.584
60.495 81.433
72.717 81.531
85.541 81.479
97.782 81.377
110.547 81.396
122.611 81.495
135.455 81.456
147.810 81.409
160.539 81.428
172.759 81.521
185.552 81.388
197.749 81.322
210.646 81.340
222.621 81.296
235.596 81.396
47.821 94.179
60.453 94.187
72.738 94.222
85.422 94.137
97.774 94.216
110.579 94.369
122.734 94.228
135.397 94.173
147.765 94.127
160.463 94.102
172.785 94.139
185.408 94.095
197.748 94.194
210.553 94.160
222.863 94.223
235.451 94.089
35.547 106.698
47.712 106.500
60.543 106.430
72.730 106.448
85.494 106.507
97.730 106.431
110.470 106.431
122.762 106.493
135.536 106.622
147.664 106.467
160.536 106.582
172.772 106.527
185.588 106.488
197.661 106.543
210.537 106.425
222.603 106.374
235.463 106.704
247.681 106.468
35.380 119.197
47.839 119.360
60.523 119.256
72.745 119.168
85.518 119.329
97.940 119.220
110.443 119.231
122.809 119.253
135.515 119.197
147.738 119.251
160.560 119.335
172.904 119.209
185.502 119.186
197.809 119.205
210.500 119.301
222.762 119.244
235.463 119.374
247.827 119.233
35.517 131.365
47.694 131.507
60.555 131.808
72.761 131.378
85.602 131.797
97.680 131.555
110.626 131.464
122.623 131.445
135.488 131.436
147.806 131.725
160.571 131.378
172.736 131.445
185.477 131.569
197.701 131.474
210.541 131.648
222.797 131.642
235.518 131.393
247.738 131.670
22.802 144.247
35.538 144.267
47.724 144.272
60.527 144.278
72.802 144.316
85.490 144.224
97.765 144.320
110.492 144.348
122.790 144.196
135.416 144.200
147.767 144.227
160.524 144.336
172.662 144.379
185.536 144.197
197.776 144.308
210.454 144.305
222.777 144.209
235.460 144.254
247.699 144.255
260.409 144.325
22.737 156.568
35.485 156.733
47.638 156.550
60.499 156.551
72.717 156.504
85.473 156.632
97.679 156.456
110.576 156.452
122.795 156.713
135.517 156.506
147.791 156.675
160.468 156.764
172.699 156.542
185.523 156.503
197.867 156.477
210.468 156.493
222.750 156.674
235.461 156.491
247.752 156.490
260.552 156.581
35.481 169.339
47.838 169.175
60.504 169.405
72.766 169.211
85.550 169.308
97.803 169.325
110.509 169.304
122.749 169.305
135.448 169.322
147.861 169.250
160.508 169.384
172.786 169.256
185.482 169.369
197.820 169.294
210.547 169.300
222.720 169.304
235.692 169.403
247.626 169.369
35.502 181.678
47.797 181.711
60.459 181.673
72.656 181.522
85.482 181.747
97.787 181.793
110.479 181.550
122.750 181.753
135.479 181.681
147.832 181.466
160.446 181.653
172.791 181.541
185.443 181.534
197.722 181.485
210.494 181.514
222.752 181.545
235.524 181.536
247.704 181.477
35.511 194.312
47.664 194.366
60.586 194.410
72.691 194.392
85.583 194.419
97.783 194.295
110.453 194.369
122.717 194.344
135.530 194.342
147.744 194.171
160.584 194.316
172.740 194.323
185.528 194.347
197.823 194.332
210.464 194.332
222.671 194.269
235.699 194.321
247.821 194.278
47.724 206.583
60.563 206.742
72.752 206.688
85.560 206.743
97.763 206.512
110.501 206.829
122.791 206.724
135.419 206.785
147.800 206.488
160.522 206.550
172.710 206.513
185.481 206.758
197.767 206.719
210.422 206.491
222.767 206.726
235.540 206.738
47.746 219.305
60.597 219.420
72.725 219.349
85.560 219.415
97.798 219.390
110.370 219.323
122.606 219.433
135.633 219.389
147.798 219.324
160.520 219.376
172.762 219.267
185.643 219.428
197.663 219.451
210.613 219.353
222.680 219.367
235.536 219.523
60.615 231.505
72.895 231.707
85.449 231.760
97.835 231.757
110.411 231.779
122.856 231.505
135.396 231.582
147.771 231.928
160.489 231.695
172.764 231.676
185.473 231.785
197.736 231.738
210.510 231.732
222.748 231.497
72.704 244.260
85.586 244.675
97.688 244.381
110.610 244.415
122.680 244.360
135.517 244.423
147.712 244.406
160.562 244.389
172.728 244.438
185.563 244.368
197.773 244.402
210.580 244.332
97.787 256.643
110.491 256.688
122.697 256.733
135.439 256.710
147.788 256.823
160.404 256.759
172.788 256.754
185.429 256.719
135.602 269.430
147.689 269.438
