144.088 29.751
156.261 29.657
106.348 42.447
118.958 42.404
131.366 42.426
144.098 42.426
156.493 42.396
168.993 42.479
181.372 42.356
193.947 42.359
81.185 55.004
94.128 54.715
106.151 54.671
119.210 54.829
131.297 54.799
144.180 54.786
156.146 54.617
169.085 54.837
181.199 54.919
194.087 54.821
206.279 54.845
219.162 54.756
69.027 67.530
81.455 67.391
93.973 67.439
106.287 67.433
118.987 67.432
131.355 67.462
143.939 67.529
156.358 67.444
168.974 67.503
181.423 67.529
193.990 67.478
206.333 67.493
219.061 67.503
231.402 67.456
56.146 79.920
69.031 79.769
81.253 79.867
94.077 79.815
106.318 79.713
119.083 79.732
131.147 79.831
143.991 79.792
156.346 79.745
169.075 79.764
181.295 79.857
194.088 79.724
206.285 79.658
219.182 79.676
231.157 79.632
244.132 79.732
56.357 92.515
68.989 92.523
81.274 92.558
93.958 92.473
106.310 92.552
119.115 92.705
131.270 92.564
143.933 92.509
156.301 92.463
168.999 92.438
181.321 92.475
193.944 92.431
206.284 92.530
219.089 92.496
231.399 92.559
243.987 92.425
44.083 105.034
56.248 104.836
69.079 104.766
81.266 104.784
94.030 104.843
106.266 104.767
119.006 104.767
131.298 104.829
144.072 104.958
156.200 104.803
169.072 104.918
181.308 104.863
194.124 104.824
206.197 104.879
219.073 104.761
231.139 104.710
243.999 105.040
256.217 104.804
43.916 117.533
56.375 117.696
69.059 117.592
81.281 117.504
94.054 117.665
106.476 117.556
118.979 117.567
131.345 117.589
144.051 117.533
156.274 117.587
169.096 117.671
181.440 117.545
194.038 117.522
206.345 117.541
219.036 117.637
231.298 117.580
243.999 117.710
256.363 117.569
44.053 129.701
56.230 129.843
69.091 130.144
81.297 129.714
94.138 130.133
106.216 129.891
119.162 129.800
131.159 129.781
144.024 129.772
156.342 130.061
169.107 129.714
181.272 129.781
194.013 129.905
206.237 129.810
219.077 129.984
231.333 129.978
244.054 129.729
256.274 130.006
31.338 142.583
44.074 142.603
56.260 142.608
69.063 142.614
81.338 142.652
94.026 142.560
106.301 142.656
119.028 142.684
131.326 142.532
143.952 142.536
156.303 142.563
169.060 142.672
181.198 142.715
194.072 142.533
206.312 142.644
218.990 142.641
231.313 142.545
243.996 142.590
256.235 142.591
268.945 142.661
31.273 154.904
44.021 155.069
56.174 154.886
69.035 154.887
81.253 154.840
94.009 154.968
106.215 154.792
119.112 154.788
131.331 155.049
144.053 154.842
156.327 155.011
169.004 155.100
181.235 154.878
194.059 154.839
206.403 154.813
219.004 154.829
231.286 155.010
243.997 154.827
256.288 154.826
269.088 154.917
44.017 167.675
56.374 167.511
69.040 167.741
81.302 167.547
94.086 167.644
106.339 167.661
119.045 167.640
131.285 167.641
143.984 167.658
156.397 167.586
169.044 167.720
181.322 167.592
194.018 167.705
206.356 167.630
219.083 167.636
231.256 167.640
244.228 167.739
256.162 167.705
44.038 180.014
56.333 180.047
68.995 180.009
81.192 179.858
94.018 180.083
106.323 180.129
119.015 179.886
131.286 180.089
144.015 180.017
156.368 179.802
168.982 179.989
181.327 179.877
193.979 179.870
206.258 179.821
219.030 179.850
231.288 179.881
244.060 179.872
256.240 179.813
44.047 192.648
56.200 192.702
69.122 192.746
81.227 192.728
94.119 192.755
106.319 192.631
118.989 192.705
131.253 192.680
144.066 192.678
156.280 192.507
169.120 192.652
181.276 192.659
194.064 192.683
206.359 192.668
219.000 192.668
231.207 192.605
244.235 192.657
256.357 192.614
56.260 204.919
69.099 205.078
81.288 205.024
94.096 205.079
106.299 204.848
119.037 205.165
131.327 205.060
143.955 205.121
156.336 204.824
169.058 204.886
181.246 204.849
194.017 205.094
206.303 205.055
218.958 204.827
231.303 205.062
244.076 205.074
56.282 217.641
69.133 217.756
81.261 217.685
94.096 217.751
106.334 217.726
118.906 217.659
131.142 217.769
144.169 217.725
156.334 217.660
169.056 217.712
181.298 217.603
194.179 217.764
206.199 217.787
219.149 217.689
231.216 217.703
244.072 217.859
69.151 229.841
81.431 230.043
93.985 230.096
106.371 230.093
118.947 230.115
131.392 229.841
143.932 229.918
156.307 230.264
169.025 230.031
181.300 230.012
194.009 230.121
206.272 230.074
219.046 230.068
231.284 229.833
81.240 242.596
94.122 243.011
106.224 242.717
119.146 242.751
131.216 242.696
144.053 242.759
156.248 242.742
169.098 242.725
181.264 242.774
194.099 242.704
206.309 242.738
219.116 242.668
106.323 254.979
119.027 255.024
131.233 255.069
143.975 255.046
156.324 255.159
168.940 255.095
181.324 255.090
193.965 255.055
144.138 267.766
156.225 267.774
