147.094 25.767
159.267 25.673
109.354 38.463
121.964 38.420
134.372 38.442
147.104 38.442
159.499 38.412
171.999 38.495
184.378 38.372
196.953 38.375
84.191 51.020
97.134 50.731
109.157 50.687
122.216 50.845
134.303 50.815
147.186 50.802
159.152 50.633
172.091 50.853
184.205 50.935
197.093 50.837
209.285 50.861
222.168 50.772
72.033 63.546
84.461 63.407
96.979 63.455
109.293 63.449
121.993 63.448
134.361 63.478
146.945 63.545
159.364 63.460
171.980 63.519
184.429 63.545
196.996 63.494
209.339 63.509
222.067 63.519
234.408 63.472
59.152 75.936
72.037 75.785
84.259 75.883
97.083 75.831
109.324 75.729
122.089 75.748
134.153 75.847
146.997 75.808
159.352 75.761
172.081 75.780
184.301 75.873
197.094 75.740
209.291 75.674
222.188 75.692
234.163 75.648
247.138 75.748
59.363 88.531
71.995 88.539
84.280 88.574
96.964 88.489
109.316 88.568
122.121 88.721
134.276 88.580
146.939 88.525
159.307 88.479
172.005 88.454
184.327 88.491
196.950 88.447
209.290 88.546
222.095 88.512
234.405 88.575
246.993 88.441
47.089 101.050
59.254 100.852
72.085 100.782
84.272 100.800
97.036 100.859
109.272 100.783
122.012 100.783
134.304 100.845
147.078 100.974
159.206 100.819
172.078 100.934
184.314 100.879
197.130 100.840
209.203 100.895
222.079 100.777
234.145 100.726
247.005 101.056
259.223 100.820
46.922 113.549
59.381 113.712
72.065 113.608
84.287 113.520
97.060 113.681
109.482 113.572
121.985 113.583
134.351 113.605
147.057 113.549
159.280 113.603
172.102 113.687
184.446 113.561
197.044 113.538
209.351 113.557
222.042 113.653
234.304 113.596
247.005 113.726
259.369 113.585
47.059 125.717
59.236 125.859
72.097 126.160
84.303 125.730
97.144 126.149
109.222 125.907
122.168 125.816
134.165 125.797
147.030 125.788
159.348 126.077
172.113 125.730
184.278 125.797
197.019 125.921
209.243 125.826
222.083 126.000
234.339 125.994
247.060 125.745
259.280 126.022
34.344 138.599
47.080 138.619
59.266 138.624
72.069 138.630
84.344 138.668
97.032 138.576
109.307 138.672
122.034 138.700
134.332 138.548
146.958 138.552
159.309 138.579
172.066 138.688
184.204 138.731
197.078 138.549
209.318 138.660
221.996 138.657
234.319 138.561
247.002 138.606
259.241 138.607
271.951 138.677
34.279 150.920
47.027 151.085
59.180 150.902
72.041 150.903
84.259 150.856
97.015 150.984
109.221 150.808
122.118 150.804
134.337 151.065
147.059 150.858
159.333 151.027
172.010 151.116
184.241 150.894
197.065 150.855
209.409 150.829
222.010 150.845
234.292 151.026
247.003 150.843
259.294 150.842
272.094 150.933
47.023 163.691
59.380 163.527
72.046 163.757
84.308 163.563
97.092 163.660
109.345 163.677
122.051 163.656
134.291 163.657
146.990 163.674
159.403 163.602
172.050 163.736
184.328 163.608
197.024 163.721
209.362 163.646
222.089 163.652
234.262 163.656
247.234 163.755
259.168 163.721
47.044 176.030
59.339 176.063
72.001 176.025
84.198 175.874
97.024 176.099
109.329 176.145
122.021 175.902
134.292 176.105
147.021 176.033
159.374 175.818
171.988 176.005
184.333 175.893
196.985 175.886
209.264 175.837
222.036 175.866
234.294 175.897
247.066 175.888
259.246 175.829
47.053 188.664
59.206 188.718
72.128 188.762
84.233 188.744
97.125 188.771
109.325 188.647
121.995 188.721
134.259 188.696
147.072 188.694
159.286 188.523
172.126 188.668
184.282 188.675
197.070 188.699
209.365 188.684
222.006 188.684
234.213 188.621
247.241 188.673
259.363 188.630
59.266 200.935
72.105 201.094
84.294 201.040
97.102 201.095
109.305 200.864
122.043 201.181
134.333 201.076
146.961 201.137
159.342 200.840
172.064 200.902
184.252 200.865
197.023 201.110
209.309 201.071
221.964 200.843
234.309 201.078
247.082 201.090
59.288 213.657
72.139 213.772
84.267 213.701
97.102 213.767
109.340 213.742
121.912 213.675
134.148 213.785
147.175 213.741
159.340 213.676
172.062 213.728
184.304 213.619
197.185 213.780
209.205 213.803
222.155 213.705
234.222 213.719
247.078 213.875
72.157 225.857
84.437 226.059
96.991 226.112
109.377 226.109
121.953 226.131
134.398 225.857
146.938 225.934
159.313 226.280
172.031 226.047
184.306 226.028
197.015 226.137
209.278 226.090
222.052 226.084
234.290 225.849
84.246 238.612
97.128 239.027
109.230 238.733
122.152 238.767
134.222 238.712
147.059 238.775
159.254 238.758
172.104 238.741
184.270 238.790
197.105 238.720
209.315 238.754
222.122 238.684
109.329 250.995
122.033 251.040
134.239 251.085
146.981 251.062
159.330 251.175
171.946 251.111
184.330 251.106
196.971 251.071
147.144 263.782
159.231 263.790
