137.890 30.088
150.063 29.994
100.150 42.784
112.760 42.741
125.168 42.763
137.900 42.763
150.295 42.733
162.795 42.816
175.174 42.693
187.749 42.696
74.987 55.341
87.930 55.052
99.953 55.008
113.012 55.166
125.099 55.136
137.982 55.123
149.948 54.954
162.887 55.174
175.001 55.256
187.889 55.158
200.081 55.182
212.964 55.093
62.829 67.867
75.257 67.728
87.775 67.776
100.089 67.770
112.789 67.769
125.157 67.799
137.741 67.866
150.160 67.781
162.776 67.840
175.225 67.866
187.792 67.815
200.135 67.830
212.863 67.840
225.204 67.793
49.948 80.257
62.833 80.106
75.055 80.204
87.879 80.152
100.120 80.050
112.885 80.069
124.949 80.168
137.793 80.129
150.148 80.082
162.877 80.101
175.097 80.194
187.890 80.061
200.087 79.995
212.984 80.013
224.959 79.969
237.934 80.069
50.159 92.852
62.791 92.860
75.076 92.895
87.760 92.810
100.112 92.889
112.917 93.042
125.072 92.901
137.735 92.846
150.103 92.800
162.801 92.775
175.123 92.812
187.746 92.768
200.086 92.867
212.891 92.833
225.201 92.896
237.789 92.762
37.885 105.371
50.050 105.173
62.881 105.103
75.068 105.121
87.832 105.180
100.068 105.104
112.808 105.104
125.100 105.166
137.874 105.295
150.002 105.140
162.874 105.255
175.110 105.200
187.926 105.161
199.999 105.216
212.875 105.098
224.941 105.047
237.801 105.377
250.019 105.141
37.718 117.870
50.177 118.033
62.861 117.929
75.083 117.841
87.856 118.002
100.278 117.893
112.781 117.904
125.147 117.926
137.853 117.870
150.076 117.924
162.898 118.008
175.242 117.882
187.840 117.859
200.147 117.878
212.838 117.974
225.100 117.917
237.801 118.047
250.165 117.906
37.855 130.038
50.032 130.180
62.893 130.481
75.099 130.051
87.940 130.470
100.018 130.228
112.964 130.137
124.961 130.118
137.826 130.109
150.144 130.398
162.909 130.051
175.074 130.118
187.815 130.242
200.039 130.147
212.879 130.321
225.135 130.315
237.856 130.066
250.076 130.343
25.140 142.920
37.876 142.940
50.062 142.945
62.865 142.951
75.140 142.989
87.828 142.897
100.103 142.993
112.830 143.021
125.128 142.869
137.754 142.873
150.105 142.900
162.862 143.009
175.000 143.052
187.874 142.870
200.114 142.981
212.792 142.978
225.115 142.882
237.798 142.927
250.037 142.928
262.747 142.998
25.075 155.241
37.823 155.406
49.976 155.223
62.837 155.224
75.055 155.177
87.811 155.305
100.017 155.129
112.914 155.125
125.133 155.386
137.855 155.179
150.129 155.348
162.806 155.437
175.037 155.215
187.861 155.176
200.205 155.150
212.806 155.166
225.088 155.347
237.799 155.164
250.090 155.163
262.890 155.254
37.819 168.012
50.176 167.848
62.842 168.078
75.104 167.884
87.888 167.981
100.141 167.998
112.847 167.977
125.087 167.978
137.786 167.995
150.199 167.923
162.846 168.057
175.124 167.929
187.820 168.042
200.158 167.967
212.885 167.973
225.058 167.977
238.030 168.076
249.964 168.042
37.840 180.351
50.135 180.384
62.797 180.346
74.994 180.195
87.820 180.420
100.125 180.466
112.817 180.223
125.088 180.426
137.817 180.354
150.170 180.139
162.784 180.326
175.129 180.214
187.781 180.207
200.060 180.158
212.832 180.187
225.090 180.218
237.862 180.209
250.042 180.150
37.849 192.985
50.002 193.039
62.924 193.083
75.029 193.065
87.921 193.092
100.121 192.968
112.791 193.042
125.055 193.017
137.868 193.015
150.082 192.844
162.922 192.989
175.078 192.996
187.866 193.020
200.161 193.005
212.802 193.005
225.009 192.942
238.037 192.994
250.159 192.951
50.062 205.256
62.901 205.415
75.090 205.361
87.898 205.416
100.101 205.185
112.839 205.502
125.129 205.397
137.757 205.458
150.138 205.161
162.860 205.223
175.048 205.186
187.819 205.431
200.105 205.392
212.760 205.164
225.105 205.399
237.878 205.411
50.084 217.978
62.935 218.093
75.063 218.022
87.898 218.088
100.136 218.063
112.708 217.996
124.944 218.106
137.971 218.062
150.136 217.997
162.858 218.049
175.100 217.940
187.981 218.101
200.001 218.124
212.951 218.026
225.018 218.040
237.874 218.196
62.953 230.178
75.233 230.380
87.787 230.433
100.173 230.430
112.749 230.452
125.194 230.178
137.734 230.255
150.109 230.601
162.827 230.368
175.102 230.349
187.811 230.458
200.074 230.411
212.848 230.405
225.086 230.170
75.042 242.933
87.924 243.348
100.026 243.054
112.948 243.088
125.018 243.033
137.855 243.096
150.050 243.079
162.900 243.062
175.066 243.111
187.901 243.041
200.111 243.075
212.918 243.005
100.125 255.316
112.829 255.361
125.035 255.406
137.777 255.383
150.126 255.496
162.742 255.432
175.126 255.427
187.767 255.392
137.940 268.103
150.027 268.111
