142.924 31.536
155.097 31.442
105.184 44.232
117.794 44.189
130.202 44.211
142.934 44.211
155.329 44.181
167.829 44.264
180.208 44.141
192.783 44.144
80.021 56.789
92.964 56.500
104.987 56.456
118.046 56.614
130.133 56.584
143.016 56.571
154.982 56.402
167.921 56.622
180.035 56.704
192.923 56.606
205.115 56.630
217.998 56.541
67.863 69.315
80.291 69.176
92.809 69.224
105.123 69.218
117.823 69.217
130.191 69.247
142.775 69.314
155.194 69.229
167.810 69.288
180.259 69.314
192.826 69.263
205.169 69.278
217.897 69.288
230.238 69.241
54.982 81.705
67.867 81.554
80.089 81.652
92.913 81.600
105.154 81.498
117.919 81.517
129.983 81.616
142.827 81.577
155.182 81.530
167.911 81.549
180.131 81.642
192.924 81.509
205.121 81.443
218.018 81.461
229.993 81.417
242.968 81.517
55.193 94.300
67.825 94.308
80.110 94.343
92.794 94.258
105.146 94.337
117.951 94.490
130.106 94.349
142.769 94.294
155.137 94.248
167.835 94.223
180.157 94.260
192.780 94.216
205.120 94.315
217.925 94.281
230.235 94.344
242.823 94.210
42.919 106.819
55.084 106.621
67.915 106.551
80.102 106.569
92.866 106.628
105.102 106.552
117.842 106.552
130.134 106.614
142.908 106.743
155.036 106.588
167.908 106.703
180.144 106.648
192.960 106.609
205.033 106.664
217.909 106.546
229.975 106.495
242.835 106.825
255.053 106.589
42.752 119.318
55.211 119.481
67.895 119.377
80.117 119.289
92.890 119.450
105.312 119.341
117.815 119.352
130.181 119.374
142.887 119.318
155.110 119.372
167.932 119.456
180.276 119.330
192.874 119.307
205.181 119.326
217.872 119.422
230.134 119.365
242.835 119.495
255.199 119.354
42.889 131.486
55.066 131.628
67.927 131.929
80.133 131.499
92.974 131.918
105.052 131.676
117.998 131.585
129.995 131.566
142.860 131.557
155.178 131.846
167.943 131.499
180.108 131.566
192.849 131.690
205.073 131.595
217.913 131.769
230.169 131.763
242.890 131.514
255.110 131.791
30.174 144.368
42.910 144.388
55.096 144.393
67.899 144.399
80.174 144.437
92.862 144.345
105.137 144.441
117.864 144.469
130.162 144.317
142.788 144.321
155.139 144.348
167.896 144.457
180.034 144.500
192.908 144.318
205.148 144.429
217.826 144.426
230.149 144.330
242.832 144.375
255.071 144.376
267.781 144.446
30.109 156.689
42.857 156.854
55.010 156.671
67.871 156.672
80.089 156.625
92.845 156.753
105.051 156.577
117.948 156.573
130.167 156.834
142.889 156.627
155.163 156.796
167.840 156.885
180.071 156.663
192.895 156.624
205.239 156.598
217.840 156.614
230.122 156.795
242.833 156.612
255.124 156.611
267.924 156.702
42.853 169.460
55.210 169.296
67.876 169.526
80.138 169.332
92.922 169.429
105.175 169.446
117.881 169.425
130.121 169.426
142.820 169.443
155.233 169.371
167.880 169.505
180.158 169.377
192.854 169.490
205.192 169.415
217.919 169.421
230.092 169.425
243.064 169.524
254.998 169.490
42.874 181.799
55.169 181.832
67.831 181.794
80.028 181.643
92.854 181.868
105.159 181.914
117.851 181.671
130.122 181.874
142.851 181.802
155.204 181.587
167.818 181.774
180.163 181.662
192.815 181.655
205.094 181.606
217.866 181.635
230.124 181.666
242.896 181.657
255.076 181.598
42.883 194.433
55.036 194.487
67.958 194.531
80.063 194.513
92.955 194.540
105.155 194.416
117.825 194.490
130.089 194.465
142.902 194.463
155.116 194.292
167.956 194.437
180.112 194.444
192.900 194.468
205.195 194.453
217.836 194.453
230.043 194.390
243.071 194.442
255.193 194.399
55.096 206.704
67.935 206.863
80.124 206.809
92.932 206.864
105.135 206.633
117.873 206.950
130.163 206.845
142.791 206.906
155.172 206.609
167.894 206.671
180.082 206.634
192.853 206.879
205.139 206.840
217.794 206.612
230.139 206.847
242.912 206.859
55.118 219.426
67.969 219.541
80.097 219.470
92.932 219.536
105.170 219.511
117.742 219.444
129.978 219.554
143.005 219.510
155.170 219.445
167.892 219.497
180.134 219.388
193.015 219.549
205.035 219.572
217.985 219.474
230.052 219.488
242.908 219.644
67.987 231.626
80.267 231.828
92.821 231.881
105.207 231.878
117.783 231.900
130.228 231.626
142.768 231.703
155.143 232.049
167.861 231.816
180.136 231.797
192.845 231.906
205.108 231.859
217.882 231.853
230.120 231.618
80.076 244.381
92.958 244.796
105.060 244.502
117.982 244.536
130.052 244.481
142.889 244.544
155.084 244.527
167.934 244.510
180.100 244.559
192.935 244.489
205.145 244.523
217.952 244.453
105.159 256.764
117.863 256.809
130.069 256.854
142.811 256.831
155.160 256.944
167.776 256.880
180.160 256.875
192.801 256.840
142.974 269.551
155.061 269.559
