142.818 31.186
155.318 31.186
105.318 43.686
117.818 43.686
130.318 43.686
142.818 43.686
155.318 43.686
167.818 43.686
180.318 43.686
192.818 43.686
80.318 56.186
92.818 56.186
105.318 56.186
117.818 56.186
130.318 56.186
142.818 56.186
155.318 56.186
167.818 56.186
180.318 56.186
192.818 56.186
205.318 56.186
217.818 56.186
67.818 68.686
80.318 68.686
92.818 68.686
105.318 68.686
117.818 68.686
130.318 68.686
142.818 68.686
155.318 68.686
167.818 68.686
180.318 68.686
192.818 68.686
205.318 68.686
217.818 68.686
230.318 68.686
55.318 81.186
67.818 81.186
80.318 81.186
92.818 81.186
105.318 81.186
117.818 81.186
130.318 81.186
142.818 81.186
155.318 81.186
167.818 81.186
180.318 81.186
192.818 81.186
205.318 81.186
217.818 81.186
230.318 81.186
242.818 81.186
55.318 93.686
67.818 93.686
80.318 93.686
92.818 93.686
105.318 93.686
117.818 93.686
130.318 93.686
142.818 93.686
155.318 93.686
167.818 93.686
180.318 93.686
192.818 93.686
205.318 93.686
217.818 93.686
230.318 93.686
242.818 93.686
42.818 106.186
55.318 106.186
67.818 106.186
80.318 106.186
92.818 106.186
105.318 106.186
117.818 106.186
130.318 106.186
142.818 106.186
155.318 106.186
167.818 106.186
180.318 106.186
192.818 106.186
205.318 106.186
217.818 106.186
230.318 106.186
242.818 106.186
255.318 106.186
42.818 118.686
55.318 118.686
67.818 118.686
80.318 118.686
92.818 118.686
105.318 118.686
117.818 118.686
130.318 118.686
142.818 118.686
155.318 118.686
167.818 118.686
180.318 118.686
192.818 118.686
205.318 118.686
217.818 118.686
230.318 118.686
242.818 118.686
255.318 118.686
42.818 131.186
55.318 131.186
67.818 131.186
80.318 131.186
92.818 131.186
105.318 131.186
117.818 131.186
130.318 131.186
142.818 131.186
155.318 131.186
167.818 131.186
180.318 131.186
192.818 131.186
205.318 131.186
217.818 131.186
230.318 131.186
242.818 131.186
255.318 131.186
30.318 143.686
42.818 143.686
55.318 143.686
67.818 143.686
80.318 143.686
92.818 143.686
105.318 143.686
117.818 143.686
130.318 143.686
142.818 143.686
155.318 143.686
167.818 143.686
180.318 143.686
192.818 143.686
205.318 143.686
217.818 143.686
230.318 143.686
242.818 143.686
255.318 143.686
267.818 143.686
30.318 156.186
42.818 156.186
55.318 156.186
67.818 156.186
80.318 156.186
92.818 156.186
105.318 156.186
117.818 156.186
130.318 156.186
142.818 156.186
155.318 156.186
167.818 156.186
180.318 156.186
192.818 156.186
205.318 156.186
217.818 156.186
230.318 156.186
242.818 156.186
255.318 156.186
267.818 156.186
42.818 168.686
55.318 168.686
67.818 168.686
80.318 168.686
92.818 168.686
105.318 168.686
117.818 168.686
130.318 168.686
142.818 168.686
155.318 168.686
167.818 168.686
180.318 168.686
192.818 168.686
205.318 168.686
217.818 168.686
230.318 168.686
242.818 168.686
255.318 168.686
42.818 181.186
55.318 181.186
67.818 181.186
80.318 181.186
92.818 181.186
105.318 181.186
117.818 181.186
130.318 181.186
142.818 181.186
155.318 181.186
167.818 181.186
180.318 181.186
192.818 181.186
205.318 181.186
217.818 181.186
230.318 181.186
242.818 181.186
255.318 181.186
42.818 193.686
55.318 193.686
67.818 193.686
80.318 193.686
92.818 193.686
105.318 193.686
117.818 193.686
130.318 193.686
142.818 193.686
155.318 193.686
167.818 193.686
180.318 193.686
192.818 193.686
205.318 193.686
217.818 193.686
230.318 193.686
242.818 193.686
255.318 193.686
55.318 206.186
67.818 206.186
80.318 206.186
92.818 206.186
105.318 206.186
117.818 206.186
130.318 206.186
142.818 206.186
155.318 206.186
167.818 206.186
180.318 206.186
192.818 206.186
205.318 206.186
217.818 206.186
230.318 206.186
242.818 206.186
55.318 218.686
67.818 218.686
80.318 218.686
92.818 218.686
105.318 218.686
117.818 218.686
130.318 218.686
142.818 218.686
155.318 218.686
167.818 218.686
180.318 218.686
192.818 218.686
205.318 218.686
217.818 218.686
230.318 218.686
242.818 218.686
67.818 231.186
80.318 231.186
92.818 231.186
105.318 231.186
117.818 231.186
130.318 231.186
142.818 231.186
155.318 231.186
167.818 231.186
180.318 231.186
192.818 231.186
205.318 231.186
217.818 231.186
230.318 231.186
80.318 243.686
92.818 243.686
105.318 243.686
117.818 243.686
130.318 243.686
142.818 243.686
155.318 243.686
167.818 243.686
180.318 243.686
192.818 243.686
205.318 243.686
217.818 243.686
105.318 256.186
117.818 256.186
130.318 256.186
142.818 256.186
155.318 256.186
167.818 256.186
180.318 256.186
192.818 256.186
142.818 268.686
155.318 268.686
