145.417 30.526
157.590 30.432
107.677 43.222
120.287 43.179
132.695 43.201
145.427 43.201
157.822 43.171
170.322 43.254
182.701 43.131
195.276 43.134
82.514 55.779
95.457 55.490
107.480 55.446
120.539 55.604
132.626 55.574
145.509 55.561
157.475 55.392
170.414 55.612
182.528 55.694
195.416 55.596
207.608 55.620
220.491 55.531
70.356 68.305
82.784 68.166
95.302 68.214
107.616 68.208
120.316 68.207
132.684 68.237
145.268 68.304
157.687 68.219
170.303 68.278
182.752 68.304
195.319 68.253
207.662 68.268
220.390 68.278
232.731 68.231
57.475 80.695
70.360 80.544
82.582 80.642
95.406 80.590
107.647 80.488
120.412 80.507
132.476 80.606
145.320 80.567
157.675 80.520
170.404 80.539
182.624 80.632
195.417 80.499
207.614 80.433
220.511 80.451
232.486 80.407
245.461 80.507
57.686 93.290
70.318 93.298
82.603 93.333
95.287 93.248
107.639 93.327
120.444 93.480
132.599 93.339
145.262 93.284
157.630 93.238
170.328 93.213
182.650 93.250
195.273 93.206
207.613 93.305
220.418 93.271
232.728 93.334
245.316 93.200
45.412 105.809
57.577 105.611
70.408 105.541
82.595 105.559
95.359 105.618
107.595 105.542
120.335 105.542
132.627 105.604
145.401 105.733
157.529 105.578
170.401 105.693
182.637 105.638
195.453 105.599
207.526 105.654
220.402 105.536
232.468 105.485
245.328 105.815
257.546 105.579
45.245 118.308
57.704 118.471
70.388 118.367
82.610 118.279
95.383 118.440
107.805 118.331
120.308 118.342
132.674 118.364
145.380 118.308
157.603 118.362
170.425 118.446
182.769 118.320
195.367 118.297
207.674 118.316
220.365 118.412
232.627 118.355
245.328 118.485
257.692 118.344
45.382 130.476
57.559 130.618
70.420 130.919
82.626 130.489
95.467 130.908
107.545 130.666
120.491 130.575
132.488 130.556
145.353 130.547
157.671 130.836
170.436 130.489
182.601 130.556
195.342 130.680
207.566 130.585
220.406 130.759
232.662 130.753
245.383 130.504
257.603 130.781
32.667 143.358
45.403 143.378
57.589 143.383
70.392 143.389
82.667 143.427
95.355 143.335
107.630 143.431
120.357 143.459
132.655 143.307
145.281 143.311
157.632 143.338
170.389 143.447
182.527 143.490
195.401 143.308
207.641 143.419
220.319 143.416
232.642 143.320
245.325 143.365
257.564 143.366
270.274 143.436
32.602 155.679
45.350 155.844
57.503 155.661
70.364 155.662
82.582 155.615
95.338 155.743
107.544 155.567
120.441 155.563
132.660 155.824
145.382 155.617
157.656 155.786
170.333 155.875
182.564 155.653
195.388 155.614
207.732 155.588
220.333 155.604
232.615 155.785
245.326 155.602
257.617 155.601
270.417 155.692
45.346 168.450
57.703 168.286
70.369 168.516
82.631 168.322
95.415 168.419
107.668 168.436
120.374 168.415
132.614 168.416
145.313 168.433
157.726 168.361
170.373 168.495
182.651 168.367
195.347 168.480
207.685 168.405
220.412 168.411
232.585 168.415
245.557 168.514
257.491 168.480
45.367 180.789
57.662 180.822
70.324 180.784
82.521 180.633
95.347 180.858
107.652 180.904
120.344 180.661
132.615 180.864
145.344 180.792
157.697 180.577
170.311 180.764
182.656 180.652
195.308 180.645
207.587 180.596
220.359 180.625
232.617 180.656
245.389 180.647
257.569 180.588
45.376 193.423
57.529 193.477
70.451 193.521
82.556 193.503
95.448 193.530
107.648 193.406
120.318 193.480
132.582 193.455
145.395 193.453
157.609 193.282
170.449 193.427
182.605 193.434
195.393 193.458
207.688 193.443
220.329 193.443
232.536 193.380
245.564 193.432
257.686 193.389
57.589 205.694
70.428 205.853
82.617 205.799
95.425 205.854
107.628 205.623
120.366 205.940
132.656 205.835
145.284 205.896
157.665 205.599
170.387 205.661
182.575 205.624
195.346 205.869
207.632 205.830
220.287 205.602
232.632 205.837
245.405 205.849
57.611 218.416
70.462 218.531
82.590 218.460
95.425 218.526
107.663 218.501
120.235 218.434
132.471 218.544
145.498 218.500
157.663 218.435
170.385 218.487
182.627 218.378
195.508 218.539
207.528 218.562
220.478 218.464
232.545 218.478
245.401 218.634
70.480 230.616
82.760 230.818
95.314 230.871
107.700 230.868
120.276 230.890
132.721 230.616
145.261 230.693
157.636 231.039
170.354 230.806
182.629 230.787
195.338 230.896
207.601 230.849
220.375 230.843
232.613 230.608
82.569 243.371
95.451 243.786
107.553 243.492
120.475 243.526
132.545 243.471
145.382 243.534
157.577 243.517
170.427 243.500
182.593 243.549
195.428 243.479
207.638 243.513
220.445 243.443
107.652 255.754
120.356 255.799
132.562 255.844
145.304 255.821
157.653 255.934
170.269 255.870
182.653 255.865
195.294 255.830
145.467 268.541
157.554 268.549
