145.417 30.524
157.590 30.430
107.677 43.220
120.287 43.177
132.695 43.199
145.427 43.199
157.822 43.169
170.322 43.252
182.701 43.129
195.276 43.132
82.514 55.777
95.457 55.488
107.480 55.444
120.539 55.602
132.626 55.572
145.509 55.559
157.475 55.390
170.414 55.610
182.528 55.692
195.416 55.594
207.608 55.618
220.491 55.529
70.356 68.303
82.784 68.164
95.302 68.212
107.616 68.206
120.316 68.205
132.684 68.235
145.268 68.302
157.687 68.217
170.303 68.276
182.752 68.302
195.319 68.251
207.662 68.266
220.390 68.276
232.731 68.229
57.475 80.693
70.360 80.542
82.582 80.640
95.406 80.588
107.647 80.486
120.412 80.505
132.476 80.604
145.320 80.565
157.675 80.518
170.404 80.537
182.624 80.630
195.417 80.497
207.614 80.431
220.511 80.449
232.486 80.405
245.461 80.505
57.686 93.288
70.318 93.296
82.603 93.331
95.287 93.246
107.639 93.325
120.444 93.478
132.599 93.337
145.262 93.282
157.630 93.236
170.328 93.211
182.650 93.248
195.273 93.204
207.613 93.303
220.418 93.269
232.728 93.332
245.316 93.198
45.412 105.807
57.577 105.609
70.408 105.539
82.595 105.557
95.359 105.616
107.595 105.540
120.335 105.540
132.627 105.602
145.401 105.731
157.529 105.576
170.401 105.691
182.637 105.636
195.453 105.597
207.526 105.652
220.402 105.534
232.468 105.483
245.328 105.813
257.546 105.577
45.245 118.306
57.704 118.469
70.388 118.365
82.610 118.277
95.383 118.438
107.805 118.329
120.308 118.340
132.674 118.362
145.380 118.306
157.603 118.360
170.425 118.444
182.769 118.318
195.367 118.295
207.674 118.314
220.365 118.410
232.627 118.353
245.328 118.483
257.692 118.342
45.382 130.474
57.559 130.616
70.420 130.917
82.626 130.487
95.467 130.906
107.545 130.664
120.491 130.573
132.488 130.554
145.353 130.545
157.671 130.834
170.436 130.487
182.601 130.554
195.342 130.678
207.566 130.583
220.406 130.757
232.662 130.751
245.383 130.502
257.603 130.779
32.667 143.356
45.403 143.376
57.589 143.381
70.392 143.387
82.667 143.425
95.355 143.333
107.630 143.429
120.357 143.457
132.655 143.305
145.281 143.309
157.632 143.336
170.389 143.445
182.527 143.488
195.401 143.306
207.641 143.417
220.319 143.414
232.642 143.318
245.325 143.363
257.564 143.364
270.274 143.434
32.602 155.677
45.350 155.842
57.503 155.659
70.364 155.660
82.582 155.613
95.338 155.741
107.544 155.565
120.441 155.561
132.660 155.822
145.382 155.615
157.656 155.784
170.333 155.873
182.564 155.651
195.388 155.612
207.732 155.586
220.333 155.602
232.615 155.783
245.326 155.600
257.617 155.599
270.417 155.690
45.346 168.448
57.703 168.284
70.369 168.514
82.631 168.320
95.415 168.417
107.668 168.434
120.374 168.413
132.614 168.414
145.313 168.431
157.726 168.359
170.373 168.493
182.651 168.365
195.347 168.478
207.685 168.403
220.412 168.409
232.585 168.413
245.557 168.512
257.491 168.478
45.367 180.787
57.662 180.820
70.324 180.782
82.521 180.631
95.347 180.856
107.652 180.902
120.344 180.659
132.615 180.862
145.344 180.790
157.697 180.575
170.311 180.762
182.656 180.650
195.308 180.643
207.587 180.594
220.359 180.623
232.617 180.654
245.389 180.645
257.569 180.586
45.376 193.421
57.529 193.475
70.451 193.519
82.556 193.501
95.448 193.528
107.648 193.404
120.318 193.478
132.582 193.453
145.395 193.451
157.609 193.280
170.449 193.425
182.605 193.432
195.393 193.456
207.688 193.441
220.329 193.441
232.536 193.378
245.564 193.430
257.686 193.387
57.589 205.692
70.428 205.851
82.617 205.797
95.425 205.852
107.628 205.621
120.366 205.938
132.656 205.833
145.284 205.894
157.665 205.597
170.387 205.659
182.575 205.622
195.346 205.867
207.632 205.828
220.287 205.600
232.632 205.835
245.405 205.847
57.611 218.414
70.462 218.529
82.590 218.458
95.425 218.524
107.663 218.499
120.235 218.432
132.471 218.542
145.498 218.498
157.663 218.433
170.385 218.485
182.627 218.376
195.508 218.537
207.528 218.560
220.478 218.462
232.545 218.476
245.401 218.632
70.480 230.614
82.760 230.816
95.314 230.869
107.700 230.866
120.276 230.888
132.721 230.614
145.261 230.691
157.636 231.037
170.354 230.804
182.629 230.785
195.338 230.894
207.601 230.847
220.375 230.841
232.613 230.606
82.569 243.369
95.451 243.784
107.553 243.490
120.475 243.524
132.545 243.469
145.382 243.532
157.577 243.515
170.427 243.498
182.593 243.547
195.428 243.477
207.638 243.511
220.445 243.441
107.652 255.752
120.356 255.797
132.562 255.842
145.304 255.819
157.653 255.932
170.269 255.868
182.653 255.863
195.294 255.828
145.467 268.539
157.554 268.547
