143.945 30.855
156.118 30.761
106.205 43.551
118.815 43.508
131.223 43.530
143.955 43.530
156.350 43.500
168.850 43.583
181.229 43.460
193.804 43.463
81.042 56.108
93.985 55.819
106.008 55.775
119.067 55.933
131.154 55.903
144.037 55.890
156.003 55.721
168.942 55.941
181.056 56.023
193.944 55.925
206.136 55.949
219.019 55.860
68.884 68.634
81.312 68.495
93.830 68.543
106.144 68.537
118.844 68.536
131.212 68.566
143.796 68.633
156.215 68.548
168.831 68.607
181.280 68.633
193.847 68.582
206.190 68.597
218.918 68.607
231.259 68.560
56.003 81.024
68.888 80.873
81.110 80.971
93.934 80.919
106.175 80.817
118.940 80.836
131.004 80.935
143.848 80.896
156.203 80.849
168.932 80.868
181.152 80.961
193.945 80.828
206.142 80.762
219.039 80.780
231.014 80.736
243.989 80.836
56.214 93.619
68.846 93.627
81.131 93.662
93.815 93.577
106.167 93.656
118.972 93.809
131.127 93.668
143.790 93.613
156.158 93.567
168.856 93.542
181.178 93.579
193.801 93.535
206.141 93.634
218.946 93.600
231.256 93.663
243.844 93.529
43.940 106.138
56.105 105.940
68.936 105.870
81.123 105.888
93.887 105.947
106.123 105.871
118.863 105.871
131.155 105.933
143.929 106.062
156.057 105.907
168.929 106.022
181.165 105.967
193.981 105.928
206.054 105.983
218.930 105.865
230.996 105.814
243.856 106.144
256.074 105.908
43.773 118.637
56.232 118.800
68.916 118.696
81.138 118.608
93.911 118.769
106.333 118.660
118.836 118.671
131.202 118.693
143.908 118.637
156.131 118.691
168.953 118.775
181.297 118.649
193.895 118.626
206.202 118.645
218.893 118.741
231.155 118.684
243.856 118.814
256.220 118.673
43.910 130.805
56.087 130.947
68.948 131.248
81.154 130.818
93.995 131.237
106.073 130.995
119.019 130.904
131.016 130.885
143.881 130.876
156.199 131.165
168.964 130.818
181.129 130.885
193.870 131.009
206.094 130.914
218.934 131.088
231.190 131.082
243.911 130.833
256.131 131.110
31.195 143.687
43.931 143.707
56.117 143.712
68.920 143.718
81.195 143.756
93.883 143.664
106.158 143.760
118.885 143.788
131.183 143.636
143.809 143.640
156.160 143.667
168.917 143.776
181.055 143.819
193.929 143.637
206.169 143.748
218.847 143.745
231.170 143.649
243.853 143.694
256.092 143.695
268.802 143.765
31.130 156.008
43.878 156.173
56.031 155.990
68.892 155.991
81.110 155.944
93.866 156.072
106.072 155.896
118.969 155.892
131.188 156.153
143.910 155.946
156.184 156.115
168.861 156.204
181.092 155.982
193.916 155.943
206.260 155.917
218.861 155.933
231.143 156.114
243.854 155.931
256.145 155.930
268.945 156.021
43.874 168.779
56.231 168.615
68.897 168.845
81.159 168.651
93.943 168.748
106.196 168.765
118.902 168.744
131.142 168.745
143.841 168.762
156.254 168.690
168.901 168.824
181.179 168.696
193.875 168.809
206.213 168.734
218.940 168.740
231.113 168.744
244.085 168.843
256.019 168.809
43.895 181.118
56.190 181.151
68.852 181.113
81.049 180.962
93.875 181.187
106.180 181.233
118.872 180.990
131.143 181.193
143.872 181.121
156.225 180.906
168.839 181.093
181.184 180.981
193.836 180.974
206.115 180.925
218.887 180.954
231.145 180.985
243.917 180.976
256.097 180.917
43.904 193.752
56.057 193.806
68.979 193.850
81.084 193.832
93.976 193.859
106.176 193.735
118.846 193.809
131.110 193.784
143.923 193.782
156.137 193.611
168.977 193.756
181.133 193.763
193.921 193.787
206.216 193.772
218.857 193.772
231.064 193.709
244.092 193.761
256.214 193.718
56.117 206.023
68.956 206.182
81.145 206.128
93.953 206.183
106.156 205.952
118.894 206.269
131.184 206.164
143.812 206.225
156.193 205.928
168.915 205.990
181.103 205.953
193.874 206.198
206.160 206.159
218.815 205.931
231.160 206.166
243.933 206.178
56.139 218.745
68.990 218.860
81.118 218.789
93.953 218.855
106.191 218.830
118.763 218.763
130.999 218.873
144.026 218.829
156.191 218.764
168.913 218.816
181.155 218.707
194.036 218.868
206.056 218.891
219.006 218.793
231.073 218.807
243.929 218.963
69.008 230.945
81.288 231.147
93.842 231.200
106.228 231.197
118.804 231.219
131.249 230.945
143.789 231.022
156.164 231.368
168.882 231.135
181.157 231.116
193.866 231.225
206.129 231.178
218.903 231.172
231.141 230.937
81.097 243.700
93.979 244.115
106.081 243.821
119.003 243.855
131.073 243.800
143.910 243.863
156.105 243.846
168.955 243.829
181.121 243.878
193.956 243.808
206.166 243.842
218.973 243.772
106.180 256.083
118.884 256.128
131.090 256.173
143.832 256.150
156.181 256.263
168.797 256.199
181.181 256.194
193.822 256.159
143.995 268.870
156.082 268.878
