145.351 30.529
157.524 30.435
107.611 43.225
120.221 43.182
132.629 43.204
145.361 43.204
157.756 43.174
170.256 43.257
182.635 43.134
195.210 43.137
82.448 55.782
95.391 55.493
107.414 55.449
120.473 55.607
132.560 55.577
145.443 55.564
157.409 55.395
170.348 55.615
182.462 55.697
195.350 55.599
207.542 55.623
220.425 55.534
70.290 68.308
82.718 68.169
95.236 68.217
107.550 68.211
120.250 68.210
132.618 68.240
145.202 68.307
157.621 68.222
170.237 68.281
182.686 68.307
195.253 68.256
207.596 68.271
220.324 68.281
232.665 68.234
57.409 80.698
70.294 80.547
82.516 80.645
95.340 80.593
107.581 80.491
120.346 80.510
132.410 80.609
145.254 80.570
157.609 80.523
170.338 80.542
182.558 80.635
195.351 80.502
207.548 80.436
220.445 80.454
232.420 80.410
245.395 80.510
57.620 93.293
70.252 93.301
82.537 93.336
95.221 93.251
107.573 93.330
120.378 93.483
132.533 93.342
145.196 93.287
157.564 93.241
170.262 93.216
182.584 93.253
195.207 93.209
207.547 93.308
220.352 93.274
232.662 93.337
245.250 93.203
45.346 105.812
57.511 105.614
70.342 105.544
82.529 105.562
95.293 105.621
107.529 105.545
120.269 105.545
132.561 105.607
145.335 105.736
157.463 105.581
170.335 105.696
182.571 105.641
195.387 105.602
207.460 105.657
220.336 105.539
232.402 105.488
245.262 105.818
257.480 105.582
45.179 118.311
57.638 118.474
70.322 118.370
82.544 118.282
95.317 118.443
107.739 118.334
120.242 118.345
132.608 118.367
145.314 118.311
157.537 118.365
170.359 118.449
182.703 118.323
195.301 118.300
207.608 118.319
220.299 118.415
232.561 118.358
245.262 118.488
257.626 118.347
45.316 130.479
57.493 130.621
70.354 130.922
82.560 130.492
95.401 130.911
107.479 130.669
120.425 130.578
132.422 130.559
145.287 130.550
157.605 130.839
170.370 130.492
182.535 130.559
195.276 130.683
207.500 130.588
220.340 130.762
232.596 130.756
245.317 130.507
257.537 130.784
32.601 143.361
45.337 143.381
57.523 143.386
70.326 143.392
82.601 143.430
95.289 143.338
107.564 143.434
120.291 143.462
132.589 143.310
145.215 143.314
157.566 143.341
170.323 143.450
182.461 143.493
195.335 143.311
207.575 143.422
220.253 143.419
232.576 143.323
245.259 143.368
257.498 143.369
270.208 143.439
32.536 155.682
45.284 155.847
57.437 155.664
70.298 155.665
82.516 155.618
95.272 155.746
107.478 155.570
120.375 155.566
132.594 155.827
145.316 155.620
157.590 155.789
170.267 155.878
182.498 155.656
195.322 155.617
207.666 155.591
220.267 155.607
232.549 155.788
245.260 155.605
257.551 155.604
270.351 155.695
45.280 168.453
57.637 168.289
70.303 168.519
82.565 168.325
95.349 168.422
107.602 168.439
120.308 168.418
132.548 168.419
145.247 168.436
157.660 168.364
170.307 168.498
182.585 168.370
195.281 168.483
207.619 168.408
220.346 168.414
232.519 168.418
245.491 168.517
257.425 168.483
45.301 180.792
57.596 180.825
70.258 180.787
82.455 180.636
95.281 180.861
107.586 180.907
120.278 180.664
132.549 180.867
145.278 180.795
157.631 180.580
170.245 180.767
182.590 180.655
195.242 180.648
207.521 180.599
220.293 180.628
232.551 180.659
245.323 180.650
257.503 180.591
45.310 193.426
57.463 193.480
70.385 193.524
82.490 193.506
95.382 193.533
107.582 193.409
120.252 193.483
132.516 193.458
145.329 193.456
157.543 193.285
170.383 193.430
182.539 193.437
195.327 193.461
207.622 193.446
220.263 193.446
232.470 193.383
245.498 193.435
257.620 193.392
57.523 205.697
70.362 205.856
82.551 205.802
95.359 205.857
107.562 205.626
120.300 205.943
132.590 205.838
145.218 205.899
157.599 205.602
170.321 205.664
182.509 205.627
195.280 205.872
207.566 205.833
220.221 205.605
232.566 205.840
245.339 205.852
57.545 218.419
70.396 218.534
82.524 218.463
95.359 218.529
107.597 218.504
120.169 218.437
132.405 218.547
145.432 218.503
157.597 218.438
170.319 218.490
182.561 218.381
195.442 218.542
207.462 218.565
220.412 218.467
232.479 218.481
245.335 218.637
70.414 230.619
82.694 230.821
95.248 230.874
107.634 230.871
120.210 230.893
132.655 230.619
145.195 230.696
157.570 231.042
170.288 230.809
182.563 230.790
195.272 230.899
207.535 230.852
220.309 230.846
232.547 230.611
82.503 243.374
95.385 243.789
107.487 243.495
120.409 243.529
132.479 243.474
145.316 243.537
157.511 243.520
170.361 243.503
182.527 243.552
195.362 243.482
207.572 243.516
220.379 243.446
107.586 255.757
120.290 255.802
132.496 255.847
145.238 255.824
157.587 255.937
170.203 255.873
182.587 255.868
195.228 255.833
145.401 268.544
157.488 268.552
