144.674 30.291
156.847 30.197
106.934 42.987
119.544 42.944
131.952 42.966
144.684 42.966
157.079 42.936
169.579 43.019
181.958 42.896
194.533 42.899
81.771 55.544
94.714 55.255
106.737 55.211
119.796 55.369
131.883 55.339
144.766 55.326
156.732 55.157
169.671 55.377
181.785 55.459
194.673 55.361
206.865 55.385
219.748 55.296
69.613 68.070
82.041 67.931
94.559 67.979
106.873 67.973
119.573 67.972
131.941 68.002
144.525 68.069
156.944 67.984
169.560 68.043
182.009 68.069
194.576 68.018
206.919 68.033
219.647 68.043
231.988 67.996
56.732 80.460
69.617 80.309
81.839 80.407
94.663 80.355
106.904 80.253
119.669 80.272
131.733 80.371
144.577 80.332
156.932 80.285
169.661 80.304
181.881 80.397
194.674 80.264
206.871 80.198
219.768 80.216
231.743 80.172
244.718 80.272
56.943 93.055
69.575 93.063
81.860 93.098
94.544 93.013
106.896 93.092
119.701 93.245
131.856 93.104
144.519 93.049
156.887 93.003
169.585 92.978
181.907 93.015
194.530 92.971
206.870 93.070
219.675 93.036
231.985 93.099
244.573 92.965
44.669 105.574
56.834 105.376
69.665 105.306
81.852 105.324
94.616 105.383
106.852 105.307
119.592 105.307
131.884 105.369
144.658 105.498
156.786 105.343
169.658 105.458
181.894 105.403
194.710 105.364
206.783 105.419
219.659 105.301
231.725 105.250
244.585 105.580
256.803 105.344
44.502 118.073
56.961 118.236
69.645 118.132
81.867 118.044
94.640 118.205
107.062 118.096
119.565 118.107
131.931 118.129
144.637 118.073
156.860 118.127
169.682 118.211
182.026 118.085
194.624 118.062
206.931 118.081
219.622 118.177
231.884 118.120
244.585 118.250
256.949 118.109
44.639 130.241
56.816 130.383
69.677 130.684
81.883 130.254
94.724 130.673
106.802 130.431
119.748 130.340
131.745 130.321
144.610 130.312
156.928 130.601
169.693 130.254
181.858 130.321
194.599 130.445
206.823 130.350
219.663 130.524
231.919 130.518
244.640 130.269
256.860 130.546
31.924 143.123
44.660 143.143
56.846 143.148
69.649 143.154
81.924 143.192
94.612 143.100
106.887 143.196
119.614 143.224
131.912 143.072
144.538 143.076
156.889 143.103
169.646 143.212
181.784 143.255
194.658 143.073
206.898 143.184
219.576 143.181
231.899 143.085
244.582 143.130
256.821 143.131
269.531 143.201
31.859 155.444
44.607 155.609
56.760 155.426
69.621 155.427
81.839 155.380
94.595 155.508
106.801 155.332
119.698 155.328
131.917 155.589
144.639 155.382
156.913 155.551
169.590 155.640
181.821 155.418
194.645 155.379
206.989 155.353
219.590 155.369
231.872 155.550
244.583 155.367
256.874 155.366
269.674 155.457
44.603 168.215
56.960 168.051
69.626 168.281
81.888 168.087
94.672 168.184
106.925 168.201
119.631 168.180
131.871 168.181
144.570 168.198
156.983 168.126
169.630 168.260
181.908 168.132
194.604 168.245
206.942 168.170
219.669 168.176
231.842 168.180
244.814 168.279
256.748 168.245
44.624 180.554
56.919 180.587
69.581 180.549
81.778 180.398
94.604 180.623
106.909 180.669
119.601 180.426
131.872 180.629
144.601 180.557
156.954 180.342
169.568 180.529
181.913 180.417
194.565 180.410
206.844 180.361
219.616 180.390
231.874 180.421
244.646 180.412
256.826 180.353
44.633 193.188
56.786 193.242
69.708 193.286
81.813 193.268
94.705 193.295
106.905 193.171
119.575 193.245
131.839 193.220
144.652 193.218
156.866 193.047
169.706 193.192
181.862 193.199
194.650 193.223
206.945 193.208
219.586 193.208
231.793 193.145
244.821 193.197
256.943 193.154
56.846 205.459
69.685 205.618
81.874 205.564
94.682 205.619
106.885 205.388
119.623 205.705
131.913 205.600
144.541 205.661
156.922 205.364
169.644 205.426
181.832 205.389
194.603 205.634
206.889 205.595
219.544 205.367
231.889 205.602
244.662 205.614
56.868 218.181
69.719 218.296
81.847 218.225
94.682 218.291
106.920 218.266
119.492 218.199
131.728 218.309
144.755 218.265
156.920 218.200
169.642 218.252
181.884 218.143
194.765 218.304
206.785 218.327
219.735 218.229
231.802 218.243
244.658 218.399
69.737 230.381
82.017 230.583
94.571 230.636
106.957 230.633
119.533 230.655
131.978 230.381
144.518 230.458
156.893 230.804
169.611 230.571
181.886 230.552
194.595 230.661
206.858 230.614
219.632 230.608
231.870 230.373
81.826 243.136
94.708 243.551
106.810 243.257
119.732 243.291
131.802 243.236
144.639 243.299
156.834 243.282
169.684 243.265
181.850 243.314
194.685 243.244
206.895 243.278
219.702 243.208
106.909 255.519
119.613 255.564
131.819 255.609
144.561 255.586
156.910 255.699
169.526 255.635
181.910 255.630
194.551 255.595
144.724 268.306
156.811 268.314
