144.125 29.716
156.298 29.622
106.385 42.412
118.995 42.369
131.403 42.391
144.135 42.391
156.530 42.361
169.030 42.444
181.409 42.321
193.984 42.324
81.222 54.969
94.165 54.680
106.188 54.636
119.247 54.794
131.334 54.764
144.217 54.751
156.183 54.582
169.122 54.802
181.236 54.884
194.124 54.786
206.316 54.810
219.199 54.721
69.064 67.495
81.492 67.356
94.010 67.404
106.324 67.398
119.024 67.397
131.392 67.427
143.976 67.494
156.395 67.409
169.011 67.468
181.460 67.494
194.027 67.443
206.370 67.458
219.098 67.468
231.439 67.421
56.183 79.885
69.068 79.734
81.290 79.832
94.114 79.780
106.355 79.678
119.120 79.697
131.184 79.796
144.028 79.757
156.383 79.710
169.112 79.729
181.332 79.822
194.125 79.689
206.322 79.623
219.219 79.641
231.194 79.597
244.169 79.697
56.394 92.480
69.026 92.488
81.311 92.523
93.995 92.438
106.347 92.517
119.152 92.670
131.307 92.529
143.970 92.474
156.338 92.428
169.036 92.403
181.358 92.440
193.981 92.396
206.321 92.495
219.126 92.461
231.436 92.524
244.024 92.390
44.120 104.999
56.285 104.801
69.116 104.731
81.303 104.749
94.067 104.808
106.303 104.732
119.043 104.732
131.335 104.794
144.109 104.923
156.237 104.768
169.109 104.883
181.345 104.828
194.161 104.789
206.234 104.844
219.110 104.726
231.176 104.675
244.036 105.005
256.254 104.769
43.953 117.498
56.412 117.661
69.096 117.557
81.318 117.469
94.091 117.630
106.513 117.521
119.016 117.532
131.382 117.554
144.088 117.498
156.311 117.552
169.133 117.636
181.477 117.510
194.075 117.487
206.382 117.506
219.073 117.602
231.335 117.545
244.036 117.675
256.400 117.534
44.090 129.666
56.267 129.808
69.128 130.109
81.334 129.679
94.175 130.098
106.253 129.856
119.199 129.765
131.196 129.746
144.061 129.737
156.379 130.026
169.144 129.679
181.309 129.746
194.050 129.870
206.274 129.775
219.114 129.949
231.370 129.943
244.091 129.694
256.311 129.971
31.375 142.548
44.111 142.568
56.297 142.573
69.100 142.579
81.375 142.617
94.063 142.525
106.338 142.621
119.065 142.649
131.363 142.497
143.989 142.501
156.340 142.528
169.097 142.637
181.235 142.680
194.109 142.498
206.349 142.609
219.027 142.606
231.350 142.510
244.033 142.555
256.272 142.556
268.982 142.626
31.310 154.869
44.058 155.034
56.211 154.851
69.072 154.852
81.290 154.805
94.046 154.933
106.252 154.757
119.149 154.753
131.368 155.014
144.090 154.807
156.364 154.976
169.041 155.065
181.272 154.843
194.096 154.804
206.440 154.778
219.041 154.794
231.323 154.975
244.034 154.792
256.325 154.791
269.125 154.882
44.054 167.640
56.411 167.476
69.077 167.706
81.339 167.512
94.123 167.609
106.376 167.626
119.082 167.605
131.322 167.606
144.021 167.623
156.434 167.551
169.081 167.685
181.359 167.557
194.055 167.670
206.393 167.595
219.120 167.601
231.293 167.605
244.265 167.704
256.199 167.670
44.075 179.979
56.370 180.012
69.032 179.974
81.229 179.823
94.055 180.048
106.360 180.094
119.052 179.851
131.323 180.054
144.052 179.982
156.405 179.767
169.019 179.954
181.364 179.842
194.016 179.835
206.295 179.786
219.067 179.815
231.325 179.846
244.097 179.837
256.277 179.778
44.084 192.613
56.237 192.667
69.159 192.711
81.264 192.693
94.156 192.720
106.356 192.596
119.026 192.670
131.290 192.645
144.103 192.643
156.317 192.472
169.157 192.617
181.313 192.624
194.101 192.648
206.396 192.633
219.037 192.633
231.244 192.570
244.272 192.622
256.394 192.579
56.297 204.884
69.136 205.043
81.325 204.989
94.133 205.044
106.336 204.813
119.074 205.130
131.364 205.025
143.992 205.086
156.373 204.789
169.095 204.851
181.283 204.814
194.054 205.059
206.340 205.020
218.995 204.792
231.340 205.027
244.113 205.039
56.319 217.606
69.170 217.721
81.298 217.650
94.133 217.716
106.371 217.691
118.943 217.624
131.179 217.734
144.206 217.690
156.371 217.625
169.093 217.677
181.335 217.568
194.216 217.729
206.236 217.752
219.186 217.654
231.253 217.668
244.109 217.824
69.188 229.806
81.468 230.008
94.022 230.061
106.408 230.058
118.984 230.080
131.429 229.806
143.969 229.883
156.344 230.229
169.062 229.996
181.337 229.977
194.046 230.086
206.309 230.039
219.083 230.033
231.321 229.798
81.277 242.561
94.159 242.976
106.261 242.682
119.183 242.716
131.253 242.661
144.090 242.724
156.285 242.707
169.135 242.690
181.301 242.739
194.136 242.669
206.346 242.703
219.153 242.633
106.360 254.944
119.064 254.989
131.270 255.034
144.012 255.011
156.361 255.124
168.977 255.060
181.361 255.055
194.002 255.020
144.175 267.731
156.262 267.739
