144.917 30.782
157.417 30.782
107.417 43.282
119.917 43.282
132.417 43.282
144.917 43.282
157.417 43.282
169.917 43.282
182.417 43.282
194.917 43.282
82.417 55.782
94.917 55.782
107.417 55.782
119.917 55.782
132.417 55.782
144.917 55.782
157.417 55.782
169.917 55.782
182.417 55.782
194.917 55.782
207.417 55.782
219.917 55.782
69.917 68.282
82.417 68.282
94.917 68.282
107.417 68.282
119.917 68.282
132.417 68.282
144.917 68.282
157.417 68.282
169.917 68.282
182.417 68.282
194.917 68.282
207.417 68.282
219.917 68.282
232.417 68.282
57.417 80.782
69.917 80.782
82.417 80.782
94.917 80.782
107.417 80.782
119.917 80.782
132.417 80.782
144.917 80.782
157.417 80.782
169.917 80.782
182.417 80.782
194.917 80.782
207.417 80.782
219.917 80.782
232.417 80.782
244.917 80.782
57.417 93.282
69.917 93.282
82.417 93.282
94.917 93.282
107.417 93.282
119.917 93.282
132.417 93.282
144.917 93.282
157.417 93.282
169.917 93.282
182.417 93.282
194.917 93.282
207.417 93.282
219.917 93.282
232.417 93.282
244.917 93.282
44.917 105.782
57.417 105.782
69.917 105.782
82.417 105.782
94.917 105.782
107.417 105.782
119.917 105.782
132.417 105.782
144.917 105.782
157.417 105.782
169.917 105.782
182.417 105.782
194.917 105.782
207.417 105.782
219.917 105.782
232.417 105.782
244.917 105.782
257.417 105.782
44.917 118.282
57.417 118.282
69.917 118.282
82.417 118.282
94.917 118.282
107.417 118.282
119.917 118.282
132.417 118.282
144.917 118.282
157.417 118.282
169.917 118.282
182.417 118.282
194.917 118.282
207.417 118.282
219.917 118.282
232.417 118.282
244.917 118.282
257.417 118.282
44.917 130.782
57.417 130.782
69.917 130.782
82.417 130.782
94.917 130.782
107.417 130.782
119.917 130.782
132.417 130.782
144.917 130.782
157.417 130.782
169.917 130.782
182.417 130.782
194.917 130.782
207.417 130.782
219.917 130.782
232.417 130.782
244.917 130.782
257.417 130.782
32.417 143.282
44.917 143.282
57.417 143.282
69.917 143.282
82.417 143.282
94.917 143.282
107.417 143.282
119.917 143.282
132.417 143.282
144.917 143.282
157.417 143.282
169.917 143.282
182.417 143.282
194.917 143.282
207.417 143.282
219.917 143.282
232.417 143.282
244.917 143.282
257.417 143.282
269.917 143.282
32.417 155.782
44.917 155.782
57.417 155.782
69.917 155.782
82.417 155.782
94.917 155.782
107.417 155.782
119.917 155.782
132.417 155.782
144.917 155.782
157.417 155.782
169.917 155.782
182.417 155.782
194.917 155.782
207.417 155.782
219.917 155.782
232.417 155.782
244.917 155.782
257.417 155.782
269.917 155.782
44.917 168.282
57.417 168.282
69.917 168.282
82.417 168.282
94.917 168.282
107.417 168.282
119.917 168.282
132.417 168.282
144.917 168.282
157.417 168.282
169.917 168.282
182.417 168.282
194.917 168.282
207.417 168.282
219.917 168.282
232.417 168.282
244.917 168.282
257.417 168.282
44.917 180.782
57.417 180.782
69.917 180.782
82.417 180.782
94.917 180.782
107.417 180.782
119.917 180.782
132.417 180.782
144.917 180.782
157.417 180.782
169.917 180.782
182.417 180.782
194.917 180.782
207.417 180.782
219.917 180.782
232.417 180.782
244.917 180.782
257.417 180.782
44.917 193.282
57.417 193.282
69.917 193.282
82.417 193.282
94.917 193.282
107.417 193.282
119.917 193.282
132.417 193.282
144.917 193.282
157.417 193.282
169.917 193.282
182.417 193.282
194.917 193.282
207.417 193.282
219.917 193.282
232.417 193.282
244.917 193.282
257.417 193.282
57.417 205.782
69.917 205.782
82.417 205.782
94.917 205.782
107.417 205.782
119.917 205.782
132.417 205.782
144.917 205.782
157.417 205.782
169.917 205.782
182.417 205.782
194.917 205.782
207.417 205.782
219.917 205.782
232.417 205.782
244.917 205.782
57.417 218.282
69.917 218.282
82.417 218.282
94.917 218.282
107.417 218.282
119.917 218.282
132.417 218.282
144.917 218.282
157.417 218.282
169.917 218.282
182.417 218.282
194.917 218.282
207.417 218.282
219.917 218.282
232.417 218.282
244.917 218.282
69.917 230.782
82.417 230.782
94.917 230.782
107.417 230.782
119.917 230.782
132.417 230.782
144.917 230.782
157.417 230.782
169.917 230.782
182.417 230.782
194.917 230.782
207.417 230.782
219.917 230.782
232.417 230.782
82.417 243.282
94.917 243.282
107.417 243.282
119.917 243.282
132.417 243.282
144.917 243.282
157.417 243.282
169.917 243.282
182.417 243.282
194.917 243.282
207.417 243.282
219.917 243.282
107.417 255.782
119.917 255.782
132.417 255.782
144.917 255.782
157.417 255.782
169.917 255.782
182.417 255.782
194.917 255.782
144.917 268.282
157.417 268.282
