144.378 31.562
156.878 31.562
106.878 44.062
119.378 44.062
131.878 44.062
144.378 44.062
156.878 44.062
169.378 44.062
181.878 44.062
194.378 44.062
81.878 56.562
94.378 56.562
106.878 56.562
119.378 56.562
131.878 56.562
144.378 56.562
156.878 56.562
169.378 56.562
181.878 56.562
194.378 56.562
206.878 56.562
219.378 56.562
69.378 69.062
81.878 69.062
94.378 69.062
106.878 69.062
119.378 69.062
131.878 69.062
144.378 69.062
156.878 69.062
169.378 69.062
181.878 69.062
194.378 69.062
206.878 69.062
219.378 69.062
231.878 69.062
56.878 81.562
69.378 81.562
81.878 81.562
94.378 81.562
106.878 81.562
119.378 81.562
131.878 81.562
144.378 81.562
156.878 81.562
169.378 81.562
181.878 81.562
194.378 81.562
206.878 81.562
219.378 81.562
231.878 81.562
244.378 81.562
56.878 94.062
69.378 94.062
81.878 94.062
94.378 94.062
106.878 94.062
119.378 94.062
131.878 94.062
144.378 94.062
156.878 94.062
169.378 94.062
181.878 94.062
194.378 94.062
206.878 94.062
219.378 94.062
231.878 94.062
244.378 94.062
44.378 106.562
56.878 106.562
69.378 106.562
81.878 106.562
94.378 106.562
106.878 106.562
119.378 106.562
131.878 106.562
144.378 106.562
156.878 106.562
169.378 106.562
181.878 106.562
194.378 106.562
206.878 106.562
219.378 106.562
231.878 106.562
244.378 106.562
256.878 106.562
44.378 119.062
56.878 119.062
69.378 119.062
81.878 119.062
94.378 119.062
106.878 119.062
119.378 119.062
131.878 119.062
144.378 119.062
156.878 119.062
169.378 119.062
181.878 119.062
194.378 119.062
206.878 119.062
219.378 119.062
231.878 119.062
244.378 119.062
256.878 119.062
44.378 131.562
56.878 131.562
69.378 131.562
81.878 131.562
94.378 131.562
106.878 131.562
119.378 131.562
131.878 131.562
144.378 131.562
156.878 131.562
169.378 131.562
181.878 131.562
194.378 131.562
206.878 131.562
219.378 131.562
231.878 131.562
244.378 131.562
256.878 131.562
31.878 144.062
44.378 144.062
56.878 144.062
69.378 144.062
81.878 144.062
94.378 144.062
106.878 144.062
119.378 144.062
131.878 144.062
144.378 144.062
156.878 144.062
169.378 144.062
181.878 144.062
194.378 144.062
206.878 144.062
219.378 144.062
231.878 144.062
244.378 144.062
256.878 144.062
269.378 144.062
31.878 156.562
44.378 156.562
56.878 156.562
69.378 156.562
81.878 156.562
94.378 156.562
106.878 156.562
119.378 156.562
131.878 156.562
144.378 156.562
156.878 156.562
169.378 156.562
181.878 156.562
194.378 156.562
206.878 156.562
219.378 156.562
231.878 156.562
244.378 156.562
256.878 156.562
269.378 156.562
44.378 169.062
56.878 169.062
69.378 169.062
81.878 169.062
94.378 169.062
106.878 169.062
119.378 169.062
131.878 169.062
144.378 169.062
156.878 169.062
169.378 169.062
181.878 169.062
194.378 169.062
206.878 169.062
219.378 169.062
231.878 169.062
244.378 169.062
256.878 169.062
44.378 181.562
56.878 181.562
69.378 181.562
81.878 181.562
94.378 181.562
106.878 181.562
119.378 181.562
131.878 181.562
144.378 181.562
156.878 181.562
169.378 181.562
181.878 181.562
194.378 181.562
206.878 181.562
219.378 181.562
231.878 181.562
244.378 181.562
256.878 181.562
44.378 194.062
56.878 194.062
69.378 194.062
81.878 194.062
94.378 194.062
106.878 194.062
119.378 194.062
131.878 194.062
144.378 194.062
156.878 194.062
169.378 194.062
181.878 194.062
194.378 194.062
206.878 194.062
219.378 194.062
231.878 194.062
244.378 194.062
256.878 194.062
56.878 206.562
69.378 206.562
81.878 206.562
94.378 206.562
106.878 206.562
119.378 206.562
131.878 206.562
144.378 206.562
156.878 206.562
169.378 206.562
181.878 206.562
194.378 206.562
206.878 206.562
219.378 206.562
231.878 206.562
244.378 206.562
56.878 219.062
69.378 219.062
81.878 219.062
94.378 219.062
106.878 219.062
119.378 219.062
131.878 219.062
144.378 219.062
156.878 219.062
169.378 219.062
181.878 219.062
194.378 219.062
206.878 219.062
219.378 219.062
231.878 219.062
244.378 219.062
69.378 231.562
81.878 231.562
94.378 231.562
106.878 231.562
119.378 231.562
131.878 231.562
144.378 231.562
156.878 231.562
169.378 231.562
181.878 231.562
194.378 231.562
206.878 231.562
219.378 231.562
231.878 231.562
81.878 244.062
94.378 244.062
106.878 244.062
119.378 244.062
131.878 244.062
144.378 244.062
156.878 244.062
169.378 244.062
181.878 244.062
194.378 244.062
206.878 244.062
219.378 244.062
106.878 256.562
119.378 256.562
131.878 256.562
144.378 256.562
156.878 256.562
169.378 256.562
181.878 256.562
194.378 256.562
144.378 269.062
156.878 269.062
