143.252 30.935
155.752 30.935
105.752 43.435
118.252 43.435
130.752 43.435
143.252 43.435
155.752 43.435
168.252 43.435
180.752 43.435
193.252 43.435
80.752 55.935
93.252 55.935
105.752 55.935
118.252 55.935
130.752 55.935
143.252 55.935
155.752 55.935
168.252 55.935
180.752 55.935
193.252 55.935
205.752 55.935
218.252 55.935
68.252 68.435
80.752 68.435
93.252 68.435
105.752 68.435
118.252 68.435
130.752 68.435
143.252 68.435
155.752 68.435
168.252 68.435
180.752 68.435
193.252 68.435
205.752 68.435
218.252 68.435
230.752 68.435
55.752 80.935
68.252 80.935
80.752 80.935
93.252 80.935
105.752 80.935
118.252 80.935
130.752 80.935
143.252 80.935
155.752 80.935
168.252 80.935
180.752 80.935
193.252 80.935
205.752 80.935
218.252 80.935
230.752 80.935
243.252 80.935
55.752 93.435
68.252 93.435
80.752 93.435
93.252 93.435
105.752 93.435
118.252 93.435
130.752 93.435
143.252 93.435
155.752 93.435
168.252 93.435
180.752 93.435
193.252 93.435
205.752 93.435
218.252 93.435
230.752 93.435
243.252 93.435
43.252 105.935
55.752 105.935
68.252 105.935
80.752 105.935
93.252 105.935
105.752 105.935
118.252 105.935
130.752 105.935
143.252 105.935
155.752 105.935
168.252 105.935
180.752 105.935
193.252 105.935
205.752 105.935
218.252 105.935
230.752 105.935
243.252 105.935
255.752 105.935
43.252 118.435
55.752 118.435
68.252 118.435
80.752 118.435
93.252 118.435
105.752 118.435
118.252 118.435
130.752 118.435
143.252 118.435
155.752 118.435
168.252 118.435
180.752 118.435
193.252 118.435
205.752 118.435
218.252 118.435
230.752 118.435
243.252 118.435
255.752 118.435
43.252 130.935
55.752 130.935
68.252 130.935
80.752 130.935
93.252 130.935
105.752 130.935
118.252 130.935
130.752 130.935
143.252 130.935
155.752 130.935
168.252 130.935
180.752 130.935
193.252 130.935
205.752 130.935
218.252 130.935
230.752 130.935
243.252 130.935
255.752 130.935
30.752 143.435
43.252 143.435
55.752 143.435
68.252 143.435
80.752 143.435
93.252 143.435
105.752 143.435
118.252 143.435
130.752 143.435
143.252 143.435
155.752 143.435
168.252 143.435
180.752 143.435
193.252 143.435
205.752 143.435
218.252 143.435
230.752 143.435
243.252 143.435
255.752 143.435
268.252 143.435
30.752 155.935
43.252 155.935
55.752 155.935
68.252 155.935
80.752 155.935
93.252 155.935
105.752 155.935
118.252 155.935
130.752 155.935
143.252 155.935
155.752 155.935
168.252 155.935
180.752 155.935
193.252 155.935
205.752 155.935
218.252 155.935
230.752 155.935
243.252 155.935
255.752 155.935
268.252 155.935
43.252 168.435
55.752 168.435
68.252 168.435
80.752 168.435
93.252 168.435
105.752 168.435
118.252 168.435
130.752 168.435
143.252 168.435
155.752 168.435
168.252 168.435
180.752 168.435
193.252 168.435
205.752 168.435
218.252 168.435
230.752 168.435
243.252 168.435
255.752 168.435
43.252 180.935
55.752 180.935
68.252 180.935
80.752 180.935
93.252 180.935
105.752 180.935
118.252 180.935
130.752 180.935
143.252 180.935
155.752 180.935
168.252 180.935
180.752 180.935
193.252 180.935
205.752 180.935
218.252 180.935
230.752 180.935
243.252 180.935
255.752 180.935
43.252 193.435
55.752 193.435
68.252 193.435
80.752 193.435
93.252 193.435
105.752 193.435
118.252 193.435
130.752 193.435
143.252 193.435
155.752 193.435
168.252 193.435
180.752 193.435
193.252 193.435
205.752 193.435
218.252 193.435
230.752 193.435
243.252 193.435
255.752 193.435
55.752 205.935
68.252 205.935
80.752 205.935
93.252 205.935
105.752 205.935
118.252 205.935
130.752 205.935
143.252 205.935
155.752 205.935
168.252 205.935
180.752 205.935
193.252 205.935
205.752 205.935
218.252 205.935
230.752 205.935
243.252 205.935
55.752 218.435
68.252 218.435
80.752 218.435
93.252 218.435
105.752 218.435
118.252 218.435
130.752 218.435
143.252 218.435
155.752 218.435
168.252 218.435
180.752 218.435
193.252 218.435
205.752 218.435
218.252 218.435
230.752 218.435
243.252 218.435
68.252 230.935
80.752 230.935
93.252 230.935
105.752 230.935
118.252 230.935
130.752 230.935
143.252 230.935
155.752 230.935
168.252 230.935
180.752 230.935
193.252 230.935
205.752 230.935
218.252 230.935
230.752 230.935
80.752 243.435
93.252 243.435
105.752 243.435
118.252 243.435
130.752 243.435
143.252 243.435
155.752 243.435
168.252 243.435
180.752 243.435
193.252 243.435
205.752 243.435
218.252 243.435
105.752 255.935
118.252 255.935
130.752 255.935
143.252 255.935
155.752 255.935
168.252 255.935
180.752 255.935
193.252 255.935
143.252 268.435
155.752 268.435
