142.934 33.939
155.734 33.915
105.660 46.400
117.993 46.273
130.620 46.480
143.049 46.354
155.569 46.338
168.108 46.352
180.590 46.355
193.125 46.395
80.764 58.837
93.026 58.927
105.677 58.963
118.111 58.884
130.681 58.777
142.990 59.013
155.790 58.889
167.958 58.953
180.731 58.924
193.100 58.862
205.742 59.004
218.009 59.079
67.955 71.067
80.626 71.189
93.074 71.161
105.583 71.201
117.879 71.077
130.766 71.333
143.016 71.139
155.697 71.242
168.137 71.175
180.678 71.202
193.039 71.171
205.665 71.299
217.910 71.198
230.627 71.285
55.732 83.963
68.004 83.971
80.799 83.915
92.889 84.040
105.731 83.940
118.052 83.984
130.674 83.965
142.973 84.076
155.690 83.907
168.019 83.945
180.692 83.936
192.983 84.050
205.697 83.832
218.039 83.854
230.758 83.894
243.043 83.993
55.584 96.173
67.868 96.047
80.796 96.220
93.047 96.101
105.583 96.155
118.015 95.971
130.586 96.173
142.925 96.122
155.629 96.247
168.094 96.067
180.686 96.223
192.964 96.169
205.803 96.280
218.052 96.204
230.690 96.192
243.194 96.148
43.034 109.021
55.719 108.796
68.009 109.082
80.604 108.829
93.030 108.940
105.617 108.845
118.063 108.975
130.905 108.864
142.918 108.841
155.679 108.848
168.048 108.925
180.785 108.866
192.993 108.899
205.645 108.761
218.009 108.847
230.759 108.885
242.989 108.923
255.778 108.779
42.914 120.977
55.647 121.205
68.030 121.031
80.690 121.145
93.011 121.073
105.698 121.237
117.936 121.041
130.819 121.088
143.029 121.035
155.630 121.229
168.070 121.159
180.623 121.184
193.052 120.982
205.671 121.199
218.074 121.085
230.719 121.226
243.083 121.086
255.695 121.168
42.972 133.968
55.686 133.790
68.060 133.923
80.732 133.839
93.016 133.802
105.759 133.780
118.094 133.872
130.370 133.824
142.951 133.901
155.717 133.765
167.972 133.880
180.669 133.865
192.909 133.882
205.847 133.749
218.026 133.914
230.767 133.752
243.043 133.950
255.813 133.807
30.622 146.088
42.909 145.979
55.704 146.217
68.055 146.003
80.783 145.995
93.074 145.952
105.759 146.151
117.883 146.022
130.852 146.156
143.014 146.044
155.830 146.098
168.078 145.985
180.731 146.056
192.949 146.074
205.841 146.196
218.105 145.960
230.690 146.125
242.954 145.973
255.764 146.239
267.975 146.010
30.642 158.800
43.059 158.842
55.609 158.772
68.091 158.808
80.702 158.656
93.048 158.734
105.728 158.870
117.996 158.919
130.738 158.727
143.112 158.929
155.685 158.849
167.932 158.857
180.756 158.819
193.148 158.761
205.611 158.862
218.130 158.929
230.710 158.905
243.021 158.906
255.769 158.902
268.027 158.777
42.912 170.972
55.612 171.209
67.999 171.013
80.845 171.070
92.958 170.963
105.741 171.085
118.069 170.953
130.757 171.029
143.016 170.993
155.863 171.105
167.970 170.946
180.685 171.101
193.023 171.001
205.777 170.999
217.997 170.970
230.904 171.121
243.150 170.959
255.854 171.044
42.995 183.555
55.705 183.603
68.064 183.746
80.729 183.772
92.983 183.672
105.715 183.668
118.044 183.696
130.851 183.674
143.019 183.791
155.782 183.656
167.999 183.809
180.665 183.766
193.071 183.842
205.701 183.740
218.018 183.897
230.680 183.716
243.099 183.858
255.778 183.763
42.978 195.960
55.789 196.046
67.870 195.972
80.871 195.972
93.073 195.914
105.834 196.131
118.005 196.082
130.703 195.933
142.961 196.056
155.906 196.093
167.911 196.056
180.656 195.981
193.008 195.965
205.964 195.975
218.020 196.014
230.799 196.064
242.967 196.013
255.796 196.044
55.749 208.579
68.061 208.577
80.615 208.681
93.107 208.419
105.670 208.525
118.090 208.724
130.703 208.680
143.077 208.655
155.684 208.667
168.086 208.780
180.712 208.662
193.105 208.743
205.756 208.643
218.140 208.623
230.774 208.704
243.146 208.860
55.860 221.088
67.940 221.011
80.815 220.984
92.995 220.991
105.876 221.076
117.987 221.058
130.787 220.921
142.943 221.054
155.795 221.065
167.973 221.057
180.753 220.991
192.971 220.956
205.743 220.970
217.935 220.902
230.909 221.082
243.033 221.008
68.132 233.557
80.777 233.453
93.032 233.298
105.662 233.609
118.184 233.556
130.905 233.385
143.084 233.613
155.661 233.509
168.043 233.676
180.762 233.643
193.176 233.638
205.868 233.644
218.096 233.554
230.631 233.502
80.818 245.969
92.959 246.043
105.905 245.912
118.003 246.040
130.895 246.048
142.971 245.949
155.746 245.940
168.026 246.051
180.861 245.926
193.011 246.011
205.954 245.967
217.960 246.097
105.665 258.487
118.118 258.289
130.754 258.555
143.050 258.394
155.724 258.505
168.021 258.417
180.748 258.409
193.115 258.600
142.982 271.043
155.866 271.065
