142.278 29.400
154.778 29.400
104.778 41.900
117.278 41.900
129.778 41.900
142.278 41.900
154.778 41.900
167.278 41.900
179.778 41.900
192.278 41.900
79.778 54.400
92.278 54.400
104.778 54.400
117.278 54.400
129.778 54.400
142.278 54.400
154.778 54.400
167.278 54.400
179.778 54.400
192.278 54.400
204.778 54.400
217.278 54.400
67.278 66.900
79.778 66.900
92.278 66.900
104.778 66.900
117.278 66.900
129.778 66.900
142.278 66.900
154.778 66.900
167.278 66.900
179.778 66.900
192.278 66.900
204.778 66.900
217.278 66.900
229.778 66.900
54.778 79.400
67.278 79.400
79.778 79.400
92.278 79.400
104.778 79.400
117.278 79.400
129.778 79.400
142.278 79.400
154.778 79.400
167.278 79.400
179.778 79.400
192.278 79.400
204.778 79.400
217.278 79.400
229.778 79.400
242.278 79.400
54.778 91.900
67.278 91.900
79.778 91.900
92.278 91.900
104.778 91.900
117.278 91.900
129.778 91.900
142.278 91.900
154.778 91.900
167.278 91.900
179.778 91.900
192.278 91.900
204.778 91.900
217.278 91.900
229.778 91.900
242.278 91.900
42.278 104.400
54.778 104.400
67.278 104.400
79.778 104.400
92.278 104.400
104.778 104.400
117.278 104.400
129.778 104.400
142.278 104.400
154.778 104.400
167.278 104.400
179.778 104.400
192.278 104.400
204.778 104.400
217.278 104.400
229.778 104.400
242.278 104.400
254.778 104.400
42.278 116.900
54.778 116.900
67.278 116.900
79.778 116.900
92.278 116.900
104.778 116.900
117.278 116.900
129.778 116.900
142.278 116.900
154.778 116.900
167.278 116.900
179.778 116.900
192.278 116.900
204.778 116.900
217.278 116.900
229.778 116.900
242.278 116.900
254.778 116.900
42.278 129.400
54.778 129.400
67.278 129.400
79.778 129.400
92.278 129.400
104.778 129.400
117.278 129.400
129.778 129.400
142.278 129.400
154.778 129.400
167.278 129.400
179.778 129.400
192.278 129.400
204.778 129.400
217.278 129.400
229.778 129.400
242.278 129.400
254.778 129.400
29.778 141.900
42.278 141.900
54.778 141.900
67.278 141.900
79.778 141.900
92.278 141.900
104.778 141.900
117.278 141.900
129.778 141.900
142.278 141.900
154.778 141.900
167.278 141.900
179.778 141.900
192.278 141.900
204.778 141.900
217.278 141.900
229.778 141.900
242.278 141.900
254.778 141.900
267.278 141.900
29.778 154.400
42.278 154.400
54.778 154.400
67.278 154.400
79.778 154.400
92.278 154.400
104.778 154.400
117.278 154.400
129.778 154.400
142.278 154.400
154.778 154.400
167.278 154.400
179.778 154.400
192.278 154.400
204.778 154.400
217.278 154.400
229.778 154.400
242.278 154.400
254.778 154.400
267.278 154.400
42.278 166.900
54.778 166.900
67.278 166.900
79.778 166.900
92.278 166.900
104.778 166.900
117.278 166.900
129.778 166.900
142.278 166.900
154.778 166.900
167.278 166.900
179.778 166.900
192.278 166.900
204.778 166.900
217.278 166.900
229.778 166.900
242.278 166.900
254.778 166.900
42.278 179.400
54.778 179.400
67.278 179.400
79.778 179.400
92.278 179.400
104.778 179.400
117.278 179.400
129.778 179.400
142.278 179.400
154.778 179.400
167.278 179.400
179.778 179.400
192.278 179.400
204.778 179.400
217.278 179.400
229.778 179.400
242.278 179.400
254.778 179.400
42.278 191.900
54.778 191.900
67.278 191.900
79.778 191.900
92.278 191.900
104.778 191.900
117.278 191.900
129.778 191.900
142.278 191.900
154.778 191.900
167.278 191.900
179.778 191.900
192.278 191.900
204.778 191.900
217.278 191.900
229.778 191.900
242.278 191.900
254.778 191.900
54.778 204.400
67.278 204.400
79.778 204.400
92.278 204.400
104.778 204.400
117.278 204.400
129.778 204.400
142.278 204.400
154.778 204.400
167.278 204.400
179.778 204.400
192.278 204.400
204.778 204.400
217.278 204.400
229.778 204.400
242.278 204.400
54.778 216.900
67.278 216.900
79.778 216.900
92.278 216.900
104.778 216.900
117.278 216.900
129.778 216.900
142.278 216.900
154.778 216.900
167.278 216.900
179.778 216.900
192.278 216.900
204.778 216.900
217.278 216.900
229.778 216.900
242.278 216.900
67.278 229.400
79.778 229.400
92.278 229.400
104.778 229.400
117.278 229.400
129.778 229.400
142.278 229.400
154.778 229.400
167.278 229.400
179.778 229.400
192.278 229.400
204.778 229.400
217.278 229.400
229.778 229.400
79.778 241.900
92.278 241.900
104.778 241.900
117.278 241.900
129.778 241.900
142.278 241.900
154.778 241.900
167.278 241.900
179.778 241.900
192.278 241.900
204.778 241.900
217.278 241.900
104.778 254.400
117.278 254.400
129.778 254.400
142.278 254.400
154.778 254.400
167.278 254.400
179.778 254.400
192.278 254.400
142.278 266.900
154.778 266.900
