143.055 33.958
155.752 33.892
105.598 46.347
118.087 46.444
130.643 46.325
143.122 46.385
155.647 46.369
168.144 46.268
180.674 46.406
193.031 46.244
80.636 58.903
93.002 58.994
105.752 58.880
118.009 58.945
130.732 58.897
143.049 58.912
155.726 58.739
168.057 58.892
180.762 58.949
193.038 58.957
205.736 58.866
217.949 58.908
67.938 71.225
80.672 71.244
93.079 71.142
105.767 71.282
117.929 71.134
130.628 71.131
142.898 71.040
155.637 71.298
167.997 71.093
180.620 71.264
193.045 71.159
205.562 71.271
218.005 71.187
230.628 71.348
55.652 83.735
67.932 84.008
80.681 83.828
93.011 84.026
105.853 83.865
118.010 83.915
130.786 83.961
143.043 84.001
155.736 83.867
167.945 83.860
180.653 83.826
193.071 83.940
205.749 83.927
218.134 83.932
230.690 83.852
242.944 83.945
55.704 96.122
67.929 96.071
80.835 96.240
93.080 96.002
105.700 96.069
118.034 96.062
130.618 96.204
143.047 95.994
155.549 96.251
167.971 96.080
180.631 96.263
193.049 96.071
205.699 96.347
218.031 96.117
230.729 96.185
243.038 96.125
43.052 108.926
55.585 108.876
67.931 108.809
80.658 108.861
92.920 109.077
105.701 108.725
117.898 109.017
130.667 108.907
142.891 108.942
155.742 108.763
168.009 108.981
180.694 108.869
193.077 108.990
205.787 108.865
218.088 109.044
230.802 108.922
243.035 108.919
255.862 108.914
42.890 121.106
55.632 121.142
68.157 121.109
80.788 121.079
93.016 120.967
105.659 121.074
118.037 120.986
130.671 121.126
143.018 121.059
155.769 121.318
167.907 121.096
180.715 121.057
193.072 120.913
205.627 121.166
217.974 121.004
230.827 121.081
243.056 121.093
255.778 121.264
42.975 133.936
55.717 133.846
68.058 133.937
80.610 133.709
93.039 133.901
105.835 133.777
117.972 133.998
130.706 133.805
143.100 133.880
155.632 133.829
167.949 133.978
180.754 133.828
193.038 133.960
205.701 133.857
217.997 133.938
230.827 133.973
243.135 133.901
255.764 133.875
30.672 146.072
42.921 146.000
55.733 146.161
68.000 145.875
80.774 146.025
93.042 145.997
105.830 146.113
118.084 145.966
130.707 145.993
143.075 146.008
155.684 146.084
168.064 146.018
180.750 146.198
193.151 146.143
205.670 146.166
218.149 146.021
230.736 146.176
243.045 146.041
255.649 146.144
267.981 146.024
30.611 158.681
43.114 158.775
55.805 158.722
68.058 158.910
80.771 158.721
93.043 158.749
105.661 158.705
117.977 158.925
130.708 158.773
143.008 158.877
155.719 158.626
168.061 158.988
180.759 158.811
193.172 158.966
205.724 158.853
218.040 158.838
230.701 158.885
243.191 158.847
255.781 158.895
268.036 158.969
42.999 171.051
55.736 170.961
68.048 170.923
80.778 171.099
93.019 171.075
105.808 170.945
118.049 170.890
130.784 171.162
143.049 170.959
155.748 171.066
168.056 170.975
180.794 171.038
192.915 171.038
205.750 171.016
218.049 171.010
230.742 171.063
243.007 170.957
255.693 171.126
43.009 183.538
55.757 183.693
68.116 183.625
80.737 183.761
92.982 183.836
105.705 183.699
118.000 183.723
130.701 183.688
143.078 183.736
155.725 183.652
168.094 183.696
180.666 183.791
193.027 183.869
205.753 183.610
218.041 183.706
230.694 183.633
243.057 183.870
255.754 183.766
42.992 195.997
55.741 195.989
67.945 196.036
80.808 195.951
93.024 196.049
105.847 196.036
118.034 196.066
130.863 195.995
142.959 196.060
155.839 195.904
168.011 196.037
180.876 195.990
192.966 196.119
205.877 196.073
217.990 195.884
230.825 196.016
243.002 196.175
255.831 196.113
55.700 208.616
68.064 208.477
80.697 208.614
93.029 208.628
105.627 208.676
117.961 208.709
130.703 208.624
142.979 208.610
155.662 208.678
168.055 208.666
180.693 208.563
193.080 208.669
205.919 208.643
218.086 208.631
230.876 208.663
243.022 208.851
55.855 221.050
68.089 220.968
80.810 220.969
93.014 220.978
105.865 221.035
118.030 220.908
130.840 220.984
142.919 221.015
155.831 221.119
168.032 220.959
180.890 221.104
192.994 221.018
205.914 220.936
218.028 220.870
230.820 220.999
243.045 220.965
68.024 233.507
80.748 233.474
93.101 233.383
105.708 233.644
118.137 233.557
130.671 233.462
143.077 233.381
155.730 233.472
168.138 233.482
180.719 233.365
192.997 233.640
205.721 233.539
218.051 233.656
230.645 233.404
80.826 245.977
93.035 245.888
105.858 245.942
118.018 246.029
130.920 245.890
143.023 246.062
155.784 245.891
168.064 246.097
180.932 245.997
193.011 246.021
205.834 246.104
217.977 246.110
105.721 258.386
117.977 258.268
130.762 258.385
143.015 258.431
155.738 258.385
168.120 258.305
180.818 258.397
193.192 258.489
143.011 271.102
155.799 271.083
