143.249 30.937
155.749 30.937
105.749 43.437
118.249 43.437
130.749 43.437
143.249 43.437
155.749 43.437
168.249 43.437
180.749 43.437
193.249 43.437
80.749 55.937
93.249 55.937
105.749 55.937
118.249 55.937
130.749 55.937
143.249 55.937
155.749 55.937
168.249 55.937
180.749 55.937
193.249 55.937
205.749 55.937
218.249 55.937
68.249 68.437
80.749 68.437
93.249 68.437
105.749 68.437
118.249 68.437
130.749 68.437
143.249 68.437
155.749 68.437
168.249 68.437
180.749 68.437
193.249 68.437
205.749 68.437
218.249 68.437
230.749 68.437
55.749 80.937
68.249 80.937
80.749 80.937
93.249 80.937
105.749 80.937
118.249 80.937
130.749 80.937
143.249 80.937
155.749 80.937
168.249 80.937
180.749 80.937
193.249 80.937
205.749 80.937
218.249 80.937
230.749 80.937
243.249 80.937
55.749 93.437
68.249 93.437
80.749 93.437
93.249 93.437
105.749 93.437
118.249 93.437
130.749 93.437
143.249 93.437
155.749 93.437
168.249 93.437
180.749 93.437
193.249 93.437
205.749 93.437
218.249 93.437
230.749 93.437
243.249 93.437
43.249 105.937
55.749 105.937
68.249 105.937
80.749 105.937
93.249 105.937
105.749 105.937
118.249 105.937
130.749 105.937
143.249 105.937
155.749 105.937
168.249 105.937
180.749 105.937
193.249 105.937
205.749 105.937
218.249 105.937
230.749 105.937
243.249 105.937
255.749 105.937
43.249 118.437
55.749 118.437
68.249 118.437
80.749 118.437
93.249 118.437
105.749 118.437
118.249 118.437
130.749 118.437
143.249 118.437
155.749 118.437
168.249 118.437
180.749 118.437
193.249 118.437
205.749 118.437
218.249 118.437
230.749 118.437
243.249 118.437
255.749 118.437
43.249 130.937
55.749 130.937
68.249 130.937
80.749 130.937
93.249 130.937
105.749 130.937
118.249 130.937
130.749 130.937
143.249 130.937
155.749 130.937
168.249 130.937
180.749 130.937
193.249 130.937
205.749 130.937
218.249 130.937
230.749 130.937
243.249 130.937
255.749 130.937
30.749 143.437
43.249 143.437
55.749 143.437
68.249 143.437
80.749 143.437
93.249 143.437
105.749 143.437
118.249 143.437
130.749 143.437
143.249 143.437
155.749 143.437
168.249 143.437
180.749 143.437
193.249 143.437
205.749 143.437
218.249 143.437
230.749 143.437
243.249 143.437
255.749 143.437
268.249 143.437
30.749 155.937
43.249 155.937
55.749 155.937
68.249 155.937
80.749 155.937
93.249 155.937
105.749 155.937
118.249 155.937
130.749 155.937
143.249 155.937
155.749 155.937
168.249 155.937
180.749 155.937
193.249 155.937
205.749 155.937
218.249 155.937
230.749 155.937
243.249 155.937
255.749 155.937
268.249 155.937
43.249 168.437
55.749 168.437
68.249 168.437
80.749 168.437
93.249 168.437
105.749 168.437
118.249 168.437
130.749 168.437
143.249 168.437
155.749 168.437
168.249 168.437
180.749 168.437
193.249 168.437
205.749 168.437
218.249 168.437
230.749 168.437
243.249 168.437
255.749 168.437
43.249 180.937
55.749 180.937
68.249 180.937
80.749 180.937
93.249 180.937
105.749 180.937
118.249 180.937
130.749 180.937
143.249 180.937
155.749 180.937
168.249 180.937
180.749 180.937
193.249 180.937
205.749 180.937
218.249 180.937
230.749 180.937
243.249 180.937
255.749 180.937
43.249 193.437
55.749 193.437
68.249 193.437
80.749 193.437
93.249 193.437
105.749 193.437
118.249 193.437
130.749 193.437
143.249 193.437
155.749 193.437
168.249 193.437
180.749 193.437
193.249 193.437
205.749 193.437
218.249 193.437
230.749 193.437
243.249 193.437
255.749 193.437
55.749 205.937
68.249 205.937
80.749 205.937
93.249 205.937
105.749 205.937
118.249 205.937
130.749 205.937
143.249 205.937
155.749 205.937
168.249 205.937
180.749 205.937
193.249 205.937
205.749 205.937
218.249 205.937
230.749 205.937
243.249 205.937
55.749 218.437
68.249 218.437
80.749 218.437
93.249 218.437
105.749 218.437
118.249 218.437
130.749 218.437
143.249 218.437
155.749 218.437
168.249 218.437
180.749 218.437
193.249 218.437
205.749 218.437
218.249 218.437
230.749 218.437
243.249 218.437
68.249 230.937
80.749 230.937
93.249 230.937
105.749 230.937
118.249 230.937
130.749 230.937
143.249 230.937
155.749 230.937
168.249 230.937
180.749 230.937
193.249 230.937
205.749 230.937
218.249 230.937
230.749 230.937
80.749 243.437
93.249 243.437
105.749 243.437
118.249 243.437
130.749 243.437
143.249 243.437
155.749 243.437
168.249 243.437
180.749 243.437
193.249 243.437
205.749 243.437
218.249 243.437
105.749 255.937
118.249 255.937
130.749 255.937
143.249 255.937
155.749 255.937
168.249 255.937
180.749 255.937
193.249 255.937
143.249 268.437
155.749 268.437
