143.368 31.940
155.868 31.940
105.868 44.440
118.368 44.440
130.868 44.440
143.368 44.440
155.868 44.440
168.368 44.440
180.868 44.440
193.368 44.440
80.868 56.940
93.368 56.940
105.868 56.940
118.368 56.940
130.868 56.940
143.368 56.940
155.868 56.940
168.368 56.940
180.868 56.940
193.368 56.940
205.868 56.940
218.368 56.940
68.368 69.440
80.868 69.440
93.368 69.440
105.868 69.440
118.368 69.440
130.868 69.440
143.368 69.440
155.868 69.440
168.368 69.440
180.868 69.440
193.368 69.440
205.868 69.440
218.368 69.440
230.868 69.440
55.868 81.940
68.368 81.940
80.868 81.940
93.368 81.940
105.868 81.940
118.368 81.940
130.868 81.940
143.368 81.940
155.868 81.940
168.368 81.940
180.868 81.940
193.368 81.940
205.868 81.940
218.368 81.940
230.868 81.940
243.368 81.940
55.868 94.440
68.368 94.440
80.868 94.440
93.368 94.440
105.868 94.440
118.368 94.440
130.868 94.440
143.368 94.440
155.868 94.440
168.368 94.440
180.868 94.440
193.368 94.440
205.868 94.440
218.368 94.440
230.868 94.440
243.368 94.440
43.368 106.940
55.868 106.940
68.368 106.940
80.868 106.940
93.368 106.940
105.868 106.940
118.368 106.940
130.868 106.940
143.368 106.940
155.868 106.940
168.368 106.940
180.868 106.940
193.368 106.940
205.868 106.940
218.368 106.940
230.868 106.940
243.368 106.940
255.868 106.940
43.368 119.440
55.868 119.440
68.368 119.440
80.868 119.440
93.368 119.440
105.868 119.440
118.368 119.440
130.868 119.440
143.368 119.440
155.868 119.440
168.368 119.440
180.868 119.440
193.368 119.440
205.868 119.440
218.368 119.440
230.868 119.440
243.368 119.440
255.868 119.440
43.368 131.940
55.868 131.940
68.368 131.940
80.868 131.940
93.368 131.940
105.868 131.940
118.368 131.940
130.868 131.940
143.368 131.940
155.868 131.940
168.368 131.940
180.868 131.940
193.368 131.940
205.868 131.940
218.368 131.940
230.868 131.940
243.368 131.940
255.868 131.940
30.868 144.440
43.368 144.440
55.868 144.440
68.368 144.440
80.868 144.440
93.368 144.440
105.868 144.440
118.368 144.440
130.868 144.440
143.368 144.440
155.868 144.440
168.368 144.440
180.868 144.440
193.368 144.440
205.868 144.440
218.368 144.440
230.868 144.440
243.368 144.440
255.868 144.440
268.368 144.440
30.868 156.940
43.368 156.940
55.868 156.940
68.368 156.940
80.868 156.940
93.368 156.940
105.868 156.940
118.368 156.940
130.868 156.940
143.368 156.940
155.868 156.940
168.368 156.940
180.868 156.940
193.368 156.940
205.868 156.940
218.368 156.940
230.868 156.940
243.368 156.940
255.868 156.940
268.368 156.940
43.368 169.440
55.868 169.440
68.368 169.440
80.868 169.440
93.368 169.440
105.868 169.440
118.368 169.440
130.868 169.440
143.368 169.440
155.868 169.440
168.368 169.440
180.868 169.440
193.368 169.440
205.868 169.440
218.368 169.440
230.868 169.440
243.368 169.440
255.868 169.440
43.368 181.940
55.868 181.940
68.368 181.940
80.868 181.940
93.368 181.940
105.868 181.940
118.368 181.940
130.868 181.940
143.368 181.940
155.868 181.940
168.368 181.940
180.868 181.940
193.368 181.940
205.868 181.940
218.368 181.940
230.868 181.940
243.368 181.940
255.868 181.940
43.368 194.440
55.868 194.440
68.368 194.440
80.868 194.440
93.368 194.440
105.868 194.440
118.368 194.440
130.868 194.440
143.368 194.440
155.868 194.440
168.368 194.440
180.868 194.440
193.368 194.440
205.868 194.440
218.368 194.440
230.868 194.440
243.368 194.440
255.868 194.440
55.868 206.940
68.368 206.940
80.868 206.940
93.368 206.940
105.868 206.940
118.368 206.940
130.868 206.940
143.368 206.940
155.868 206.940
168.368 206.940
180.868 206.940
193.368 206.940
205.868 206.940
218.368 206.940
230.868 206.940
243.368 206.940
55.868 219.440
68.368 219.440
80.868 219.440
93.368 219.440
105.868 219.440
118.368 219.440
130.868 219.440
143.368 219.440
155.868 219.440
168.368 219.440
180.868 219.440
193.368 219.440
205.868 219.440
218.368 219.440
230.868 219.440
243.368 219.440
68.368 231.940
80.868 231.940
93.368 231.940
105.868 231.940
118.368 231.940
130.868 231.940
143.368 231.940
155.868 231.940
168.368 231.940
180.868 231.940
193.368 231.940
205.868 231.940
218.368 231.940
230.868 231.940
80.868 244.440
93.368 244.440
105.868 244.440
118.368 244.440
130.868 244.440
143.368 244.440
155.868 244.440
168.368 244.440
180.868 244.440
193.368 244.440
205.868 244.440
218.368 244.440
105.868 256.940
118.368 256.940
130.868 256.940
143.368 256.940
155.868 256.940
168.368 256.940
180.868 256.940
193.368 256.940
143.368 269.440
155.868 269.440
