144.559 29.979
157.059 29.979
107.059 42.479
119.559 42.479
132.059 42.479
144.559 42.479
157.059 42.479
169.559 42.479
182.059 42.479
194.559 42.479
82.059 54.979
94.559 54.979
107.059 54.979
119.559 54.979
132.059 54.979
144.559 54.979
157.059 54.979
169.559 54.979
182.059 54.979
194.559 54.979
207.059 54.979
219.559 54.979
69.559 67.479
82.059 67.479
94.559 67.479
107.059 67.479
119.559 67.479
132.059 67.479
144.559 67.479
157.059 67.479
169.559 67.479
182.059 67.479
194.559 67.479
207.059 67.479
219.559 67.479
232.059 67.479
57.059 79.979
69.559 79.979
82.059 79.979
94.559 79.979
107.059 79.979
119.559 79.979
132.059 79.979
144.559 79.979
157.059 79.979
169.559 79.979
182.059 79.979
194.559 79.979
207.059 79.979
219.559 79.979
232.059 79.979
244.559 79.979
57.059 92.479
69.559 92.479
82.059 92.479
94.559 92.479
107.059 92.479
119.559 92.479
132.059 92.479
144.559 92.479
157.059 92.479
169.559 92.479
182.059 92.479
194.559 92.479
207.059 92.479
219.559 92.479
232.059 92.479
244.559 92.479
44.559 104.979
57.059 104.979
69.559 104.979
82.059 104.979
94.559 104.979
107.059 104.979
119.559 104.979
132.059 104.979
144.559 104.979
157.059 104.979
169.559 104.979
182.059 104.979
194.559 104.979
207.059 104.979
219.559 104.979
232.059 104.979
244.559 104.979
257.059 104.979
44.559 117.479
57.059 117.479
69.559 117.479
82.059 117.479
94.559 117.479
107.059 117.479
119.559 117.479
132.059 117.479
144.559 117.479
157.059 117.479
169.559 117.479
182.059 117.479
194.559 117.479
207.059 117.479
219.559 117.479
232.059 117.479
244.559 117.479
257.059 117.479
44.559 129.979
57.059 129.979
69.559 129.979
82.059 129.979
94.559 129.979
107.059 129.979
119.559 129.979
132.059 129.979
144.559 129.979
157.059 129.979
169.559 129.979
182.059 129.979
194.559 129.979
207.059 129.979
219.559 129.979
232.059 129.979
244.559 129.979
257.059 129.979
32.059 142.479
44.559 142.479
57.059 142.479
69.559 142.479
82.059 142.479
94.559 142.479
107.059 142.479
119.559 142.479
132.059 142.479
144.559 142.479
157.059 142.479
169.559 142.479
182.059 142.479
194.559 142.479
207.059 142.479
219.559 142.479
232.059 142.479
244.559 142.479
257.059 142.479
269.559 142.479
32.059 154.979
44.559 154.979
57.059 154.979
69.559 154.979
82.059 154.979
94.559 154.979
107.059 154.979
119.559 154.979
132.059 154.979
144.559 154.979
157.059 154.979
169.559 154.979
182.059 154.979
194.559 154.979
207.059 154.979
219.559 154.979
232.059 154.979
244.559 154.979
257.059 154.979
269.559 154.979
44.559 167.479
57.059 167.479
69.559 167.479
82.059 167.479
94.559 167.479
107.059 167.479
119.559 167.479
132.059 167.479
144.559 167.479
157.059 167.479
169.559 167.479
182.059 167.479
194.559 167.479
207.059 167.479
219.559 167.479
232.059 167.479
244.559 167.479
257.059 167.479
44.559 179.979
57.059 179.979
69.559 179.979
82.059 179.979
94.559 179.979
107.059 179.979
119.559 179.979
132.059 179.979
144.559 179.979
157.059 179.979
169.559 179.979
182.059 179.979
194.559 179.979
207.059 179.979
219.559 179.979
232.059 179.979
244.559 179.979
257.059 179.979
44.559 192.479
57.059 192.479
69.559 192.479
82.059 192.479
94.559 192.479
107.059 192.479
119.559 192.479
132.059 192.479
144.559 192.479
157.059 192.479
169.559 192.479
182.059 192.479
194.559 192.479
207.059 192.479
219.559 192.479
232.059 192.479
244.559 192.479
257.059 192.479
57.059 204.979
69.559 204.979
82.059 204.979
94.559 204.979
107.059 204.979
119.559 204.979
132.059 204.979
144.559 204.979
157.059 204.979
169.559 204.979
182.059 204.979
194.559 204.979
207.059 204.979
219.559 204.979
232.059 204.979
244.559 204.979
57.059 217.479
69.559 217.479
82.059 217.479
94.559 217.479
107.059 217.479
119.559 217.479
132.059 217.479
144.559 217.479
157.059 217.479
169.559 217.479
182.059 217.479
194.559 217.479
207.059 217.479
219.559 217.479
232.059 217.479
244.559 217.479
69.559 229.979
82.059 229.979
94.559 229.979
107.059 229.979
119.559 229.979
132.059 229.979
144.559 229.979
157.059 229.979
169.559 229.979
182.059 229.979
194.559 229.979
207.059 229.979
219.559 229.979
232.059 229.979
82.059 242.479
94.559 242.479
107.059 242.479
119.559 242.479
132.059 242.479
144.559 242.479
157.059 242.479
169.559 242.479
182.059 242.479
194.559 242.479
207.059 242.479
219.559 242.479
107.059 254.979
119.559 254.979
132.059 254.979
144.559 254.979
157.059 254.979
169.559 254.979
182.059 254.979
194.559 254.979
144.559 267.479
157.059 267.479
