143.023 33.907
155.582 33.884
105.691 46.279
118.024 46.236
130.730 46.307
143.026 46.174
155.616 46.331
168.148 46.361
180.641 46.426
193.076 46.257
80.685 58.946
93.000 58.985
105.511 58.894
118.071 58.885
130.643 58.834
142.983 59.060
155.666 58.892
168.014 58.890
180.751 58.948
193.105 59.044
205.777 58.890
218.052 59.008
68.121 71.105
80.662 71.227
93.088 71.026
105.754 71.247
118.056 71.098
130.601 71.279
143.003 71.164
155.672 71.317
167.975 71.189
180.632 71.392
193.081 71.213
205.647 71.293
218.102 71.313
230.694 71.412
55.543 83.886
68.060 83.930
80.669 83.850
93.088 83.910
105.655 83.940
117.925 83.970
130.761 83.868
143.008 83.838
155.600 83.927
168.041 84.000
180.685 83.818
192.940 83.916
205.654 83.874
218.046 84.080
230.665 83.951
243.161 83.953
55.652 96.134
68.029 96.023
80.646 96.082
93.031 96.067
105.632 96.187
118.006 96.128
130.604 96.267
143.060 95.931
155.638 96.240
168.051 96.069
180.683 96.151
193.021 96.124
205.668 96.285
218.125 96.223
230.625 96.239
243.001 96.152
43.020 108.979
55.674 108.833
68.047 108.996
80.663 108.776
92.912 108.907
105.689 108.917
118.001 108.963
130.543 108.783
142.997 108.899
155.705 108.854
168.027 108.905
180.659 108.861
192.931 109.026
205.741 108.861
218.087 108.955
230.720 108.926
243.026 108.926
255.664 108.884
42.935 121.113
55.715 121.106
67.917 120.884
80.689 121.082
93.090 121.012
105.720 121.132
117.993 121.046
130.693 121.261
142.979 120.964
155.679 121.253
168.065 121.007
180.776 121.124
193.030 121.114
205.729 121.136
217.960 121.132
230.690 121.158
243.064 121.057
255.602 121.213
42.945 133.799
55.679 133.699
68.030 133.958
80.771 133.731
93.050 134.101
105.867 133.811
118.080 133.869
130.751 133.952
143.084 133.956
155.672 133.769
168.023 133.824
180.666 133.940
193.061 133.964
205.795 133.784
217.962 133.931
230.756 133.831
242.995 133.877
255.728 133.869
30.803 146.085
43.028 146.065
55.748 146.020
67.939 146.032
80.754 146.128
92.944 145.987
105.665 146.095
118.074 146.035
130.739 146.092
142.964 146.039
155.811 146.113
167.937 146.030
180.720 146.035
192.980 145.928
205.792 146.149
218.127 145.976
230.691 146.180
243.023 146.053
255.763 146.057
268.062 146.067
30.697 158.692
42.993 158.823
55.625 158.820
67.922 158.876
80.715 158.741
93.048 158.895
105.756 158.817
118.044 158.738
130.660 158.691
143.022 158.863
155.680 158.834
168.048 158.868
180.726 158.714
192.976 158.977
205.873 158.862
218.035 159.003
230.726 158.823
242.985 158.926
255.671 158.665
268.106 158.959
42.966 170.992
55.858 170.998
68.058 170.919
80.720 171.083
93.066 171.191
105.736 171.085
118.037 170.985
130.740 171.086
143.053 170.881
155.700 171.061
167.959 170.976
180.691 171.175
193.034 170.930
205.731 171.082
218.038 170.890
230.750 171.105
242.996 171.012
255.691 171.136
43.103 183.738
55.702 183.660
68.001 183.738
80.700 183.711
92.977 183.743
105.792 183.681
118.084 183.844
130.680 183.593
143.029 183.817
155.647 183.579
168.054 183.903
180.771 183.740
193.043 183.897
205.615 183.691
218.064 183.829
230.665 183.776
243.042 183.766
255.705 183.739
42.906 195.975
55.821 195.872
67.900 196.071
80.821 196.065
92.918 195.952
105.685 195.977
117.845 196.017
130.784 196.088
142.954 195.870
155.824 195.986
167.944 195.979
180.883 196.056
193.005 195.998
205.779 196.125
217.955 195.967
230.748 196.097
243.017 196.001
255.751 196.014
55.641 208.611
67.968 208.491
80.688 208.643
92.979 208.643
105.840 208.506
118.073 208.626
130.642 208.640
143.109 208.688
155.781 208.778
168.101 208.709
180.729 208.746
192.893 208.648
205.789 208.744
218.040 208.881
230.820 208.635
243.125 208.756
55.751 221.029
67.966 220.956
80.780 220.978
93.004 221.011
105.830 221.040
118.028 221.117
130.850 221.154
142.921 220.910
155.893 221.010
168.036 221.036
180.868 220.858
193.043 221.059
205.911 221.003
218.046 220.916
230.819 220.923
243.039 221.031
68.054 233.572
80.690 233.665
93.029 233.447
105.728 233.539
118.004 233.427
130.847 233.567
143.078 233.469
155.740 233.489
168.066 233.388
180.730 233.686
193.205 233.604
205.733 233.660
218.203 233.642
230.661 233.656
80.822 245.910
92.947 246.055
105.851 245.976
117.860 246.010
130.737 246.075
142.893 246.086
155.865 246.047
167.977 245.953
180.924 246.040
193.064 245.982
205.896 246.083
218.099 246.053
105.679 258.302
117.917 258.261
130.622 258.369
143.163 258.457
155.744 258.292
168.087 258.250
180.711 258.281
193.136 258.504
143.086 271.023
155.852 271.140
