144.884 32.103
157.384 32.103
107.384 44.603
119.884 44.603
132.384 44.603
144.884 44.603
157.384 44.603
169.884 44.603
182.384 44.603
194.884 44.603
82.384 57.103
94.884 57.103
107.384 57.103
119.884 57.103
132.384 57.103
144.884 57.103
157.384 57.103
169.884 57.103
182.384 57.103
194.884 57.103
207.384 57.103
219.884 57.103
69.884 69.603
82.384 69.603
94.884 69.603
107.384 69.603
119.884 69.603
132.384 69.603
144.884 69.603
157.384 69.603
169.884 69.603
182.384 69.603
194.884 69.603
207.384 69.603
219.884 69.603
232.384 69.603
57.384 82.103
69.884 82.103
82.384 82.103
94.884 82.103
107.384 82.103
119.884 82.103
132.384 82.103
144.884 82.103
157.384 82.103
169.884 82.103
182.384 82.103
194.884 82.103
207.384 82.103
219.884 82.103
232.384 82.103
244.884 82.103
57.384 94.603
69.884 94.603
82.384 94.603
94.884 94.603
107.384 94.603
119.884 94.603
132.384 94.603
144.884 94.603
157.384 94.603
169.884 94.603
182.384 94.603
194.884 94.603
207.384 94.603
219.884 94.603
232.384 94.603
244.884 94.603
44.884 107.103
57.384 107.103
69.884 107.103
82.384 107.103
94.884 107.103
107.384 107.103
119.884 107.103
132.384 107.103
144.884 107.103
157.384 107.103
169.884 107.103
182.384 107.103
194.884 107.103
207.384 107.103
219.884 107.103
232.384 107.103
244.884 107.103
257.384 107.103
44.884 119.603
57.384 119.603
69.884 119.603
82.384 119.603
94.884 119.603
107.384 119.603
119.884 119.603
132.384 119.603
144.884 119.603
157.384 119.603
169.884 119.603
182.384 119.603
194.884 119.603
207.384 119.603
219.884 119.603
232.384 119.603
244.884 119.603
257.384 119.603
44.884 132.103
57.384 132.103
69.884 132.103
82.384 132.103
94.884 132.103
107.384 132.103
119.884 132.103
132.384 132.103
144.884 132.103
157.384 132.103
169.884 132.103
182.384 132.103
194.884 132.103
207.384 132.103
219.884 132.103
232.384 132.103
244.884 132.103
257.384 132.103
32.384 144.603
44.884 144.603
57.384 144.603
69.884 144.603
82.384 144.603
94.884 144.603
107.384 144.603
119.884 144.603
132.384 144.603
144.884 144.603
157.384 144.603
169.884 144.603
182.384 144.603
194.884 144.603
207.384 144.603
219.884 144.603
232.384 144.603
244.884 144.603
257.384 144.603
269.884 144.603
32.384 157.103
44.884 157.103
57.384 157.103
69.884 157.103
82.384 157.103
94.884 157.103
107.384 157.103
119.884 157.103
132.384 157.103
144.884 157.103
157.384 157.103
169.884 157.103
182.384 157.103
194.884 157.103
207.384 157.103
219.884 157.103
232.384 157.103
244.884 157.103
257.384 157.103
269.884 157.103
44.884 169.603
57.384 169.603
69.884 169.603
82.384 169.603
94.884 169.603
107.384 169.603
119.884 169.603
132.384 169.603
144.884 169.603
157.384 169.603
169.884 169.603
182.384 169.603
194.884 169.603
207.384 169.603
219.884 169.603
232.384 169.603
244.884 169.603
257.384 169.603
44.884 182.103
57.384 182.103
69.884 182.103
82.384 182.103
94.884 182.103
107.384 182.103
119.884 182.103
132.384 182.103
144.884 182.103
157.384 182.103
169.884 182.103
182.384 182.103
194.884 182.103
207.384 182.103
219.884 182.103
232.384 182.103
244.884 182.103
257.384 182.103
44.884 194.603
57.384 194.603
69.884 194.603
82.384 194.603
94.884 194.603
107.384 194.603
119.884 194.603
132.384 194.603
144.884 194.603
157.384 194.603
169.884 194.603
182.384 194.603
194.884 194.603
207.384 194.603
219.884 194.603
232.384 194.603
244.884 194.603
257.384 194.603
57.384 207.103
69.884 207.103
82.384 207.103
94.884 207.103
107.384 207.103
119.884 207.103
132.384 207.103
144.884 207.103
157.384 207.103
169.884 207.103
182.384 207.103
194.884 207.103
207.384 207.103
219.884 207.103
232.384 207.103
244.884 207.103
57.384 219.603
69.884 219.603
82.384 219.603
94.884 219.603
107.384 219.603
119.884 219.603
132.384 219.603
144.884 219.603
157.384 219.603
169.884 219.603
182.384 219.603
194.884 219.603
207.384 219.603
219.884 219.603
232.384 219.603
244.884 219.603
69.884 232.103
82.384 232.103
94.884 232.103
107.384 232.103
119.884 232.103
132.384 232.103
144.884 232.103
157.384 232.103
169.884 232.103
182.384 232.103
194.884 232.103
207.384 232.103
219.884 232.103
232.384 232.103
82.384 244.603
94.884 244.603
107.384 244.603
119.884 244.603
132.384 244.603
144.884 244.603
157.384 244.603
169.884 244.603
182.384 244.603
194.884 244.603
207.384 244.603
219.884 244.603
107.384 257.103
119.884 257.103
132.384 257.103
144.884 257.103
157.384 257.103
169.884 257.103
182.384 257.103
194.884 257.103
144.884 269.603
157.384 269.603
