144.150 31.935
156.650 31.935
106.650 44.435
119.150 44.435
131.650 44.435
144.150 44.435
156.650 44.435
169.150 44.435
181.650 44.435
194.150 44.435
81.650 56.935
94.150 56.935
106.650 56.935
119.150 56.935
131.650 56.935
144.150 56.935
156.650 56.935
169.150 56.935
181.650 56.935
194.150 56.935
206.650 56.935
219.150 56.935
69.150 69.435
81.650 69.435
94.150 69.435
106.650 69.435
119.150 69.435
131.650 69.435
144.150 69.435
156.650 69.435
169.150 69.435
181.650 69.435
194.150 69.435
206.650 69.435
219.150 69.435
231.650 69.435
56.650 81.935
69.150 81.935
81.650 81.935
94.150 81.935
106.650 81.935
119.150 81.935
131.650 81.935
144.150 81.935
156.650 81.935
169.150 81.935
181.650 81.935
194.150 81.935
206.650 81.935
219.150 81.935
231.650 81.935
244.150 81.935
56.650 94.435
69.150 94.435
81.650 94.435
94.150 94.435
106.650 94.435
119.150 94.435
131.650 94.435
144.150 94.435
156.650 94.435
169.150 94.435
181.650 94.435
194.150 94.435
206.650 94.435
219.150 94.435
231.650 94.435
244.150 94.435
44.150 106.935
56.650 106.935
69.150 106.935
81.650 106.935
94.150 106.935
106.650 106.935
119.150 106.935
131.650 106.935
144.150 106.935
156.650 106.935
169.150 106.935
181.650 106.935
194.150 106.935
206.650 106.935
219.150 106.935
231.650 106.935
244.150 106.935
256.650 106.935
44.150 119.435
56.650 119.435
69.150 119.435
81.650 119.435
94.150 119.435
106.650 119.435
119.150 119.435
131.650 119.435
144.150 119.435
156.650 119.435
169.150 119.435
181.650 119.435
194.150 119.435
206.650 119.435
219.150 119.435
231.650 119.435
244.150 119.435
256.650 119.435
44.150 131.935
56.650 131.935
69.150 131.935
81.650 131.935
94.150 131.935
106.650 131.935
119.150 131.935
131.650 131.935
144.150 131.935
156.650 131.935
169.150 131.935
181.650 131.935
194.150 131.935
206.650 131.935
219.150 131.935
231.650 131.935
244.150 131.935
256.650 131.935
31.650 144.435
44.150 144.435
56.650 144.435
69.150 144.435
81.650 144.435
94.150 144.435
106.650 144.435
119.150 144.435
131.650 144.435
144.150 144.435
156.650 144.435
169.150 144.435
181.650 144.435
194.150 144.435
206.650 144.435
219.150 144.435
231.650 144.435
244.150 144.435
256.650 144.435
269.150 144.435
31.650 156.935
44.150 156.935
56.650 156.935
69.150 156.935
81.650 156.935
94.150 156.935
106.650 156.935
119.150 156.935
131.650 156.935
144.150 156.935
156.650 156.935
169.150 156.935
181.650 156.935
194.150 156.935
206.650 156.935
219.150 156.935
231.650 156.935
244.150 156.935
256.650 156.935
269.150 156.935
44.150 169.435
56.650 169.435
69.150 169.435
81.650 169.435
94.150 169.435
106.650 169.435
119.150 169.435
131.650 169.435
144.150 169.435
156.650 169.435
169.150 169.435
181.650 169.435
194.150 169.435
206.650 169.435
219.150 169.435
231.650 169.435
244.150 169.435
256.650 169.435
44.150 181.935
56.650 181.935
69.150 181.935
81.650 181.935
94.150 181.935
106.650 181.935
119.150 181.935
131.650 181.935
144.150 181.935
156.650 181.935
169.150 181.935
181.650 181.935
194.150 181.935
206.650 181.935
219.150 181.935
231.650 181.935
244.150 181.935
256.650 181.935
44.150 194.435
56.650 194.435
69.150 194.435
81.650 194.435
94.150 194.435
106.650 194.435
119.150 194.435
131.650 194.435
144.150 194.435
156.650 194.435
169.150 194.435
181.650 194.435
194.150 194.435
206.650 194.435
219.150 194.435
231.650 194.435
244.150 194.435
256.650 194.435
56.650 206.935
69.150 206.935
81.650 206.935
94.150 206.935
106.650 206.935
119.150 206.935
131.650 206.935
144.150 206.935
156.650 206.935
169.150 206.935
181.650 206.935
194.150 206.935
206.650 206.935
219.150 206.935
231.650 206.935
244.150 206.935
56.650 219.435
69.150 219.435
81.650 219.435
94.150 219.435
106.650 219.435
119.150 219.435
131.650 219.435
144.150 219.435
156.650 219.435
169.150 219.435
181.650 219.435
194.150 219.435
206.650 219.435
219.150 219.435
231.650 219.435
244.150 219.435
69.150 231.935
81.650 231.935
94.150 231.935
106.650 231.935
119.150 231.935
131.650 231.935
144.150 231.935
156.650 231.935
169.150 231.935
181.650 231.935
194.150 231.935
206.650 231.935
219.150 231.935
231.650 231.935
81.650 244.435
94.150 244.435
106.650 244.435
119.150 244.435
131.650 244.435
144.150 244.435
156.650 244.435
169.150 244.435
181.650 244.435
194.150 244.435
206.650 244.435
219.150 244.435
106.650 256.935
119.150 256.935
131.650 256.935
144.150 256.935
156.650 256.935
169.150 256.935
181.650 256.935
194.150 256.935
144.150 269.435
156.650 269.435
