144.808 29.803
156.992 29.993
106.972 42.226
119.739 42.324
132.101 42.174
144.690 42.243
156.936 42.154
169.779 42.138
181.944 42.160
194.614 42.271
81.854 54.970
94.756 54.919
107.060 54.887
119.776 54.793
131.997 54.914
144.863 54.979
157.139 54.955
169.670 54.871
182.072 54.956
194.707 54.826
207.077 54.982
219.657 54.873
69.692 67.147
82.107 67.240
94.760 67.264
107.026 67.168
119.775 67.282
132.101 67.269
144.702 67.184
156.900 67.158
169.640 67.244
181.897 67.207
194.584 67.205
206.947 67.170
219.657 67.204
231.930 67.071
56.992 80.025
69.712 80.057
82.021 79.909
94.791 79.917
107.009 79.865
119.752 79.906
132.041 79.998
144.736 79.966
157.046 79.983
169.656 79.978
181.989 79.923
194.785 79.946
206.986 79.916
219.725 79.881
232.034 80.030
244.559 79.945
57.027 92.280
69.804 92.314
82.059 92.242
94.581 92.410
107.005 92.225
119.706 92.326
132.069 92.183
144.587 92.340
157.143 92.191
169.615 92.378
181.887 92.175
194.720 92.388
207.161 92.181
219.597 92.247
231.942 92.117
244.345 92.203
44.711 105.049
57.038 104.978
69.706 105.064
81.933 104.941
94.725 104.976
107.006 105.023
119.756 104.983
132.022 104.913
144.614 104.868
156.961 104.973
169.779 104.951
182.124 105.040
194.714 105.004
206.933 105.000
219.617 105.033
232.021 104.960
244.604 104.995
257.092 104.978
44.671 117.410
57.154 117.565
69.624 117.359
82.064 117.315
94.738 117.313
107.011 117.321
119.679 117.349
132.027 117.295
144.670 117.326
157.033 117.259
169.586 117.343
182.060 117.173
194.606 117.324
207.100 117.270
219.523 117.325
231.975 117.192
244.563 117.278
256.940 117.229
44.730 130.071
57.187 130.068
69.678 129.968
81.932 130.028
94.724 130.060
106.938 129.960
119.723 130.025
131.956 130.050
144.660 129.978
157.043 129.997
169.596 129.922
182.072 129.910
194.677 129.896
207.130 129.887
219.715 129.953
232.091 129.962
244.656 129.986
257.060 130.014
32.041 142.586
44.863 142.628
57.075 142.524
69.670 142.461
82.108 142.471
94.649 142.413
107.129 142.455
119.714 142.663
132.005 142.514
144.732 142.458
157.063 142.402
169.500 142.370
182.003 142.450
194.654 142.445
207.008 142.249
219.650 142.357
232.068 142.288
244.628 142.288
256.974 142.398
269.363 142.415
31.989 155.126
44.686 154.986
57.109 155.035
69.769 155.040
81.995 155.078
94.781 154.875
107.003 154.985
119.602 154.872
131.842 155.008
144.718 154.920
157.003 154.844
169.633 154.937
181.961 155.095
194.638 155.021
207.121 154.945
219.555 155.035
232.016 154.978
244.493 155.007
257.174 154.948
269.615 154.931
44.651 167.504
56.955 167.413
69.579 167.678
81.967 167.580
94.685 167.604
107.022 167.554
119.611 167.461
132.023 167.490
144.651 167.714
157.026 167.505
169.601 167.586
181.939 167.410
194.578 167.382
206.889 167.438
219.528 167.537
232.080 167.355
244.561 167.491
256.992 167.379
44.764 180.023
56.924 180.089
69.639 180.019
81.979 180.029
94.439 179.888
107.030 179.960
119.625 180.047
132.033 179.955
144.652 180.098
157.002 179.966
169.491 180.002
181.948 179.953
194.637 180.034
206.991 179.975
219.654 180.085
232.047 179.950
244.460 179.975
256.943 179.958
44.715 192.812
57.009 192.795
69.661 192.571
82.062 192.689
94.637 192.595
106.966 192.915
119.631 192.487
132.083 192.666
144.561 192.481
157.060 192.466
169.629 192.493
182.043 192.650
194.516 192.492
206.915 192.607
219.528 192.606
231.938 192.580
244.628 192.296
257.096 192.681
57.047 204.909
69.566 205.074
82.034 204.903
94.756 205.128
107.041 205.053
119.605 205.082
131.984 205.085
144.578 205.013
156.937 204.992
169.597 205.032
181.908 205.008
194.478 205.008
206.968 205.023
219.538 205.001
231.984 205.040
244.621 204.980
56.936 217.820
69.690 217.812
82.071 217.885
94.578 217.825
106.957 217.639
119.645 217.532
132.021 217.869
144.643 217.646
156.982 217.786
169.585 217.655
181.892 217.864
194.552 217.715
207.063 217.698
219.565 217.432
231.882 217.568
244.445 217.427
69.614 230.229
81.987 230.070
94.627 230.094
106.961 229.998
119.623 229.977
131.934 230.003
144.539 230.042
156.903 230.066
169.546 230.127
181.958 230.060
194.532 230.157
206.999 230.057
219.607 229.956
231.915 230.084
81.973 242.812
94.551 242.750
107.050 242.832
119.586 242.755
132.073 242.900
144.591 242.748
156.968 242.800
169.726 242.799
181.927 242.844
194.500 242.658
206.978 242.649
219.510 242.618
107.079 255.049
119.653 255.140
132.021 255.084
144.608 255.018
156.936 255.099
169.476 255.164
181.975 254.984
194.611 255.108
144.492 267.815
156.964 267.866
