145.018 31.977
157.518 31.977
107.518 44.477
120.018 44.477
132.518 44.477
145.018 44.477
157.518 44.477
170.018 44.477
182.518 44.477
195.018 44.477
82.518 56.977
95.018 56.977
107.518 56.977
120.018 56.977
132.518 56.977
145.018 56.977
157.518 56.977
170.018 56.977
182.518 56.977
195.018 56.977
207.518 56.977
220.018 56.977
70.018 69.477
82.518 69.477
95.018 69.477
107.518 69.477
120.018 69.477
132.518 69.477
145.018 69.477
157.518 69.477
170.018 69.477
182.518 69.477
195.018 69.477
207.518 69.477
220.018 69.477
232.518 69.477
57.518 81.977
70.018 81.977
82.518 81.977
95.018 81.977
107.518 81.977
120.018 81.977
132.518 81.977
145.018 81.977
157.518 81.977
170.018 81.977
182.518 81.977
195.018 81.977
207.518 81.977
220.018 81.977
232.518 81.977
245.018 81.977
57.518 94.477
70.018 94.477
82.518 94.477
95.018 94.477
107.518 94.477
120.018 94.477
132.518 94.477
145.018 94.477
157.518 94.477
170.018 94.477
182.518 94.477
195.018 94.477
207.518 94.477
220.018 94.477
232.518 94.477
245.018 94.477
45.018 106.977
57.518 106.977
70.018 106.977
82.518 106.977
95.018 106.977
107.518 106.977
120.018 106.977
132.518 106.977
145.018 106.977
157.518 106.977
170.018 106.977
182.518 106.977
195.018 106.977
207.518 106.977
220.018 106.977
232.518 106.977
245.018 106.977
257.518 106.977
45.018 119.477
57.518 119.477
70.018 119.477
82.518 119.477
95.018 119.477
107.518 119.477
120.018 119.477
132.518 119.477
145.018 119.477
157.518 119.477
170.018 119.477
182.518 119.477
195.018 119.477
207.518 119.477
220.018 119.477
232.518 119.477
245.018 119.477
257.518 119.477
45.018 131.977
57.518 131.977
70.018 131.977
82.518 131.977
95.018 131.977
107.518 131.977
120.018 131.977
132.518 131.977
145.018 131.977
157.518 131.977
170.018 131.977
182.518 131.977
195.018 131.977
207.518 131.977
220.018 131.977
232.518 131.977
245.018 131.977
257.518 131.977
32.518 144.477
45.018 144.477
57.518 144.477
70.018 144.477
82.518 144.477
95.018 144.477
107.518 144.477
120.018 144.477
132.518 144.477
145.018 144.477
157.518 144.477
170.018 144.477
182.518 144.477
195.018 144.477
207.518 144.477
220.018 144.477
232.518 144.477
245.018 144.477
257.518 144.477
270.018 144.477
32.518 156.977
45.018 156.977
57.518 156.977
70.018 156.977
82.518 156.977
95.018 156.977
107.518 156.977
120.018 156.977
132.518 156.977
145.018 156.977
157.518 156.977
170.018 156.977
182.518 156.977
195.018 156.977
207.518 156.977
220.018 156.977
232.518 156.977
245.018 156.977
257.518 156.977
270.018 156.977
45.018 169.477
57.518 169.477
70.018 169.477
82.518 169.477
95.018 169.477
107.518 169.477
120.018 169.477
132.518 169.477
145.018 169.477
157.518 169.477
170.018 169.477
182.518 169.477
195.018 169.477
207.518 169.477
220.018 169.477
232.518 169.477
245.018 169.477
257.518 169.477
45.018 181.977
57.518 181.977
70.018 181.977
82.518 181.977
95.018 181.977
107.518 181.977
120.018 181.977
132.518 181.977
145.018 181.977
157.518 181.977
170.018 181.977
182.518 181.977
195.018 181.977
207.518 181.977
220.018 181.977
232.518 181.977
245.018 181.977
257.518 181.977
45.018 194.477
57.518 194.477
70.018 194.477
82.518 194.477
95.018 194.477
107.518 194.477
120.018 194.477
132.518 194.477
145.018 194.477
157.518 194.477
170.018 194.477
182.518 194.477
195.018 194.477
207.518 194.477
220.018 194.477
232.518 194.477
245.018 194.477
257.518 194.477
57.518 206.977
70.018 206.977
82.518 206.977
95.018 206.977
107.518 206.977
120.018 206.977
132.518 206.977
145.018 206.977
157.518 206.977
170.018 206.977
182.518 206.977
195.018 206.977
207.518 206.977
220.018 206.977
232.518 206.977
245.018 206.977
57.518 219.477
70.018 219.477
82.518 219.477
95.018 219.477
107.518 219.477
120.018 219.477
132.518 219.477
145.018 219.477
157.518 219.477
170.018 219.477
182.518 219.477
195.018 219.477
207.518 219.477
220.018 219.477
232.518 219.477
245.018 219.477
70.018 231.977
82.518 231.977
95.018 231.977
107.518 231.977
120.018 231.977
132.518 231.977
145.018 231.977
157.518 231.977
170.018 231.977
182.518 231.977
195.018 231.977
207.518 231.977
220.018 231.977
232.518 231.977
82.518 244.477
95.018 244.477
107.518 244.477
120.018 244.477
132.518 244.477
145.018 244.477
157.518 244.477
170.018 244.477
182.518 244.477
195.018 244.477
207.518 244.477
220.018 244.477
107.518 256.977
120.018 256.977
132.518 256.977
145.018 256.977
157.518 256.977
170.018 256.977
182.518 256.977
195.018 256.977
145.018 269.477
157.518 269.477
