144.196 30.603
156.696 30.603
106.696 43.103
119.196 43.103
131.696 43.103
144.196 43.103
156.696 43.103
169.196 43.103
181.696 43.103
194.196 43.103
81.696 55.603
94.196 55.603
106.696 55.603
119.196 55.603
131.696 55.603
144.196 55.603
156.696 55.603
169.196 55.603
181.696 55.603
194.196 55.603
206.696 55.603
219.196 55.603
69.196 68.103
81.696 68.103
94.196 68.103
106.696 68.103
119.196 68.103
131.696 68.103
144.196 68.103
156.696 68.103
169.196 68.103
181.696 68.103
194.196 68.103
206.696 68.103
219.196 68.103
231.696 68.103
56.696 80.603
69.196 80.603
81.696 80.603
94.196 80.603
106.696 80.603
119.196 80.603
131.696 80.603
144.196 80.603
156.696 80.603
169.196 80.603
181.696 80.603
194.196 80.603
206.696 80.603
219.196 80.603
231.696 80.603
244.196 80.603
56.696 93.103
69.196 93.103
81.696 93.103
94.196 93.103
106.696 93.103
119.196 93.103
131.696 93.103
144.196 93.103
156.696 93.103
169.196 93.103
181.696 93.103
194.196 93.103
206.696 93.103
219.196 93.103
231.696 93.103
244.196 93.103
44.196 105.603
56.696 105.603
69.196 105.603
81.696 105.603
94.196 105.603
106.696 105.603
119.196 105.603
131.696 105.603
144.196 105.603
156.696 105.603
169.196 105.603
181.696 105.603
194.196 105.603
206.696 105.603
219.196 105.603
231.696 105.603
244.196 105.603
256.696 105.603
44.196 118.103
56.696 118.103
69.196 118.103
81.696 118.103
94.196 118.103
106.696 118.103
119.196 118.103
131.696 118.103
144.196 118.103
156.696 118.103
169.196 118.103
181.696 118.103
194.196 118.103
206.696 118.103
219.196 118.103
231.696 118.103
244.196 118.103
256.696 118.103
44.196 130.603
56.696 130.603
69.196 130.603
81.696 130.603
94.196 130.603
106.696 130.603
119.196 130.603
131.696 130.603
144.196 130.603
156.696 130.603
169.196 130.603
181.696 130.603
194.196 130.603
206.696 130.603
219.196 130.603
231.696 130.603
244.196 130.603
256.696 130.603
31.696 143.103
44.196 143.103
56.696 143.103
69.196 143.103
81.696 143.103
94.196 143.103
106.696 143.103
119.196 143.103
131.696 143.103
144.196 143.103
156.696 143.103
169.196 143.103
181.696 143.103
194.196 143.103
206.696 143.103
219.196 143.103
231.696 143.103
244.196 143.103
256.696 143.103
269.196 143.103
31.696 155.603
44.196 155.603
56.696 155.603
69.196 155.603
81.696 155.603
94.196 155.603
106.696 155.603
119.196 155.603
131.696 155.603
144.196 155.603
156.696 155.603
169.196 155.603
181.696 155.603
194.196 155.603
206.696 155.603
219.196 155.603
231.696 155.603
244.196 155.603
256.696 155.603
269.196 155.603
44.196 168.103
56.696 168.103
69.196 168.103
81.696 168.103
94.196 168.103
106.696 168.103
119.196 168.103
131.696 168.103
144.196 168.103
156.696 168.103
169.196 168.103
181.696 168.103
194.196 168.103
206.696 168.103
219.196 168.103
231.696 168.103
244.196 168.103
256.696 168.103
44.196 180.603
56.696 180.603
69.196 180.603
81.696 180.603
94.196 180.603
106.696 180.603
119.196 180.603
131.696 180.603
144.196 180.603
156.696 180.603
169.196 180.603
181.696 180.603
194.196 180.603
206.696 180.603
219.196 180.603
231.696 180.603
244.196 180.603
256.696 180.603
44.196 193.103
56.696 193.103
69.196 193.103
81.696 193.103
94.196 193.103
106.696 193.103
119.196 193.103
131.696 193.103
144.196 193.103
156.696 193.103
169.196 193.103
181.696 193.103
194.196 193.103
206.696 193.103
219.196 193.103
231.696 193.103
244.196 193.103
256.696 193.103
56.696 205.603
69.196 205.603
81.696 205.603
94.196 205.603
106.696 205.603
119.196 205.603
131.696 205.603
144.196 205.603
156.696 205.603
169.196 205.603
181.696 205.603
194.196 205.603
206.696 205.603
219.196 205.603
231.696 205.603
244.196 205.603
56.696 218.103
69.196 218.103
81.696 218.103
94.196 218.103
106.696 218.103
119.196 218.103
131.696 218.103
144.196 218.103
156.696 218.103
169.196 218.103
181.696 218.103
194.196 218.103
206.696 218.103
219.196 218.103
231.696 218.103
244.196 218.103
69.196 230.603
81.696 230.603
94.196 230.603
106.696 230.603
119.196 230.603
131.696 230.603
144.196 230.603
156.696 230.603
169.196 230.603
181.696 230.603
194.196 230.603
206.696 230.603
219.196 230.603
231.696 230.603
81.696 243.103
94.196 243.103
106.696 243.103
119.196 243.103
131.696 243.103
144.196 243.103
156.696 243.103
169.196 243.103
181.696 243.103
194.196 243.103
206.696 243.103
219.196 243.103
106.696 255.603
119.196 255.603
131.696 255.603
144.196 255.603
156.696 255.603
169.196 255.603
181.696 255.603
194.196 255.603
144.196 268.103
156.696 268.103
