144.930 30.655
157.430 30.655
107.430 43.155
119.930 43.155
132.430 43.155
144.930 43.155
157.430 43.155
169.930 43.155
182.430 43.155
194.930 43.155
82.430 55.655
94.930 55.655
107.430 55.655
119.930 55.655
132.430 55.655
144.930 55.655
157.430 55.655
169.930 55.655
182.430 55.655
194.930 55.655
207.430 55.655
219.930 55.655
69.930 68.155
82.430 68.155
94.930 68.155
107.430 68.155
119.930 68.155
132.430 68.155
144.930 68.155
157.430 68.155
169.930 68.155
182.430 68.155
194.930 68.155
207.430 68.155
219.930 68.155
232.430 68.155
57.430 80.655
69.930 80.655
82.430 80.655
94.930 80.655
107.430 80.655
119.930 80.655
132.430 80.655
144.930 80.655
157.430 80.655
169.930 80.655
182.430 80.655
194.930 80.655
207.430 80.655
219.930 80.655
232.430 80.655
244.930 80.655
57.430 93.155
69.930 93.155
82.430 93.155
94.930 93.155
107.430 93.155
119.930 93.155
132.430 93.155
144.930 93.155
157.430 93.155
169.930 93.155
182.430 93.155
194.930 93.155
207.430 93.155
219.930 93.155
232.430 93.155
244.930 93.155
44.930 105.655
57.430 105.655
69.930 105.655
82.430 105.655
94.930 105.655
107.430 105.655
119.930 105.655
132.430 105.655
144.930 105.655
157.430 105.655
169.930 105.655
182.430 105.655
194.930 105.655
207.430 105.655
219.930 105.655
232.430 105.655
244.930 105.655
257.430 105.655
44.930 118.155
57.430 118.155
69.930 118.155
82.430 118.155
94.930 118.155
107.430 118.155
119.930 118.155
132.430 118.155
144.930 118.155
157.430 118.155
169.930 118.155
182.430 118.155
194.930 118.155
207.430 118.155
219.930 118.155
232.430 118.155
244.930 118.155
257.430 118.155
44.930 130.655
57.430 130.655
69.930 130.655
82.430 130.655
94.930 130.655
107.430 130.655
119.930 130.655
132.430 130.655
144.930 130.655
157.430 130.655
169.930 130.655
182.430 130.655
194.930 130.655
207.430 130.655
219.930 130.655
232.430 130.655
244.930 130.655
257.430 130.655
32.430 143.155
44.930 143.155
57.430 143.155
69.930 143.155
82.430 143.155
94.930 143.155
107.430 143.155
119.930 143.155
132.430 143.155
144.930 143.155
157.430 143.155
169.930 143.155
182.430 143.155
194.930 143.155
207.430 143.155
219.930 143.155
232.430 143.155
244.930 143.155
257.430 143.155
269.930 143.155
32.430 155.655
44.930 155.655
57.430 155.655
69.930 155.655
82.430 155.655
94.930 155.655
107.430 155.655
119.930 155.655
132.430 155.655
144.930 155.655
157.430 155.655
169.930 155.655
182.430 155.655
194.930 155.655
207.430 155.655
219.930 155.655
232.430 155.655
244.930 155.655
257.430 155.655
269.930 155.655
44.930 168.155
57.430 168.155
69.930 168.155
82.430 168.155
94.930 168.155
107.430 168.155
119.930 168.155
132.430 168.155
144.930 168.155
157.430 168.155
169.930 168.155
182.430 168.155
194.930 168.155
207.430 168.155
219.930 168.155
232.430 168.155
244.930 168.155
257.430 168.155
44.930 180.655
57.430 180.655
69.930 180.655
82.430 180.655
94.930 180.655
107.430 180.655
119.930 180.655
132.430 180.655
144.930 180.655
157.430 180.655
169.930 180.655
182.430 180.655
194.930 180.655
207.430 180.655
219.930 180.655
232.430 180.655
244.930 180.655
257.430 180.655
44.930 193.155
57.430 193.155
69.930 193.155
82.430 193.155
94.930 193.155
107.430 193.155
119.930 193.155
132.430 193.155
144.930 193.155
157.430 193.155
169.930 193.155
182.430 193.155
194.930 193.155
207.430 193.155
219.930 193.155
232.430 193.155
244.930 193.155
257.430 193.155
57.430 205.655
69.930 205.655
82.430 205.655
94.930 205.655
107.430 205.655
119.930 205.655
132.430 205.655
144.930 205.655
157.430 205.655
169.930 205.655
182.430 205.655
194.930 205.655
207.430 205.655
219.930 205.655
232.430 205.655
244.930 205.655
57.430 218.155
69.930 218.155
82.430 218.155
94.930 218.155
107.430 218.155
119.930 218.155
132.430 218.155
144.930 218.155
157.430 218.155
169.930 218.155
182.430 218.155
194.930 218.155
207.430 218.155
219.930 218.155
232.430 218.155
244.930 218.155
69.930 230.655
82.430 230.655
94.930 230.655
107.430 230.655
119.930 230.655
132.430 230.655
144.930 230.655
157.430 230.655
169.930 230.655
182.430 230.655
194.930 230.655
207.430 230.655
219.930 230.655
232.430 230.655
82.430 243.155
94.930 243.155
107.430 243.155
119.930 243.155
132.430 243.155
144.930 243.155
157.430 243.155
169.930 243.155
182.430 243.155
194.930 243.155
207.430 243.155
219.930 243.155
107.430 255.655
119.930 255.655
132.430 255.655
144.930 255.655
157.430 255.655
169.930 255.655
182.430 255.655
194.930 255.655
144.930 268.155
157.430 268.155
