144.094 31.389
156.594 31.389
106.594 43.889
119.094 43.889
131.594 43.889
144.094 43.889
156.594 43.889
169.094 43.889
181.594 43.889
194.094 43.889
81.594 56.389
94.094 56.389
106.594 56.389
119.094 56.389
131.594 56.389
144.094 56.389
156.594 56.389
169.094 56.389
181.594 56.389
194.094 56.389
206.594 56.389
219.094 56.389
69.094 68.889
81.594 68.889
94.094 68.889
106.594 68.889
119.094 68.889
131.594 68.889
144.094 68.889
156.594 68.889
169.094 68.889
181.594 68.889
194.094 68.889
206.594 68.889
219.094 68.889
231.594 68.889
56.594 81.389
69.094 81.389
81.594 81.389
94.094 81.389
106.594 81.389
119.094 81.389
131.594 81.389
144.094 81.389
156.594 81.389
169.094 81.389
181.594 81.389
194.094 81.389
206.594 81.389
219.094 81.389
231.594 81.389
244.094 81.389
56.594 93.889
69.094 93.889
81.594 93.889
94.094 93.889
106.594 93.889
119.094 93.889
131.594 93.889
144.094 93.889
156.594 93.889
169.094 93.889
181.594 93.889
194.094 93.889
206.594 93.889
219.094 93.889
231.594 93.889
244.094 93.889
44.094 106.389
56.594 106.389
69.094 106.389
81.594 106.389
94.094 106.389
106.594 106.389
119.094 106.389
131.594 106.389
144.094 106.389
156.594 106.389
169.094 106.389
181.594 106.389
194.094 106.389
206.594 106.389
219.094 106.389
231.594 106.389
244.094 106.389
256.594 106.389
44.094 118.889
56.594 118.889
69.094 118.889
81.594 118.889
94.094 118.889
106.594 118.889
119.094 118.889
131.594 118.889
144.094 118.889
156.594 118.889
169.094 118.889
181.594 118.889
194.094 118.889
206.594 118.889
219.094 118.889
231.594 118.889
244.094 118.889
256.594 118.889
44.094 131.389
56.594 131.389
69.094 131.389
81.594 131.389
94.094 131.389
106.594 131.389
119.094 131.389
131.594 131.389
144.094 131.389
156.594 131.389
169.094 131.389
181.594 131.389
194.094 131.389
206.594 131.389
219.094 131.389
231.594 131.389
244.094 131.389
256.594 131.389
31.594 143.889
44.094 143.889
56.594 143.889
69.094 143.889
81.594 143.889
94.094 143.889
106.594 143.889
119.094 143.889
131.594 143.889
144.094 143.889
156.594 143.889
169.094 143.889
181.594 143.889
194.094 143.889
206.594 143.889
219.094 143.889
231.594 143.889
244.094 143.889
256.594 143.889
269.094 143.889
31.594 156.389
44.094 156.389
56.594 156.389
69.094 156.389
81.594 156.389
94.094 156.389
106.594 156.389
119.094 156.389
131.594 156.389
144.094 156.389
156.594 156.389
169.094 156.389
181.594 156.389
194.094 156.389
206.594 156.389
219.094 156.389
231.594 156.389
244.094 156.389
256.594 156.389
269.094 156.389
44.094 168.889
56.594 168.889
69.094 168.889
81.594 168.889
94.094 168.889
106.594 168.889
119.094 168.889
131.594 168.889
144.094 168.889
156.594 168.889
169.094 168.889
181.594 168.889
194.094 168.889
206.594 168.889
219.094 168.889
231.594 168.889
244.094 168.889
256.594 168.889
44.094 181.389
56.594 181.389
69.094 181.389
81.594 181.389
94.094 181.389
106.594 181.389
119.094 181.389
131.594 181.389
144.094 181.389
156.594 181.389
169.094 181.389
181.594 181.389
194.094 181.389
206.594 181.389
219.094 181.389
231.594 181.389
244.094 181.389
256.594 181.389
44.094 193.889
56.594 193.889
69.094 193.889
81.594 193.889
94.094 193.889
106.594 193.889
119.094 193.889
131.594 193.889
144.094 193.889
156.594 193.889
169.094 193.889
181.594 193.889
194.094 193.889
206.594 193.889
219.094 193.889
231.594 193.889
244.094 193.889
256.594 193.889
56.594 206.389
69.094 206.389
81.594 206.389
94.094 206.389
106.594 206.389
119.094 206.389
131.594 206.389
144.094 206.389
156.594 206.389
169.094 206.389
181.594 206.389
194.094 206.389
206.594 206.389
219.094 206.389
231.594 206.389
244.094 206.389
56.594 218.889
69.094 218.889
81.594 218.889
94.094 218.889
106.594 218.889
119.094 218.889
131.594 218.889
144.094 218.889
156.594 218.889
169.094 218.889
181.594 218.889
194.094 218.889
206.594 218.889
219.094 218.889
231.594 218.889
244.094 218.889
69.094 231.389
81.594 231.389
94.094 231.389
106.594 231.389
119.094 231.389
131.594 231.389
144.094 231.389
156.594 231.389
169.094 231.389
181.594 231.389
194.094 231.389
206.594 231.389
219.094 231.389
231.594 231.389
81.594 243.889
94.094 243.889
106.594 243.889
119.094 243.889
131.594 243.889
144.094 243.889
156.594 243.889
169.094 243.889
181.594 243.889
194.094 243.889
206.594 243.889
219.094 243.889
106.594 256.389
119.094 256.389
131.594 256.389
144.094 256.389
156.594 256.389
169.094 256.389
181.594 256.389
194.094 256.389
144.094 268.889
156.594 268.889
