144.668 31.804
157.168 31.804
107.168 44.304
119.668 44.304
132.168 44.304
144.668 44.304
157.168 44.304
169.668 44.304
182.168 44.304
194.668 44.304
82.168 56.804
94.668 56.804
107.168 56.804
119.668 56.804
132.168 56.804
144.668 56.804
157.168 56.804
169.668 56.804
182.168 56.804
194.668 56.804
207.168 56.804
219.668 56.804
69.668 69.304
82.168 69.304
94.668 69.304
107.168 69.304
119.668 69.304
132.168 69.304
144.668 69.304
157.168 69.304
169.668 69.304
182.168 69.304
194.668 69.304
207.168 69.304
219.668 69.304
232.168 69.304
57.168 81.804
69.668 81.804
82.168 81.804
94.668 81.804
107.168 81.804
119.668 81.804
132.168 81.804
144.668 81.804
157.168 81.804
169.668 81.804
182.168 81.804
194.668 81.804
207.168 81.804
219.668 81.804
232.168 81.804
244.668 81.804
57.168 94.304
69.668 94.304
82.168 94.304
94.668 94.304
107.168 94.304
119.668 94.304
132.168 94.304
144.668 94.304
157.168 94.304
169.668 94.304
182.168 94.304
194.668 94.304
207.168 94.304
219.668 94.304
232.168 94.304
244.668 94.304
44.668 106.804
57.168 106.804
69.668 106.804
82.168 106.804
94.668 106.804
107.168 106.804
119.668 106.804
132.168 106.804
144.668 106.804
157.168 106.804
169.668 106.804
182.168 106.804
194.668 106.804
207.168 106.804
219.668 106.804
232.168 106.804
244.668 106.804
257.168 106.804
44.668 119.304
57.168 119.304
69.668 119.304
82.168 119.304
94.668 119.304
107.168 119.304
119.668 119.304
132.168 119.304
144.668 119.304
157.168 119.304
169.668 119.304
182.168 119.304
194.668 119.304
207.168 119.304
219.668 119.304
232.168 119.304
244.668 119.304
257.168 119.304
44.668 131.804
57.168 131.804
69.668 131.804
82.168 131.804
94.668 131.804
107.168 131.804
119.668 131.804
132.168 131.804
144.668 131.804
157.168 131.804
169.668 131.804
182.168 131.804
194.668 131.804
207.168 131.804
219.668 131.804
232.168 131.804
244.668 131.804
257.168 131.804
32.168 144.304
44.668 144.304
57.168 144.304
69.668 144.304
82.168 144.304
94.668 144.304
107.168 144.304
119.668 144.304
132.168 144.304
144.668 144.304
157.168 144.304
169.668 144.304
182.168 144.304
194.668 144.304
207.168 144.304
219.668 144.304
232.168 144.304
244.668 144.304
257.168 144.304
269.668 144.304
32.168 156.804
44.668 156.804
57.168 156.804
69.668 156.804
82.168 156.804
94.668 156.804
107.168 156.804
119.668 156.804
132.168 156.804
144.668 156.804
157.168 156.804
169.668 156.804
182.168 156.804
194.668 156.804
207.168 156.804
219.668 156.804
232.168 156.804
244.668 156.804
257.168 156.804
269.668 156.804
44.668 169.304
57.168 169.304
69.668 169.304
82.168 169.304
94.668 169.304
107.168 169.304
119.668 169.304
132.168 169.304
144.668 169.304
157.168 169.304
169.668 169.304
182.168 169.304
194.668 169.304
207.168 169.304
219.668 169.304
232.168 169.304
244.668 169.304
257.168 169.304
44.668 181.804
57.168 181.804
69.668 181.804
82.168 181.804
94.668 181.804
107.168 181.804
119.668 181.804
132.168 181.804
144.668 181.804
157.168 181.804
169.668 181.804
182.168 181.804
194.668 181.804
207.168 181.804
219.668 181.804
232.168 181.804
244.668 181.804
257.168 181.804
44.668 194.304
57.168 194.304
69.668 194.304
82.168 194.304
94.668 194.304
107.168 194.304
119.668 194.304
132.168 194.304
144.668 194.304
157.168 194.304
169.668 194.304
182.168 194.304
194.668 194.304
207.168 194.304
219.668 194.304
232.168 194.304
244.668 194.304
257.168 194.304
57.168 206.804
69.668 206.804
82.168 206.804
94.668 206.804
107.168 206.804
119.668 206.804
132.168 206.804
144.668 206.804
157.168 206.804
169.668 206.804
182.168 206.804
194.668 206.804
207.168 206.804
219.668 206.804
232.168 206.804
244.668 206.804
57.168 219.304
69.668 219.304
82.168 219.304
94.668 219.304
107.168 219.304
119.668 219.304
132.168 219.304
144.668 219.304
157.168 219.304
169.668 219.304
182.168 219.304
194.668 219.304
207.168 219.304
219.668 219.304
232.168 219.304
244.668 219.304
69.668 231.804
82.168 231.804
94.668 231.804
107.168 231.804
119.668 231.804
132.168 231.804
144.668 231.804
157.168 231.804
169.668 231.804
182.168 231.804
194.668 231.804
207.168 231.804
219.668 231.804
232.168 231.804
82.168 244.304
94.668 244.304
107.168 244.304
119.668 244.304
132.168 244.304
144.668 244.304
157.168 244.304
169.668 244.304
182.168 244.304
194.668 244.304
207.168 244.304
219.668 244.304
107.168 256.804
119.668 256.804
132.168 256.804
144.668 256.804
157.168 256.804
169.668 256.804
182.168 256.804
194.668 256.804
144.668 269.304
157.168 269.304
