144.555 29.977
157.055 29.977
107.055 42.477
119.555 42.477
132.055 42.477
144.555 42.477
157.055 42.477
169.555 42.477
182.055 42.477
194.555 42.477
82.055 54.977
94.555 54.977
107.055 54.977
119.555 54.977
132.055 54.977
144.555 54.977
157.055 54.977
169.555 54.977
182.055 54.977
194.555 54.977
207.055 54.977
219.555 54.977
69.555 67.477
82.055 67.477
94.555 67.477
107.055 67.477
119.555 67.477
132.055 67.477
144.555 67.477
157.055 67.477
169.555 67.477
182.055 67.477
194.555 67.477
207.055 67.477
219.555 67.477
232.055 67.477
57.055 79.977
69.555 79.977
82.055 79.977
94.555 79.977
107.055 79.977
119.555 79.977
132.055 79.977
144.555 79.977
157.055 79.977
169.555 79.977
182.055 79.977
194.555 79.977
207.055 79.977
219.555 79.977
232.055 79.977
244.555 79.977
57.055 92.477
69.555 92.477
82.055 92.477
94.555 92.477
107.055 92.477
119.555 92.477
132.055 92.477
144.555 92.477
157.055 92.477
169.555 92.477
182.055 92.477
194.555 92.477
207.055 92.477
219.555 92.477
232.055 92.477
244.555 92.477
44.555 104.977
57.055 104.977
69.555 104.977
82.055 104.977
94.555 104.977
107.055 104.977
119.555 104.977
132.055 104.977
144.555 104.977
157.055 104.977
169.555 104.977
182.055 104.977
194.555 104.977
207.055 104.977
219.555 104.977
232.055 104.977
244.555 104.977
257.055 104.977
44.555 117.477
57.055 117.477
69.555 117.477
82.055 117.477
94.555 117.477
107.055 117.477
119.555 117.477
132.055 117.477
144.555 117.477
157.055 117.477
169.555 117.477
182.055 117.477
194.555 117.477
207.055 117.477
219.555 117.477
232.055 117.477
244.555 117.477
257.055 117.477
44.555 129.977
57.055 129.977
69.555 129.977
82.055 129.977
94.555 129.977
107.055 129.977
119.555 129.977
132.055 129.977
144.555 129.977
157.055 129.977
169.555 129.977
182.055 129.977
194.555 129.977
207.055 129.977
219.555 129.977
232.055 129.977
244.555 129.977
257.055 129.977
32.055 142.477
44.555 142.477
57.055 142.477
69.555 142.477
82.055 142.477
94.555 142.477
107.055 142.477
119.555 142.477
132.055 142.477
144.555 142.477
157.055 142.477
169.555 142.477
182.055 142.477
194.555 142.477
207.055 142.477
219.555 142.477
232.055 142.477
244.555 142.477
257.055 142.477
269.555 142.477
32.055 154.977
44.555 154.977
57.055 154.977
69.555 154.977
82.055 154.977
94.555 154.977
107.055 154.977
119.555 154.977
132.055 154.977
144.555 154.977
157.055 154.977
169.555 154.977
182.055 154.977
194.555 154.977
207.055 154.977
219.555 154.977
232.055 154.977
244.555 154.977
257.055 154.977
269.555 154.977
44.555 167.477
57.055 167.477
69.555 167.477
82.055 167.477
94.555 167.477
107.055 167.477
119.555 167.477
132.055 167.477
144.555 167.477
157.055 167.477
169.555 167.477
182.055 167.477
194.555 167.477
207.055 167.477
219.555 167.477
232.055 167.477
244.555 167.477
257.055 167.477
44.555 179.977
57.055 179.977
69.555 179.977
82.055 179.977
94.555 179.977
107.055 179.977
119.555 179.977
132.055 179.977
144.555 179.977
157.055 179.977
169.555 179.977
182.055 179.977
194.555 179.977
207.055 179.977
219.555 179.977
232.055 179.977
244.555 179.977
257.055 179.977
44.555 192.477
57.055 192.477
69.555 192.477
82.055 192.477
94.555 192.477
107.055 192.477
119.555 192.477
132.055 192.477
144.555 192.477
157.055 192.477
169.555 192.477
182.055 192.477
194.555 192.477
207.055 192.477
219.555 192.477
232.055 192.477
244.555 192.477
257.055 192.477
57.055 204.977
69.555 204.977
82.055 204.977
94.555 204.977
107.055 204.977
119.555 204.977
132.055 204.977
144.555 204.977
157.055 204.977
169.555 204.977
182.055 204.977
194.555 204.977
207.055 204.977
219.555 204.977
232.055 204.977
244.555 204.977
57.055 217.477
69.555 217.477
82.055 217.477
94.555 217.477
107.055 217.477
119.555 217.477
132.055 217.477
144.555 217.477
157.055 217.477
169.555 217.477
182.055 217.477
194.555 217.477
207.055 217.477
219.555 217.477
232.055 217.477
244.555 217.477
69.555 229.977
82.055 229.977
94.555 229.977
107.055 229.977
119.555 229.977
132.055 229.977
144.555 229.977
157.055 229.977
169.555 229.977
182.055 229.977
194.555 229.977
207.055 229.977
219.555 229.977
232.055 229.977
82.055 242.477
94.555 242.477
107.055 242.477
119.555 242.477
132.055 242.477
144.555 242.477
157.055 242.477
169.555 242.477
182.055 242.477
194.555 242.477
207.055 242.477
219.555 242.477
107.055 254.977
119.555 254.977
132.055 254.977
144.555 254.977
157.055 254.977
169.555 254.977
182.055 254.977
194.555 254.977
144.555 267.477
157.055 267.477
