144.606 30.821
157.106 30.821
107.106 43.321
119.606 43.321
132.106 43.321
144.606 43.321
157.106 43.321
169.606 43.321
182.106 43.321
194.606 43.321
82.106 55.821
94.606 55.821
107.106 55.821
119.606 55.821
132.106 55.821
144.606 55.821
157.106 55.821
169.606 55.821
182.106 55.821
194.606 55.821
207.106 55.821
219.606 55.821
69.606 68.321
82.106 68.321
94.606 68.321
107.106 68.321
119.606 68.321
132.106 68.321
144.606 68.321
157.106 68.321
169.606 68.321
182.106 68.321
194.606 68.321
207.106 68.321
219.606 68.321
232.106 68.321
57.106 80.821
69.606 80.821
82.106 80.821
94.606 80.821
107.106 80.821
119.606 80.821
132.106 80.821
144.606 80.821
157.106 80.821
169.606 80.821
182.106 80.821
194.606 80.821
207.106 80.821
219.606 80.821
232.106 80.821
244.606 80.821
57.106 93.321
69.606 93.321
82.106 93.321
94.606 93.321
107.106 93.321
119.606 93.321
132.106 93.321
144.606 93.321
157.106 93.321
169.606 93.321
182.106 93.321
194.606 93.321
207.106 93.321
219.606 93.321
232.106 93.321
244.606 93.321
44.606 105.821
57.106 105.821
69.606 105.821
82.106 105.821
94.606 105.821
107.106 105.821
119.606 105.821
132.106 105.821
144.606 105.821
157.106 105.821
169.606 105.821
182.106 105.821
194.606 105.821
207.106 105.821
219.606 105.821
232.106 105.821
244.606 105.821
257.106 105.821
44.606 118.321
57.106 118.321
69.606 118.321
82.106 118.321
94.606 118.321
107.106 118.321
119.606 118.321
132.106 118.321
144.606 118.321
157.106 118.321
169.606 118.321
182.106 118.321
194.606 118.321
207.106 118.321
219.606 118.321
232.106 118.321
244.606 118.321
257.106 118.321
44.606 130.821
57.106 130.821
69.606 130.821
82.106 130.821
94.606 130.821
107.106 130.821
119.606 130.821
132.106 130.821
144.606 130.821
157.106 130.821
169.606 130.821
182.106 130.821
194.606 130.821
207.106 130.821
219.606 130.821
232.106 130.821
244.606 130.821
257.106 130.821
32.106 143.321
44.606 143.321
57.106 143.321
69.606 143.321
82.106 143.321
94.606 143.321
107.106 143.321
119.606 143.321
132.106 143.321
144.606 143.321
157.106 143.321
169.606 143.321
182.106 143.321
194.606 143.321
207.106 143.321
219.606 143.321
232.106 143.321
244.606 143.321
257.106 143.321
269.606 143.321
32.106 155.821
44.606 155.821
57.106 155.821
69.606 155.821
82.106 155.821
94.606 155.821
107.106 155.821
119.606 155.821
132.106 155.821
144.606 155.821
157.106 155.821
169.606 155.821
182.106 155.821
194.606 155.821
207.106 155.821
219.606 155.821
232.106 155.821
244.606 155.821
257.106 155.821
269.606 155.821
44.606 168.321
57.106 168.321
69.606 168.321
82.106 168.321
94.606 168.321
107.106 168.321
119.606 168.321
132.106 168.321
144.606 168.321
157.106 168.321
169.606 168.321
182.106 168.321
194.606 168.321
207.106 168.321
219.606 168.321
232.106 168.321
244.606 168.321
257.106 168.321
44.606 180.821
57.106 180.821
69.606 180.821
82.106 180.821
94.606 180.821
107.106 180.821
119.606 180.821
132.106 180.821
144.606 180.821
157.106 180.821
169.606 180.821
182.106 180.821
194.606 180.821
207.106 180.821
219.606 180.821
232.106 180.821
244.606 180.821
257.106 180.821
44.606 193.321
57.106 193.321
69.606 193.321
82.106 193.321
94.606 193.321
107.106 193.321
119.606 193.321
132.106 193.321
144.606 193.321
157.106 193.321
169.606 193.321
182.106 193.321
194.606 193.321
207.106 193.321
219.606 193.321
232.106 193.321
244.606 193.321
257.106 193.321
57.106 205.821
69.606 205.821
82.106 205.821
94.606 205.821
107.106 205.821
119.606 205.821
132.106 205.821
144.606 205.821
157.106 205.821
169.606 205.821
182.106 205.821
194.606 205.821
207.106 205.821
219.606 205.821
232.106 205.821
244.606 205.821
57.106 218.321
69.606 218.321
82.106 218.321
94.606 218.321
107.106 218.321
119.606 218.321
132.106 218.321
144.606 218.321
157.106 218.321
169.606 218.321
182.106 218.321
194.606 218.321
207.106 218.321
219.606 218.321
232.106 218.321
244.606 218.321
69.606 230.821
82.106 230.821
94.606 230.821
107.106 230.821
119.606 230.821
132.106 230.821
144.606 230.821
157.106 230.821
169.606 230.821
182.106 230.821
194.606 230.821
207.106 230.821
219.606 230.821
232.106 230.821
82.106 243.321
94.606 243.321
107.106 243.321
119.606 243.321
132.106 243.321
144.606 243.321
157.106 243.321
169.606 243.321
182.106 243.321
194.606 243.321
207.106 243.321
219.606 243.321
107.106 255.821
119.606 255.821
132.106 255.821
144.606 255.821
157.106 255.821
169.606 255.821
182.106 255.821
194.606 255.821
144.606 268.321
157.106 268.321
