144.622 30.325
157.122 30.325
107.122 42.825
119.622 42.825
132.122 42.825
144.622 42.825
157.122 42.825
169.622 42.825
182.122 42.825
194.622 42.825
82.122 55.325
94.622 55.325
107.122 55.325
119.622 55.325
132.122 55.325
144.622 55.325
157.122 55.325
169.622 55.325
182.122 55.325
194.622 55.325
207.122 55.325
219.622 55.325
69.622 67.825
82.122 67.825
94.622 67.825
107.122 67.825
119.622 67.825
132.122 67.825
144.622 67.825
157.122 67.825
169.622 67.825
182.122 67.825
194.622 67.825
207.122 67.825
219.622 67.825
232.122 67.825
57.122 80.325
69.622 80.325
82.122 80.325
94.622 80.325
107.122 80.325
119.622 80.325
132.122 80.325
144.622 80.325
157.122 80.325
169.622 80.325
182.122 80.325
194.622 80.325
207.122 80.325
219.622 80.325
232.122 80.325
244.622 80.325
57.122 92.825
69.622 92.825
82.122 92.825
94.622 92.825
107.122 92.825
119.622 92.825
132.122 92.825
144.622 92.825
157.122 92.825
169.622 92.825
182.122 92.825
194.622 92.825
207.122 92.825
219.622 92.825
232.122 92.825
244.622 92.825
44.622 105.325
57.122 105.325
69.622 105.325
82.122 105.325
94.622 105.325
107.122 105.325
119.622 105.325
132.122 105.325
144.622 105.325
157.122 105.325
169.622 105.325
182.122 105.325
194.622 105.325
207.122 105.325
219.622 105.325
232.122 105.325
244.622 105.325
257.122 105.325
44.622 117.825
57.122 117.825
69.622 117.825
82.122 117.825
94.622 117.825
107.122 117.825
119.622 117.825
132.122 117.825
144.622 117.825
157.122 117.825
169.622 117.825
182.122 117.825
194.622 117.825
207.122 117.825
219.622 117.825
232.122 117.825
244.622 117.825
257.122 117.825
44.622 130.325
57.122 130.325
69.622 130.325
82.122 130.325
94.622 130.325
107.122 130.325
119.622 130.325
132.122 130.325
144.622 130.325
157.122 130.325
169.622 130.325
182.122 130.325
194.622 130.325
207.122 130.325
219.622 130.325
232.122 130.325
244.622 130.325
257.122 130.325
32.122 142.825
44.622 142.825
57.122 142.825
69.622 142.825
82.122 142.825
94.622 142.825
107.122 142.825
119.622 142.825
132.122 142.825
144.622 142.825
157.122 142.825
169.622 142.825
182.122 142.825
194.622 142.825
207.122 142.825
219.622 142.825
232.122 142.825
244.622 142.825
257.122 142.825
269.622 142.825
32.122 155.325
44.622 155.325
57.122 155.325
69.622 155.325
82.122 155.325
94.622 155.325
107.122 155.325
119.622 155.325
132.122 155.325
144.622 155.325
157.122 155.325
169.622 155.325
182.122 155.325
194.622 155.325
207.122 155.325
219.622 155.325
232.122 155.325
244.622 155.325
257.122 155.325
269.622 155.325
44.622 167.825
57.122 167.825
69.622 167.825
82.122 167.825
94.622 167.825
107.122 167.825
119.622 167.825
132.122 167.825
144.622 167.825
157.122 167.825
169.622 167.825
182.122 167.825
194.622 167.825
207.122 167.825
219.622 167.825
232.122 167.825
244.622 167.825
257.122 167.825
44.622 180.325
57.122 180.325
69.622 180.325
82.122 180.325
94.622 180.325
107.122 180.325
119.622 180.325
132.122 180.325
144.622 180.325
157.122 180.325
169.622 180.325
182.122 180.325
194.622 180.325
207.122 180.325
219.622 180.325
232.122 180.325
244.622 180.325
257.122 180.325
44.622 192.825
57.122 192.825
69.622 192.825
82.122 192.825
94.622 192.825
107.122 192.825
119.622 192.825
132.122 192.825
144.622 192.825
157.122 192.825
169.622 192.825
182.122 192.825
194.622 192.825
207.122 192.825
219.622 192.825
232.122 192.825
244.622 192.825
257.122 192.825
57.122 205.325
69.622 205.325
82.122 205.325
94.622 205.325
107.122 205.325
119.622 205.325
132.122 205.325
144.622 205.325
157.122 205.325
169.622 205.325
182.122 205.325
194.622 205.325
207.122 205.325
219.622 205.325
232.122 205.325
244.622 205.325
57.122 217.825
69.622 217.825
82.122 217.825
94.622 217.825
107.122 217.825
119.622 217.825
132.122 217.825
144.622 217.825
157.122 217.825
169.622 217.825
182.122 217.825
194.622 217.825
207.122 217.825
219.622 217.825
232.122 217.825
244.622 217.825
69.622 230.325
82.122 230.325
94.622 230.325
107.122 230.325
119.622 230.325
132.122 230.325
144.622 230.325
157.122 230.325
169.622 230.325
182.122 230.325
194.622 230.325
207.122 230.325
219.622 230.325
232.122 230.325
82.122 242.825
94.622 242.825
107.122 242.825
119.622 242.825
132.122 242.825
144.622 242.825
157.122 242.825
169.622 242.825
182.122 242.825
194.622 242.825
207.122 242.825
219.622 242.825
107.122 255.325
119.622 255.325
132.122 255.325
144.622 255.325
157.122 255.325
169.622 255.325
182.122 255.325
194.622 255.325
144.622 267.825
157.122 267.825
