144.553 29.979
157.053 29.979
107.053 42.479
119.553 42.479
132.053 42.479
144.553 42.479
157.053 42.479
169.553 42.479
182.053 42.479
194.553 42.479
82.053 54.979
94.553 54.979
107.053 54.979
119.553 54.979
132.053 54.979
144.553 54.979
157.053 54.979
169.553 54.979
182.053 54.979
194.553 54.979
207.053 54.979
219.553 54.979
69.553 67.479
82.053 67.479
94.553 67.479
107.053 67.479
119.553 67.479
132.053 67.479
144.553 67.479
157.053 67.479
169.553 67.479
182.053 67.479
194.553 67.479
207.053 67.479
219.553 67.479
232.053 67.479
57.053 79.979
69.553 79.979
82.053 79.979
94.553 79.979
107.053 79.979
119.553 79.979
132.053 79.979
144.553 79.979
157.053 79.979
169.553 79.979
182.053 79.979
194.553 79.979
207.053 79.979
219.553 79.979
232.053 79.979
244.553 79.979
57.053 92.479
69.553 92.479
82.053 92.479
94.553 92.479
107.053 92.479
119.553 92.479
132.053 92.479
144.553 92.479
157.053 92.479
169.553 92.479
182.053 92.479
194.553 92.479
207.053 92.479
219.553 92.479
232.053 92.479
244.553 92.479
44.553 104.979
57.053 104.979
69.553 104.979
82.053 104.979
94.553 104.979
107.053 104.979
119.553 104.979
132.053 104.979
144.553 104.979
157.053 104.979
169.553 104.979
182.053 104.979
194.553 104.979
207.053 104.979
219.553 104.979
232.053 104.979
244.553 104.979
257.053 104.979
44.553 117.479
57.053 117.479
69.553 117.479
82.053 117.479
94.553 117.479
107.053 117.479
119.553 117.479
132.053 117.479
144.553 117.479
157.053 117.479
169.553 117.479
182.053 117.479
194.553 117.479
207.053 117.479
219.553 117.479
232.053 117.479
244.553 117.479
257.053 117.479
44.553 129.979
57.053 129.979
69.553 129.979
82.053 129.979
94.553 129.979
107.053 129.979
119.553 129.979
132.053 129.979
144.553 129.979
157.053 129.979
169.553 129.979
182.053 129.979
194.553 129.979
207.053 129.979
219.553 129.979
232.053 129.979
244.553 129.979
257.053 129.979
32.053 142.479
44.553 142.479
57.053 142.479
69.553 142.479
82.053 142.479
94.553 142.479
107.053 142.479
119.553 142.479
132.053 142.479
144.553 142.479
157.053 142.479
169.553 142.479
182.053 142.479
194.553 142.479
207.053 142.479
219.553 142.479
232.053 142.479
244.553 142.479
257.053 142.479
269.553 142.479
32.053 154.979
44.553 154.979
57.053 154.979
69.553 154.979
82.053 154.979
94.553 154.979
107.053 154.979
119.553 154.979
132.053 154.979
144.553 154.979
157.053 154.979
169.553 154.979
182.053 154.979
194.553 154.979
207.053 154.979
219.553 154.979
232.053 154.979
244.553 154.979
257.053 154.979
269.553 154.979
44.553 167.479
57.053 167.479
69.553 167.479
82.053 167.479
94.553 167.479
107.053 167.479
119.553 167.479
132.053 167.479
144.553 167.479
157.053 167.479
169.553 167.479
182.053 167.479
194.553 167.479
207.053 167.479
219.553 167.479
232.053 167.479
244.553 167.479
257.053 167.479
44.553 179.979
57.053 179.979
69.553 179.979
82.053 179.979
94.553 179.979
107.053 179.979
119.553 179.979
132.053 179.979
144.553 179.979
157.053 179.979
169.553 179.979
182.053 179.979
194.553 179.979
207.053 179.979
219.553 179.979
232.053 179.979
244.553 179.979
257.053 179.979
44.553 192.479
57.053 192.479
69.553 192.479
82.053 192.479
94.553 192.479
107.053 192.479
119.553 192.479
132.053 192.479
144.553 192.479
157.053 192.479
169.553 192.479
182.053 192.479
194.553 192.479
207.053 192.479
219.553 192.479
232.053 192.479
244.553 192.479
257.053 192.479
57.053 204.979
69.553 204.979
82.053 204.979
94.553 204.979
107.053 204.979
119.553 204.979
132.053 204.979
144.553 204.979
157.053 204.979
169.553 204.979
182.053 204.979
194.553 204.979
207.053 204.979
219.553 204.979
232.053 204.979
244.553 204.979
57.053 217.479
69.553 217.479
82.053 217.479
94.553 217.479
107.053 217.479
119.553 217.479
132.053 217.479
144.553 217.479
157.053 217.479
169.553 217.479
182.053 217.479
194.553 217.479
207.053 217.479
219.553 217.479
232.053 217.479
244.553 217.479
69.553 229.979
82.053 229.979
94.553 229.979
107.053 229.979
119.553 229.979
132.053 229.979
144.553 229.979
157.053 229.979
169.553 229.979
182.053 229.979
194.553 229.979
207.053 229.979
219.553 229.979
232.053 229.979
82.053 242.479
94.553 242.479
107.053 242.479
119.553 242.479
132.053 242.479
144.553 242.479
157.053 242.479
169.553 242.479
182.053 242.479
194.553 242.479
207.053 242.479
219.553 242.479
107.053 254.979
119.553 254.979
132.053 254.979
144.553 254.979
157.053 254.979
169.553 254.979
182.053 254.979
194.553 254.979
144.553 267.479
157.053 267.479
