144.104 31.380
156.604 31.380
106.604 43.880
119.104 43.880
131.604 43.880
144.104 43.880
156.604 43.880
169.104 43.880
181.604 43.880
194.104 43.880
81.604 56.380
94.104 56.380
106.604 56.380
119.104 56.380
131.604 56.380
144.104 56.380
156.604 56.380
169.104 56.380
181.604 56.380
194.104 56.380
206.604 56.380
219.104 56.380
69.104 68.880
81.604 68.880
94.104 68.880
106.604 68.880
119.104 68.880
131.604 68.880
144.104 68.880
156.604 68.880
169.104 68.880
181.604 68.880
194.104 68.880
206.604 68.880
219.104 68.880
231.604 68.880
56.604 81.380
69.104 81.380
81.604 81.380
94.104 81.380
106.604 81.380
119.104 81.380
131.604 81.380
144.104 81.380
156.604 81.380
169.104 81.380
181.604 81.380
194.104 81.380
206.604 81.380
219.104 81.380
231.604 81.380
244.104 81.380
56.604 93.880
69.104 93.880
81.604 93.880
94.104 93.880
106.604 93.880
119.104 93.880
131.604 93.880
144.104 93.880
156.604 93.880
169.104 93.880
181.604 93.880
194.104 93.880
206.604 93.880
219.104 93.880
231.604 93.880
244.104 93.880
44.104 106.380
56.604 106.380
69.104 106.380
81.604 106.380
94.104 106.380
106.604 106.380
119.104 106.380
131.604 106.380
144.104 106.380
156.604 106.380
169.104 106.380
181.604 106.380
194.104 106.380
206.604 106.380
219.104 106.380
231.604 106.380
244.104 106.380
256.604 106.380
44.104 118.880
56.604 118.880
69.104 118.880
81.604 118.880
94.104 118.880
106.604 118.880
119.104 118.880
131.604 118.880
144.104 118.880
156.604 118.880
169.104 118.880
181.604 118.880
194.104 118.880
206.604 118.880
219.104 118.880
231.604 118.880
244.104 118.880
256.604 118.880
44.104 131.380
56.604 131.380
69.104 131.380
81.604 131.380
94.104 131.380
106.604 131.380
119.104 131.380
131.604 131.380
144.104 131.380
156.604 131.380
169.104 131.380
181.604 131.380
194.104 131.380
206.604 131.380
219.104 131.380
231.604 131.380
244.104 131.380
256.604 131.380
31.604 143.880
44.104 143.880
56.604 143.880
69.104 143.880
81.604 143.880
94.104 143.880
106.604 143.880
119.104 143.880
131.604 143.880
144.104 143.880
156.604 143.880
169.104 143.880
181.604 143.880
194.104 143.880
206.604 143.880
219.104 143.880
231.604 143.880
244.104 143.880
256.604 143.880
269.104 143.880
31.604 156.380
44.104 156.380
56.604 156.380
69.104 156.380
81.604 156.380
94.104 156.380
106.604 156.380
119.104 156.380
131.604 156.380
144.104 156.380
156.604 156.380
169.104 156.380
181.604 156.380
194.104 156.380
206.604 156.380
219.104 156.380
231.604 156.380
244.104 156.380
256.604 156.380
269.104 156.380
44.104 168.880
56.604 168.880
69.104 168.880
81.604 168.880
94.104 168.880
106.604 168.880
119.104 168.880
131.604 168.880
144.104 168.880
156.604 168.880
169.104 168.880
181.604 168.880
194.104 168.880
206.604 168.880
219.104 168.880
231.604 168.880
244.104 168.880
256.604 168.880
44.104 181.380
56.604 181.380
69.104 181.380
81.604 181.380
94.104 181.380
106.604 181.380
119.104 181.380
131.604 181.380
144.104 181.380
156.604 181.380
169.104 181.380
181.604 181.380
194.104 181.380
206.604 181.380
219.104 181.380
231.604 181.380
244.104 181.380
256.604 181.380
44.104 193.880
56.604 193.880
69.104 193.880
81.604 193.880
94.104 193.880
106.604 193.880
119.104 193.880
131.604 193.880
144.104 193.880
156.604 193.880
169.104 193.880
181.604 193.880
194.104 193.880
206.604 193.880
219.104 193.880
231.604 193.880
244.104 193.880
256.604 193.880
56.604 206.380
69.104 206.380
81.604 206.380
94.104 206.380
106.604 206.380
119.104 206.380
131.604 206.380
144.104 206.380
156.604 206.380
169.104 206.380
181.604 206.380
194.104 206.380
206.604 206.380
219.104 206.380
231.604 206.380
244.104 206.380
56.604 218.880
69.104 218.880
81.604 218.880
94.104 218.880
106.604 218.880
119.104 218.880
131.604 218.880
144.104 218.880
156.604 218.880
169.104 218.880
181.604 218.880
194.104 218.880
206.604 218.880
219.104 218.880
231.604 218.880
244.104 218.880
69.104 231.380
81.604 231.380
94.104 231.380
106.604 231.380
119.104 231.380
131.604 231.380
144.104 231.380
156.604 231.380
169.104 231.380
181.604 231.380
194.104 231.380
206.604 231.380
219.104 231.380
231.604 231.380
81.604 243.880
94.104 243.880
106.604 243.880
119.104 243.880
131.604 243.880
144.104 243.880
156.604 243.880
169.104 243.880
181.604 243.880
194.104 243.880
206.604 243.880
219.104 243.880
106.604 256.380
119.104 256.380
131.604 256.380
144.104 256.380
156.604 256.380
169.104 256.380
181.604 256.380
194.104 256.380
144.104 268.880
156.604 268.880
