144.672 29.874
157.073 29.827
106.870 42.110
119.794 42.247
131.971 42.104
144.711 42.220
157.023 42.162
169.796 42.138
182.015 42.006
194.773 42.253
81.989 55.061
94.716 54.803
107.018 54.938
119.694 54.958
131.938 54.891
144.801 54.883
156.914 55.160
169.685 54.881
182.132 54.978
194.635 54.888
206.892 54.871
219.852 54.794
69.714 67.346
82.011 67.136
94.722 67.321
107.011 67.040
119.678 67.213
131.883 67.019
144.609 67.348
156.987 67.173
169.679 67.290
181.920 67.240
194.663 67.297
207.068 67.230
219.775 67.220
232.046 67.167
57.031 79.970
69.872 79.963
82.022 79.934
94.759 79.995
107.146 80.027
119.781 79.964
132.150 79.990
144.679 79.906
157.074 79.897
169.690 80.001
181.940 79.973
194.730 79.891
207.156 80.052
219.600 79.934
231.967 79.969
244.732 79.841
56.946 92.358
69.659 92.202
82.024 92.351
94.674 92.375
107.119 92.220
119.701 92.151
131.990 92.279
144.747 92.289
157.108 92.096
169.622 92.368
182.095 92.324
194.681 92.327
207.034 92.230
219.625 92.361
232.134 92.118
244.621 92.221
44.870 105.071
57.060 105.072
69.702 104.958
82.015 104.952
94.873 104.959
107.027 104.845
119.735 104.882
132.162 105.015
144.699 104.846
157.125 105.008
169.675 104.888
181.966 104.950
194.573 104.860
207.058 104.886
219.714 104.962
232.084 105.051
244.774 104.934
257.037 105.073
44.714 117.412
57.036 117.277
69.575 117.339
81.985 117.482
94.588 117.406
107.086 117.362
119.717 117.379
132.106 117.285
144.609 117.510
157.112 117.300
169.668 117.472
181.988 117.180
194.612 117.415
206.992 117.252
219.590 117.345
232.003 117.186
244.594 117.279
256.951 117.303
44.790 129.905
57.080 129.973
69.641 130.028
81.894 129.993
94.779 129.868
106.996 129.920
119.815 130.033
131.932 130.002
144.830 130.067
157.058 130.062
169.682 130.022
181.997 130.045
194.704 130.013
207.027 129.986
219.580 129.992
231.899 130.016
244.584 129.948
257.017 129.968
31.977 142.386
44.701 142.399
56.980 142.580
69.778 142.296
82.033 142.367
94.698 142.306
107.064 142.381
119.581 142.594
132.109 142.520
144.681 142.412
157.018 142.484
169.587 142.418
182.092 142.522
194.590 142.390
206.970 142.278
219.697 142.151
232.012 142.329
244.525 142.346
257.020 142.320
269.449 142.499
31.984 154.882
44.801 155.118
56.977 154.918
69.735 155.029
82.141 154.980
94.668 155.036
106.952 154.857
119.634 154.961
131.975 154.950
144.610 154.965
157.023 154.925
169.655 155.051
182.093 155.085
194.609 154.992
207.040 155.025
219.536 154.943
232.004 154.970
244.545 155.008
257.045 155.024
269.380 154.984
44.705 167.612
57.065 167.804
69.631 167.468
82.009 167.663
94.595 167.532
106.941 167.602
119.692 167.646
132.136 167.548
144.657 167.447
157.103 167.571
169.614 167.552
182.086 167.554
194.638 167.530
207.041 167.433
219.699 167.291
232.007 167.348
244.601 167.647
256.973 167.243
44.693 180.051
57.024 180.103
69.690 179.981
81.996 180.015
94.679 180.069
107.003 180.015
119.831 180.009
132.089 179.990
144.551 179.936
156.958 179.946
169.644 179.967
182.010 180.113
194.622 180.014
207.006 179.980
219.616 180.007
232.064 179.984
244.371 180.068
257.077 179.988
44.710 192.744
57.130 192.782
69.786 192.439
81.911 192.817
94.686 192.764
107.010 192.664
119.751 192.697
131.941 192.641
144.608 192.600
156.980 192.630
169.645 192.600
182.000 192.636
194.587 192.623
207.003 192.565
219.542 192.677
232.054 192.440
244.664 192.650
256.979 192.363
56.887 204.926
69.782 205.033
82.012 204.999
94.604 205.079
107.006 205.050
119.422 205.079
131.981 205.066
144.779 204.909
157.006 204.998
169.619 204.900
181.872 205.008
194.616 205.080
207.012 204.934
219.481 205.078
231.911 205.008
244.684 205.087
56.921 217.865
69.682 217.770
82.002 217.808
94.588 217.911
106.974 217.848
119.547 217.659
132.020 217.788
144.498 217.634
156.959 217.794
169.593 217.618
182.136 217.727
194.505 217.608
206.975 217.828
219.598 217.664
231.899 217.660
244.418 217.655
69.534 230.199
82.007 230.005
94.565 230.099
106.926 229.992
119.565 230.268
132.042 230.122
144.540 230.041
157.137 230.055
169.659 229.981
181.868 230.070
194.596 230.104
206.919 229.998
219.617 230.124
232.057 229.976
81.983 242.822
94.683 242.676
107.008 242.944
119.547 242.836
132.026 242.836
144.620 242.746
156.974 242.783
169.655 242.759
182.075 242.835
194.485 242.568
206.994 242.858
219.477 242.742
107.064 254.991
119.592 255.204
132.019 255.006
144.632 255.061
156.926 255.021
169.412 255.200
182.007 255.042
194.453 255.203
144.289 267.890
156.999 267.871
