143.249 30.936
155.749 30.936
105.749 43.436
118.249 43.436
130.749 43.436
143.249 43.436
155.749 43.436
168.249 43.436
180.749 43.436
193.249 43.436
80.749 55.936
93.249 55.936
105.749 55.936
118.249 55.936
130.749 55.936
143.249 55.936
155.749 55.936
168.249 55.936
180.749 55.936
193.249 55.936
205.749 55.936
218.249 55.936
68.249 68.436
80.749 68.436
93.249 68.436
105.749 68.436
118.249 68.436
130.749 68.436
143.249 68.436
155.749 68.436
168.249 68.436
180.749 68.436
193.249 68.436
205.749 68.436
218.249 68.436
230.749 68.436
55.749 80.936
68.249 80.936
80.749 80.936
93.249 80.936
105.749 80.936
118.249 80.936
130.749 80.936
143.249 80.936
155.749 80.936
168.249 80.936
180.749 80.936
193.249 80.936
205.749 80.936
218.249 80.936
230.749 80.936
243.249 80.936
55.749 93.436
68.249 93.436
80.749 93.436
93.249 93.436
105.749 93.436
118.249 93.436
130.749 93.436
143.249 93.436
155.749 93.436
168.249 93.436
180.749 93.436
193.249 93.436
205.749 93.436
218.249 93.436
230.749 93.436
243.249 93.436
43.249 105.936
55.749 105.936
68.249 105.936
80.749 105.936
93.249 105.936
105.749 105.936
118.249 105.936
130.749 105.936
143.249 105.936
155.749 105.936
168.249 105.936
180.749 105.936
193.249 105.936
205.749 105.936
218.249 105.936
230.749 105.936
243.249 105.936
255.749 105.936
43.249 118.436
55.749 118.436
68.249 118.436
80.749 118.436
93.249 118.436
105.749 118.436
118.249 118.436
130.749 118.436
143.249 118.436
155.749 118.436
168.249 118.436
180.749 118.436
193.249 118.436
205.749 118.436
218.249 118.436
230.749 118.436
243.249 118.436
255.749 118.436
43.249 130.936
55.749 130.936
68.249 130.936
80.749 130.936
93.249 130.936
105.749 130.936
118.249 130.936
130.749 130.936
143.249 130.936
155.749 130.936
168.249 130.936
180.749 130.936
193.249 130.936
205.749 130.936
218.249 130.936
230.749 130.936
243.249 130.936
255.749 130.936
30.749 143.436
43.249 143.436
55.749 143.436
68.249 143.436
80.749 143.436
93.249 143.436
105.749 143.436
118.249 143.436
130.749 143.436
143.249 143.436
155.749 143.436
168.249 143.436
180.749 143.436
193.249 143.436
205.749 143.436
218.249 143.436
230.749 143.436
243.249 143.436
255.749 143.436
268.249 143.436
30.749 155.936
43.249 155.936
55.749 155.936
68.249 155.936
80.749 155.936
93.249 155.936
105.749 155.936
118.249 155.936
130.749 155.936
143.249 155.936
155.749 155.936
168.249 155.936
180.749 155.936
193.249 155.936
205.749 155.936
218.249 155.936
230.749 155.936
243.249 155.936
255.749 155.936
268.249 155.936
43.249 168.436
55.749 168.436
68.249 168.436
80.749 168.436
93.249 168.436
105.749 168.436
118.249 168.436
130.749 168.436
143.249 168.436
155.749 168.436
168.249 168.436
180.749 168.436
193.249 168.436
205.749 168.436
218.249 168.436
230.749 168.436
243.249 168.436
255.749 168.436
43.249 180.936
55.749 180.936
68.249 180.936
80.749 180.936
93.249 180.936
105.749 180.936
118.249 180.936
130.749 180.936
143.249 180.936
155.749 180.936
168.249 180.936
180.749 180.936
193.249 180.936
205.749 180.936
218.249 180.936
230.749 180.936
243.249 180.936
255.749 180.936
43.249 193.436
55.749 193.436
68.249 193.436
80.749 193.436
93.249 193.436
105.749 193.436
118.249 193.436
130.749 193.436
143.249 193.436
155.749 193.436
168.249 193.436
180.749 193.436
193.249 193.436
205.749 193.436
218.249 193.436
230.749 193.436
243.249 193.436
255.749 193.436
55.749 205.936
68.249 205.936
80.749 205.936
93.249 205.936
105.749 205.936
118.249 205.936
130.749 205.936
143.249 205.936
155.749 205.936
168.249 205.936
180.749 205.936
193.249 205.936
205.749 205.936
218.249 205.936
230.749 205.936
243.249 205.936
55.749 218.436
68.249 218.436
80.749 218.436
93.249 218.436
105.749 218.436
118.249 218.436
130.749 218.436
143.249 218.436
155.749 218.436
168.249 218.436
180.749 218.436
193.249 218.436
205.749 218.436
218.249 218.436
230.749 218.436
243.249 218.436
68.249 230.936
80.749 230.936
93.249 230.936
105.749 230.936
118.249 230.936
130.749 230.936
143.249 230.936
155.749 230.936
168.249 230.936
180.749 230.936
193.249 230.936
205.749 230.936
218.249 230.936
230.749 230.936
80.749 243.436
93.249 243.436
105.749 243.436
118.249 243.436
130.749 243.436
143.249 243.436
155.749 243.436
168.249 243.436
180.749 243.436
193.249 243.436
205.749 243.436
218.249 243.436
105.749 255.936
118.249 255.936
130.749 255.936
143.249 255.936
155.749 255.936
168.249 255.936
180.749 255.936
193.249 255.936
143.249 268.436
155.749 268.436
