142.746 31.625
155.246 31.625
105.246 44.125
117.746 44.125
130.246 44.125
142.746 44.125
155.246 44.125
167.746 44.125
180.246 44.125
192.746 44.125
80.246 56.625
92.746 56.625
105.246 56.625
117.746 56.625
130.246 56.625
142.746 56.625
155.246 56.625
167.746 56.625
180.246 56.625
192.746 56.625
205.246 56.625
217.746 56.625
67.746 69.125
80.246 69.125
92.746 69.125
105.246 69.125
117.746 69.125
130.246 69.125
142.746 69.125
155.246 69.125
167.746 69.125
180.246 69.125
192.746 69.125
205.246 69.125
217.746 69.125
230.246 69.125
55.246 81.625
67.746 81.625
80.246 81.625
92.746 81.625
105.246 81.625
117.746 81.625
130.246 81.625
142.746 81.625
155.246 81.625
167.746 81.625
180.246 81.625
192.746 81.625
205.246 81.625
217.746 81.625
230.246 81.625
242.746 81.625
55.246 94.125
67.746 94.125
80.246 94.125
92.746 94.125
105.246 94.125
117.746 94.125
130.246 94.125
142.746 94.125
155.246 94.125
167.746 94.125
180.246 94.125
192.746 94.125
205.246 94.125
217.746 94.125
230.246 94.125
242.746 94.125
42.746 106.625
55.246 106.625
67.746 106.625
80.246 106.625
92.746 106.625
105.246 106.625
117.746 106.625
130.246 106.625
142.746 106.625
155.246 106.625
167.746 106.625
180.246 106.625
192.746 106.625
205.246 106.625
217.746 106.625
230.246 106.625
242.746 106.625
255.246 106.625
42.746 119.125
55.246 119.125
67.746 119.125
80.246 119.125
92.746 119.125
105.246 119.125
117.746 119.125
130.246 119.125
142.746 119.125
155.246 119.125
167.746 119.125
180.246 119.125
192.746 119.125
205.246 119.125
217.746 119.125
230.246 119.125
242.746 119.125
255.246 119.125
42.746 131.625
55.246 131.625
67.746 131.625
80.246 131.625
92.746 131.625
105.246 131.625
117.746 131.625
130.246 131.625
142.746 131.625
155.246 131.625
167.746 131.625
180.246 131.625
192.746 131.625
205.246 131.625
217.746 131.625
230.246 131.625
242.746 131.625
255.246 131.625
30.246 144.125
42.746 144.125
55.246 144.125
67.746 144.125
80.246 144.125
92.746 144.125
105.246 144.125
117.746 144.125
130.246 144.125
142.746 144.125
155.246 144.125
167.746 144.125
180.246 144.125
192.746 144.125
205.246 144.125
217.746 144.125
230.246 144.125
242.746 144.125
255.246 144.125
267.746 144.125
30.246 156.625
42.746 156.625
55.246 156.625
67.746 156.625
80.246 156.625
92.746 156.625
105.246 156.625
117.746 156.625
130.246 156.625
142.746 156.625
155.246 156.625
167.746 156.625
180.246 156.625
192.746 156.625
205.246 156.625
217.746 156.625
230.246 156.625
242.746 156.625
255.246 156.625
267.746 156.625
42.746 169.125
55.246 169.125
67.746 169.125
80.246 169.125
92.746 169.125
105.246 169.125
117.746 169.125
130.246 169.125
142.746 169.125
155.246 169.125
167.746 169.125
180.246 169.125
192.746 169.125
205.246 169.125
217.746 169.125
230.246 169.125
242.746 169.125
255.246 169.125
42.746 181.625
55.246 181.625
67.746 181.625
80.246 181.625
92.746 181.625
105.246 181.625
117.746 181.625
130.246 181.625
142.746 181.625
155.246 181.625
167.746 181.625
180.246 181.625
192.746 181.625
205.246 181.625
217.746 181.625
230.246 181.625
242.746 181.625
255.246 181.625
42.746 194.125
55.246 194.125
67.746 194.125
80.246 194.125
92.746 194.125
105.246 194.125
117.746 194.125
130.246 194.125
142.746 194.125
155.246 194.125
167.746 194.125
180.246 194.125
192.746 194.125
205.246 194.125
217.746 194.125
230.246 194.125
242.746 194.125
255.246 194.125
55.246 206.625
67.746 206.625
80.246 206.625
92.746 206.625
105.246 206.625
117.746 206.625
130.246 206.625
142.746 206.625
155.246 206.625
167.746 206.625
180.246 206.625
192.746 206.625
205.246 206.625
217.746 206.625
230.246 206.625
242.746 206.625
55.246 219.125
67.746 219.125
80.246 219.125
92.746 219.125
105.246 219.125
117.746 219.125
130.246 219.125
142.746 219.125
155.246 219.125
167.746 219.125
180.246 219.125
192.746 219.125
205.246 219.125
217.746 219.125
230.246 219.125
242.746 219.125
67.746 231.625
80.246 231.625
92.746 231.625
105.246 231.625
117.746 231.625
130.246 231.625
142.746 231.625
155.246 231.625
167.746 231.625
180.246 231.625
192.746 231.625
205.246 231.625
217.746 231.625
230.246 231.625
80.246 244.125
92.746 244.125
105.246 244.125
117.746 244.125
130.246 244.125
142.746 244.125
155.246 244.125
167.746 244.125
180.246 244.125
192.746 244.125
205.246 244.125
217.746 244.125
105.246 256.625
117.746 256.625
130.246 256.625
142.746 256.625
155.246 256.625
167.746 256.625
180.246 256.625
192.746 256.625
142.746 269.125
155.246 269.125
