143.542 30.960
156.042 30.960
106.042 43.460
118.542 43.460
131.042 43.460
143.542 43.460
156.042 43.460
168.542 43.460
181.042 43.460
193.542 43.460
81.042 55.960
93.542 55.960
106.042 55.960
118.542 55.960
131.042 55.960
143.542 55.960
156.042 55.960
168.542 55.960
181.042 55.960
193.542 55.960
206.042 55.960
218.542 55.960
68.542 68.460
81.042 68.460
93.542 68.460
106.042 68.460
118.542 68.460
131.042 68.460
143.542 68.460
156.042 68.460
168.542 68.460
181.042 68.460
193.542 68.460
206.042 68.460
218.542 68.460
231.042 68.460
56.042 80.960
68.542 80.960
81.042 80.960
93.542 80.960
106.042 80.960
118.542 80.960
131.042 80.960
143.542 80.960
156.042 80.960
168.542 80.960
181.042 80.960
193.542 80.960
206.042 80.960
218.542 80.960
231.042 80.960
243.542 80.960
56.042 93.460
68.542 93.460
81.042 93.460
93.542 93.460
106.042 93.460
118.542 93.460
131.042 93.460
143.542 93.460
156.042 93.460
168.542 93.460
181.042 93.460
193.542 93.460
206.042 93.460
218.542 93.460
231.042 93.460
243.542 93.460
43.542 105.960
56.042 105.960
68.542 105.960
81.042 105.960
93.542 105.960
106.042 105.960
118.542 105.960
131.042 105.960
143.542 105.960
156.042 105.960
168.542 105.960
181.042 105.960
193.542 105.960
206.042 105.960
218.542 105.960
231.042 105.960
243.542 105.960
256.042 105.960
43.542 118.460
56.042 118.460
68.542 118.460
81.042 118.460
93.542 118.460
106.042 118.460
118.542 118.460
131.042 118.460
143.542 118.460
156.042 118.460
168.542 118.460
181.042 118.460
193.542 118.460
206.042 118.460
218.542 118.460
231.042 118.460
243.542 118.460
256.042 118.460
43.542 130.960
56.042 130.960
68.542 130.960
81.042 130.960
93.542 130.960
106.042 130.960
118.542 130.960
131.042 130.960
143.542 130.960
156.042 130.960
168.542 130.960
181.042 130.960
193.542 130.960
206.042 130.960
218.542 130.960
231.042 130.960
243.542 130.960
256.042 130.960
31.042 143.460
43.542 143.460
56.042 143.460
68.542 143.460
81.042 143.460
93.542 143.460
106.042 143.460
118.542 143.460
131.042 143.460
143.542 143.460
156.042 143.460
168.542 143.460
181.042 143.460
193.542 143.460
206.042 143.460
218.542 143.460
231.042 143.460
243.542 143.460
256.042 143.460
268.542 143.460
31.042 155.960
43.542 155.960
56.042 155.960
68.542 155.960
81.042 155.960
93.542 155.960
106.042 155.960
118.542 155.960
131.042 155.960
143.542 155.960
156.042 155.960
168.542 155.960
181.042 155.960
193.542 155.960
206.042 155.960
218.542 155.960
231.042 155.960
243.542 155.960
256.042 155.960
268.542 155.960
43.542 168.460
56.042 168.460
68.542 168.460
81.042 168.460
93.542 168.460
106.042 168.460
118.542 168.460
131.042 168.460
143.542 168.460
156.042 168.460
168.542 168.460
181.042 168.460
193.542 168.460
206.042 168.460
218.542 168.460
231.042 168.460
243.542 168.460
256.042 168.460
43.542 180.960
56.042 180.960
68.542 180.960
81.042 180.960
93.542 180.960
106.042 180.960
118.542 180.960
131.042 180.960
143.542 180.960
156.042 180.960
168.542 180.960
181.042 180.960
193.542 180.960
206.042 180.960
218.542 180.960
231.042 180.960
243.542 180.960
256.042 180.960
43.542 193.460
56.042 193.460
68.542 193.460
81.042 193.460
93.542 193.460
106.042 193.460
118.542 193.460
131.042 193.460
143.542 193.460
156.042 193.460
168.542 193.460
181.042 193.460
193.542 193.460
206.042 193.460
218.542 193.460
231.042 193.460
243.542 193.460
256.042 193.460
56.042 205.960
68.542 205.960
81.042 205.960
93.542 205.960
106.042 205.960
118.542 205.960
131.042 205.960
143.542 205.960
156.042 205.960
168.542 205.960
181.042 205.960
193.542 205.960
206.042 205.960
218.542 205.960
231.042 205.960
243.542 205.960
56.042 218.460
68.542 218.460
81.042 218.460
93.542 218.460
106.042 218.460
118.542 218.460
131.042 218.460
143.542 218.460
156.042 218.460
168.542 218.460
181.042 218.460
193.542 218.460
206.042 218.460
218.542 218.460
231.042 218.460
243.542 218.460
68.542 230.960
81.042 230.960
93.542 230.960
106.042 230.960
118.542 230.960
131.042 230.960
143.542 230.960
156.042 230.960
168.542 230.960
181.042 230.960
193.542 230.960
206.042 230.960
218.542 230.960
231.042 230.960
81.042 243.460
93.542 243.460
106.042 243.460
118.542 243.460
131.042 243.460
143.542 243.460
156.042 243.460
168.542 243.460
181.042 243.460
193.542 243.460
206.042 243.460
218.542 243.460
106.042 255.960
118.542 255.960
131.042 255.960
143.542 255.960
156.042 255.960
168.542 255.960
181.042 255.960
193.542 255.960
143.542 268.460
156.042 268.460
