144.193 30.603
156.693 30.603
106.693 43.103
119.193 43.103
131.693 43.103
144.193 43.103
156.693 43.103
169.193 43.103
181.693 43.103
194.193 43.103
81.693 55.603
94.193 55.603
106.693 55.603
119.193 55.603
131.693 55.603
144.193 55.603
156.693 55.603
169.193 55.603
181.693 55.603
194.193 55.603
206.693 55.603
219.193 55.603
69.193 68.103
81.693 68.103
94.193 68.103
106.693 68.103
119.193 68.103
131.693 68.103
144.193 68.103
156.693 68.103
169.193 68.103
181.693 68.103
194.193 68.103
206.693 68.103
219.193 68.103
231.693 68.103
56.693 80.603
69.193 80.603
81.693 80.603
94.193 80.603
106.693 80.603
119.193 80.603
131.693 80.603
144.193 80.603
156.693 80.603
169.193 80.603
181.693 80.603
194.193 80.603
206.693 80.603
219.193 80.603
231.693 80.603
244.193 80.603
56.693 93.103
69.193 93.103
81.693 93.103
94.193 93.103
106.693 93.103
119.193 93.103
131.693 93.103
144.193 93.103
156.693 93.103
169.193 93.103
181.693 93.103
194.193 93.103
206.693 93.103
219.193 93.103
231.693 93.103
244.193 93.103
44.193 105.603
56.693 105.603
69.193 105.603
81.693 105.603
94.193 105.603
106.693 105.603
119.193 105.603
131.693 105.603
144.193 105.603
156.693 105.603
169.193 105.603
181.693 105.603
194.193 105.603
206.693 105.603
219.193 105.603
231.693 105.603
244.193 105.603
256.693 105.603
44.193 118.103
56.693 118.103
69.193 118.103
81.693 118.103
94.193 118.103
106.693 118.103
119.193 118.103
131.693 118.103
144.193 118.103
156.693 118.103
169.193 118.103
181.693 118.103
194.193 118.103
206.693 118.103
219.193 118.103
231.693 118.103
244.193 118.103
256.693 118.103
44.193 130.603
56.693 130.603
69.193 130.603
81.693 130.603
94.193 130.603
106.693 130.603
119.193 130.603
131.693 130.603
144.193 130.603
156.693 130.603
169.193 130.603
181.693 130.603
194.193 130.603
206.693 130.603
219.193 130.603
231.693 130.603
244.193 130.603
256.693 130.603
31.693 143.103
44.193 143.103
56.693 143.103
69.193 143.103
81.693 143.103
94.193 143.103
106.693 143.103
119.193 143.103
131.693 143.103
144.193 143.103
156.693 143.103
169.193 143.103
181.693 143.103
194.193 143.103
206.693 143.103
219.193 143.103
231.693 143.103
244.193 143.103
256.693 143.103
269.193 143.103
31.693 155.603
44.193 155.603
56.693 155.603
69.193 155.603
81.693 155.603
94.193 155.603
106.693 155.603
119.193 155.603
131.693 155.603
144.193 155.603
156.693 155.603
169.193 155.603
181.693 155.603
194.193 155.603
206.693 155.603
219.193 155.603
231.693 155.603
244.193 155.603
256.693 155.603
269.193 155.603
44.193 168.103
56.693 168.103
69.193 168.103
81.693 168.103
94.193 168.103
106.693 168.103
119.193 168.103
131.693 168.103
144.193 168.103
156.693 168.103
169.193 168.103
181.693 168.103
194.193 168.103
206.693 168.103
219.193 168.103
231.693 168.103
244.193 168.103
256.693 168.103
44.193 180.603
56.693 180.603
69.193 180.603
81.693 180.603
94.193 180.603
106.693 180.603
119.193 180.603
131.693 180.603
144.193 180.603
156.693 180.603
169.193 180.603
181.693 180.603
194.193 180.603
206.693 180.603
219.193 180.603
231.693 180.603
244.193 180.603
256.693 180.603
44.193 193.103
56.693 193.103
69.193 193.103
81.693 193.103
94.193 193.103
106.693 193.103
119.193 193.103
131.693 193.103
144.193 193.103
156.693 193.103
169.193 193.103
181.693 193.103
194.193 193.103
206.693 193.103
219.193 193.103
231.693 193.103
244.193 193.103
256.693 193.103
56.693 205.603
69.193 205.603
81.693 205.603
94.193 205.603
106.693 205.603
119.193 205.603
131.693 205.603
144.193 205.603
156.693 205.603
169.193 205.603
181.693 205.603
194.193 205.603
206.693 205.603
219.193 205.603
231.693 205.603
244.193 205.603
56.693 218.103
69.193 218.103
81.693 218.103
94.193 218.103
106.693 218.103
119.193 218.103
131.693 218.103
144.193 218.103
156.693 218.103
169.193 218.103
181.693 218.103
194.193 218.103
206.693 218.103
219.193 218.103
231.693 218.103
244.193 218.103
69.193 230.603
81.693 230.603
94.193 230.603
106.693 230.603
119.193 230.603
131.693 230.603
144.193 230.603
156.693 230.603
169.193 230.603
181.693 230.603
194.193 230.603
206.693 230.603
219.193 230.603
231.693 230.603
81.693 243.103
94.193 243.103
106.693 243.103
119.193 243.103
131.693 243.103
144.193 243.103
156.693 243.103
169.193 243.103
181.693 243.103
194.193 243.103
206.693 243.103
219.193 243.103
106.693 255.603
119.193 255.603
131.693 255.603
144.193 255.603
156.693 255.603
169.193 255.603
181.693 255.603
194.193 255.603
144.193 268.103
156.693 268.103
