143.775 31.523
156.275 31.523
106.275 44.023
118.775 44.023
131.275 44.023
143.775 44.023
156.275 44.023
168.775 44.023
181.275 44.023
193.775 44.023
81.275 56.523
93.775 56.523
106.275 56.523
118.775 56.523
131.275 56.523
143.775 56.523
156.275 56.523
168.775 56.523
181.275 56.523
193.775 56.523
206.275 56.523
218.775 56.523
68.775 69.023
81.275 69.023
93.775 69.023
106.275 69.023
118.775 69.023
131.275 69.023
143.775 69.023
156.275 69.023
168.775 69.023
181.275 69.023
193.775 69.023
206.275 69.023
218.775 69.023
231.275 69.023
56.275 81.523
68.775 81.523
81.275 81.523
93.775 81.523
106.275 81.523
118.775 81.523
131.275 81.523
143.775 81.523
156.275 81.523
168.775 81.523
181.275 81.523
193.775 81.523
206.275 81.523
218.775 81.523
231.275 81.523
243.775 81.523
56.275 94.023
68.775 94.023
81.275 94.023
93.775 94.023
106.275 94.023
118.775 94.023
131.275 94.023
143.775 94.023
156.275 94.023
168.775 94.023
181.275 94.023
193.775 94.023
206.275 94.023
218.775 94.023
231.275 94.023
243.775 94.023
43.775 106.523
56.275 106.523
68.775 106.523
81.275 106.523
93.775 106.523
106.275 106.523
118.775 106.523
131.275 106.523
143.775 106.523
156.275 106.523
168.775 106.523
181.275 106.523
193.775 106.523
206.275 106.523
218.775 106.523
231.275 106.523
243.775 106.523
256.275 106.523
43.775 119.023
56.275 119.023
68.775 119.023
81.275 119.023
93.775 119.023
106.275 119.023
118.775 119.023
131.275 119.023
143.775 119.023
156.275 119.023
168.775 119.023
181.275 119.023
193.775 119.023
206.275 119.023
218.775 119.023
231.275 119.023
243.775 119.023
256.275 119.023
43.775 131.523
56.275 131.523
68.775 131.523
81.275 131.523
93.775 131.523
106.275 131.523
118.775 131.523
131.275 131.523
143.775 131.523
156.275 131.523
168.775 131.523
181.275 131.523
193.775 131.523
206.275 131.523
218.775 131.523
231.275 131.523
243.775 131.523
256.275 131.523
31.275 144.023
43.775 144.023
56.275 144.023
68.775 144.023
81.275 144.023
93.775 144.023
106.275 144.023
118.775 144.023
131.275 144.023
143.775 144.023
156.275 144.023
168.775 144.023
181.275 144.023
193.775 144.023
206.275 144.023
218.775 144.023
231.275 144.023
243.775 144.023
256.275 144.023
268.775 144.023
31.275 156.523
43.775 156.523
56.275 156.523
68.775 156.523
81.275 156.523
93.775 156.523
106.275 156.523
118.775 156.523
131.275 156.523
143.775 156.523
156.275 156.523
168.775 156.523
181.275 156.523
193.775 156.523
206.275 156.523
218.775 156.523
231.275 156.523
243.775 156.523
256.275 156.523
268.775 156.523
43.775 169.023
56.275 169.023
68.775 169.023
81.275 169.023
93.775 169.023
106.275 169.023
118.775 169.023
131.275 169.023
143.775 169.023
156.275 169.023
168.775 169.023
181.275 169.023
193.775 169.023
206.275 169.023
218.775 169.023
231.275 169.023
243.775 169.023
256.275 169.023
43.775 181.523
56.275 181.523
68.775 181.523
81.275 181.523
93.775 181.523
106.275 181.523
118.775 181.523
131.275 181.523
143.775 181.523
156.275 181.523
168.775 181.523
181.275 181.523
193.775 181.523
206.275 181.523
218.775 181.523
231.275 181.523
243.775 181.523
256.275 181.523
43.775 194.023
56.275 194.023
68.775 194.023
81.275 194.023
93.775 194.023
106.275 194.023
118.775 194.023
131.275 194.023
143.775 194.023
156.275 194.023
168.775 194.023
181.275 194.023
193.775 194.023
206.275 194.023
218.775 194.023
231.275 194.023
243.775 194.023
256.275 194.023
56.275 206.523
68.775 206.523
81.275 206.523
93.775 206.523
106.275 206.523
118.775 206.523
131.275 206.523
143.775 206.523
156.275 206.523
168.775 206.523
181.275 206.523
193.775 206.523
206.275 206.523
218.775 206.523
231.275 206.523
243.775 206.523
56.275 219.023
68.775 219.023
81.275 219.023
93.775 219.023
106.275 219.023
118.775 219.023
131.275 219.023
143.775 219.023
156.275 219.023
168.775 219.023
181.275 219.023
193.775 219.023
206.275 219.023
218.775 219.023
231.275 219.023
243.775 219.023
68.775 231.523
81.275 231.523
93.775 231.523
106.275 231.523
118.775 231.523
131.275 231.523
143.775 231.523
156.275 231.523
168.775 231.523
181.275 231.523
193.775 231.523
206.275 231.523
218.775 231.523
231.275 231.523
81.275 244.023
93.775 244.023
106.275 244.023
118.775 244.023
131.275 244.023
143.775 244.023
156.275 244.023
168.775 244.023
181.275 244.023
193.775 244.023
206.275 244.023
218.775 244.023
106.275 256.523
118.775 256.523
131.275 256.523
143.775 256.523
156.275 256.523
168.775 256.523
181.275 256.523
193.775 256.523
143.775 269.023
156.275 269.023
