143.130 33.697
155.630 33.697
105.630 46.197
118.130 46.197
130.630 46.197
143.130 46.197
155.630 46.197
168.130 46.197
180.630 46.197
193.130 46.197
80.630 58.697
93.130 58.697
105.630 58.697
118.130 58.697
130.630 58.697
143.130 58.697
155.630 58.697
168.130 58.697
180.630 58.697
193.130 58.697
205.630 58.697
218.130 58.697
68.130 71.197
80.630 71.197
93.130 71.197
105.630 71.197
118.130 71.197
130.630 71.197
143.130 71.197
155.630 71.197
168.130 71.197
180.630 71.197
193.130 71.197
205.630 71.197
218.130 71.197
230.630 71.197
55.630 83.697
68.130 83.697
80.630 83.697
93.130 83.697
105.630 83.697
118.130 83.697
130.630 83.697
143.130 83.697
155.630 83.697
168.130 83.697
180.630 83.697
193.130 83.697
205.630 83.697
218.130 83.697
230.630 83.697
243.130 83.697
55.630 96.197
68.130 96.197
80.630 96.197
93.130 96.197
105.630 96.197
118.130 96.197
130.630 96.197
143.130 96.197
155.630 96.197
168.130 96.197
180.630 96.197
193.130 96.197
205.630 96.197
218.130 96.197
230.630 96.197
243.130 96.197
43.130 108.697
55.630 108.697
68.130 108.697
80.630 108.697
93.130 108.697
105.630 108.697
118.130 108.697
130.630 108.697
143.130 108.697
155.630 108.697
168.130 108.697
180.630 108.697
193.130 108.697
205.630 108.697
218.130 108.697
230.630 108.697
243.130 108.697
255.630 108.697
43.130 121.197
55.630 121.197
68.130 121.197
80.630 121.197
93.130 121.197
105.630 121.197
118.130 121.197
130.630 121.197
143.130 121.197
155.630 121.197
168.130 121.197
180.630 121.197
193.130 121.197
205.630 121.197
218.130 121.197
230.630 121.197
243.130 121.197
255.630 121.197
43.130 133.697
55.630 133.697
68.130 133.697
80.630 133.697
93.130 133.697
105.630 133.697
118.130 133.697
130.630 133.697
143.130 133.697
155.630 133.697
168.130 133.697
180.630 133.697
193.130 133.697
205.630 133.697
218.130 133.697
230.630 133.697
243.130 133.697
255.630 133.697
30.630 146.197
43.130 146.197
55.630 146.197
68.130 146.197
80.630 146.197
93.130 146.197
105.630 146.197
118.130 146.197
130.630 146.197
143.130 146.197
155.630 146.197
168.130 146.197
180.630 146.197
193.130 146.197
205.630 146.197
218.130 146.197
230.630 146.197
243.130 146.197
255.630 146.197
268.130 146.197
30.630 158.697
43.130 158.697
55.630 158.697
68.130 158.697
80.630 158.697
93.130 158.697
105.630 158.697
118.130 158.697
130.630 158.697
143.130 158.697
155.630 158.697
168.130 158.697
180.630 158.697
193.130 158.697
205.630 158.697
218.130 158.697
230.630 158.697
243.130 158.697
255.630 158.697
268.130 158.697
43.130 171.197
55.630 171.197
68.130 171.197
80.630 171.197
93.130 171.197
105.630 171.197
118.130 171.197
130.630 171.197
143.130 171.197
155.630 171.197
168.130 171.197
180.630 171.197
193.130 171.197
205.630 171.197
218.130 171.197
230.630 171.197
243.130 171.197
255.630 171.197
43.130 183.697
55.630 183.697
68.130 183.697
80.630 183.697
93.130 183.697
105.630 183.697
118.130 183.697
130.630 183.697
143.130 183.697
155.630 183.697
168.130 183.697
180.630 183.697
193.130 183.697
205.630 183.697
218.130 183.697
230.630 183.697
243.130 183.697
255.630 183.697
43.130 196.197
55.630 196.197
68.130 196.197
80.630 196.197
93.130 196.197
105.630 196.197
118.130 196.197
130.630 196.197
143.130 196.197
155.630 196.197
168.130 196.197
180.630 196.197
193.130 196.197
205.630 196.197
218.130 196.197
230.630 196.197
243.130 196.197
255.630 196.197
55.630 208.697
68.130 208.697
80.630 208.697
93.130 208.697
105.630 208.697
118.130 208.697
130.630 208.697
143.130 208.697
155.630 208.697
168.130 208.697
180.630 208.697
193.130 208.697
205.630 208.697
218.130 208.697
230.630 208.697
243.130 208.697
55.630 221.197
68.130 221.197
80.630 221.197
93.130 221.197
105.630 221.197
118.130 221.197
130.630 221.197
143.130 221.197
155.630 221.197
168.130 221.197
180.630 221.197
193.130 221.197
205.630 221.197
218.130 221.197
230.630 221.197
243.130 221.197
68.130 233.697
80.630 233.697
93.130 233.697
105.630 233.697
118.130 233.697
130.630 233.697
143.130 233.697
155.630 233.697
168.130 233.697
180.630 233.697
193.130 233.697
205.630 233.697
218.130 233.697
230.630 233.697
80.630 246.197
93.130 246.197
105.630 246.197
118.130 246.197
130.630 246.197
143.130 246.197
155.630 246.197
168.130 246.197
180.630 246.197
193.130 246.197
205.630 246.197
218.130 246.197
105.630 258.697
118.130 258.697
130.630 258.697
143.130 258.697
155.630 258.697
168.130 258.697
180.630 258.697
193.130 258.697
143.130 271.197
155.630 271.197
