143.618 31.140
156.118 31.140
106.118 43.640
118.618 43.640
131.118 43.640
143.618 43.640
156.118 43.640
168.618 43.640
181.118 43.640
193.618 43.640
81.118 56.140
93.618 56.140
106.118 56.140
118.618 56.140
131.118 56.140
143.618 56.140
156.118 56.140
168.618 56.140
181.118 56.140
193.618 56.140
206.118 56.140
218.618 56.140
68.618 68.640
81.118 68.640
93.618 68.640
106.118 68.640
118.618 68.640
131.118 68.640
143.618 68.640
156.118 68.640
168.618 68.640
181.118 68.640
193.618 68.640
206.118 68.640
218.618 68.640
231.118 68.640
56.118 81.140
68.618 81.140
81.118 81.140
93.618 81.140
106.118 81.140
118.618 81.140
131.118 81.140
143.618 81.140
156.118 81.140
168.618 81.140
181.118 81.140
193.618 81.140
206.118 81.140
218.618 81.140
231.118 81.140
243.618 81.140
56.118 93.640
68.618 93.640
81.118 93.640
93.618 93.640
106.118 93.640
118.618 93.640
131.118 93.640
143.618 93.640
156.118 93.640
168.618 93.640
181.118 93.640
193.618 93.640
206.118 93.640
218.618 93.640
231.118 93.640
243.618 93.640
43.618 106.140
56.118 106.140
68.618 106.140
81.118 106.140
93.618 106.140
106.118 106.140
118.618 106.140
131.118 106.140
143.618 106.140
156.118 106.140
168.618 106.140
181.118 106.140
193.618 106.140
206.118 106.140
218.618 106.140
231.118 106.140
243.618 106.140
256.118 106.140
43.618 118.640
56.118 118.640
68.618 118.640
81.118 118.640
93.618 118.640
106.118 118.640
118.618 118.640
131.118 118.640
143.618 118.640
156.118 118.640
168.618 118.640
181.118 118.640
193.618 118.640
206.118 118.640
218.618 118.640
231.118 118.640
243.618 118.640
256.118 118.640
43.618 131.140
56.118 131.140
68.618 131.140
81.118 131.140
93.618 131.140
106.118 131.140
118.618 131.140
131.118 131.140
143.618 131.140
156.118 131.140
168.618 131.140
181.118 131.140
193.618 131.140
206.118 131.140
218.618 131.140
231.118 131.140
243.618 131.140
256.118 131.140
31.118 143.640
43.618 143.640
56.118 143.640
68.618 143.640
81.118 143.640
93.618 143.640
106.118 143.640
118.618 143.640
131.118 143.640
143.618 143.640
156.118 143.640
168.618 143.640
181.118 143.640
193.618 143.640
206.118 143.640
218.618 143.640
231.118 143.640
243.618 143.640
256.118 143.640
268.618 143.640
31.118 156.140
43.618 156.140
56.118 156.140
68.618 156.140
81.118 156.140
93.618 156.140
106.118 156.140
118.618 156.140
131.118 156.140
143.618 156.140
156.118 156.140
168.618 156.140
181.118 156.140
193.618 156.140
206.118 156.140
218.618 156.140
231.118 156.140
243.618 156.140
256.118 156.140
268.618 156.140
43.618 168.640
56.118 168.640
68.618 168.640
81.118 168.640
93.618 168.640
106.118 168.640
118.618 168.640
131.118 168.640
143.618 168.640
156.118 168.640
168.618 168.640
181.118 168.640
193.618 168.640
206.118 168.640
218.618 168.640
231.118 168.640
243.618 168.640
256.118 168.640
43.618 181.140
56.118 181.140
68.618 181.140
81.118 181.140
93.618 181.140
106.118 181.140
118.618 181.140
131.118 181.140
143.618 181.140
156.118 181.140
168.618 181.140
181.118 181.140
193.618 181.140
206.118 181.140
218.618 181.140
231.118 181.140
243.618 181.140
256.118 181.140
43.618 193.640
56.118 193.640
68.618 193.640
81.118 193.640
93.618 193.640
106.118 193.640
118.618 193.640
131.118 193.640
143.618 193.640
156.118 193.640
168.618 193.640
181.118 193.640
193.618 193.640
206.118 193.640
218.618 193.640
231.118 193.640
243.618 193.640
256.118 193.640
56.118 206.140
68.618 206.140
81.118 206.140
93.618 206.140
106.118 206.140
118.618 206.140
131.118 206.140
143.618 206.140
156.118 206.140
168.618 206.140
181.118 206.140
193.618 206.140
206.118 206.140
218.618 206.140
231.118 206.140
243.618 206.140
56.118 218.640
68.618 218.640
81.118 218.640
93.618 218.640
106.118 218.640
118.618 218.640
131.118 218.640
143.618 218.640
156.118 218.640
168.618 218.640
181.118 218.640
193.618 218.640
206.118 218.640
218.618 218.640
231.118 218.640
243.618 218.640
68.618 231.140
81.118 231.140
93.618 231.140
106.118 231.140
118.618 231.140
131.118 231.140
143.618 231.140
156.118 231.140
168.618 231.140
181.118 231.140
193.618 231.140
206.118 231.140
218.618 231.140
231.118 231.140
81.118 243.640
93.618 243.640
106.118 243.640
118.618 243.640
131.118 243.640
143.618 243.640
156.118 243.640
168.618 243.640
181.118 243.640
193.618 243.640
206.118 243.640
218.618 243.640
106.118 256.140
118.618 256.140
131.118 256.140
143.618 256.140
156.118 256.140
168.618 256.140
181.118 256.140
193.618 256.140
143.618 268.640
156.118 268.640
