143.132 33.696
155.632 33.696
105.632 46.196
118.132 46.196
130.632 46.196
143.132 46.196
155.632 46.196
168.132 46.196
180.632 46.196
193.132 46.196
80.632 58.696
93.132 58.696
105.632 58.696
118.132 58.696
130.632 58.696
143.132 58.696
155.632 58.696
168.132 58.696
180.632 58.696
193.132 58.696
205.632 58.696
218.132 58.696
68.132 71.196
80.632 71.196
93.132 71.196
105.632 71.196
118.132 71.196
130.632 71.196
143.132 71.196
155.632 71.196
168.132 71.196
180.632 71.196
193.132 71.196
205.632 71.196
218.132 71.196
230.632 71.196
55.632 83.696
68.132 83.696
80.632 83.696
93.132 83.696
105.632 83.696
118.132 83.696
130.632 83.696
143.132 83.696
155.632 83.696
168.132 83.696
180.632 83.696
193.132 83.696
205.632 83.696
218.132 83.696
230.632 83.696
243.132 83.696
55.632 96.196
68.132 96.196
80.632 96.196
93.132 96.196
105.632 96.196
118.132 96.196
130.632 96.196
143.132 96.196
155.632 96.196
168.132 96.196
180.632 96.196
193.132 96.196
205.632 96.196
218.132 96.196
230.632 96.196
243.132 96.196
43.132 108.696
55.632 108.696
68.132 108.696
80.632 108.696
93.132 108.696
105.632 108.696
118.132 108.696
130.632 108.696
143.132 108.696
155.632 108.696
168.132 108.696
180.632 108.696
193.132 108.696
205.632 108.696
218.132 108.696
230.632 108.696
243.132 108.696
255.632 108.696
43.132 121.196
55.632 121.196
68.132 121.196
80.632 121.196
93.132 121.196
105.632 121.196
118.132 121.196
130.632 121.196
143.132 121.196
155.632 121.196
168.132 121.196
180.632 121.196
193.132 121.196
205.632 121.196
218.132 121.196
230.632 121.196
243.132 121.196
255.632 121.196
43.132 133.696
55.632 133.696
68.132 133.696
80.632 133.696
93.132 133.696
105.632 133.696
118.132 133.696
130.632 133.696
143.132 133.696
155.632 133.696
168.132 133.696
180.632 133.696
193.132 133.696
205.632 133.696
218.132 133.696
230.632 133.696
243.132 133.696
255.632 133.696
30.632 146.196
43.132 146.196
55.632 146.196
68.132 146.196
80.632 146.196
93.132 146.196
105.632 146.196
118.132 146.196
130.632 146.196
143.132 146.196
155.632 146.196
168.132 146.196
180.632 146.196
193.132 146.196
205.632 146.196
218.132 146.196
230.632 146.196
243.132 146.196
255.632 146.196
268.132 146.196
30.632 158.696
43.132 158.696
55.632 158.696
68.132 158.696
80.632 158.696
93.132 158.696
105.632 158.696
118.132 158.696
130.632 158.696
143.132 158.696
155.632 158.696
168.132 158.696
180.632 158.696
193.132 158.696
205.632 158.696
218.132 158.696
230.632 158.696
243.132 158.696
255.632 158.696
268.132 158.696
43.132 171.196
55.632 171.196
68.132 171.196
80.632 171.196
93.132 171.196
105.632 171.196
118.132 171.196
130.632 171.196
143.132 171.196
155.632 171.196
168.132 171.196
180.632 171.196
193.132 171.196
205.632 171.196
218.132 171.196
230.632 171.196
243.132 171.196
255.632 171.196
43.132 183.696
55.632 183.696
68.132 183.696
80.632 183.696
93.132 183.696
105.632 183.696
118.132 183.696
130.632 183.696
143.132 183.696
155.632 183.696
168.132 183.696
180.632 183.696
193.132 183.696
205.632 183.696
218.132 183.696
230.632 183.696
243.132 183.696
255.632 183.696
43.132 196.196
55.632 196.196
68.132 196.196
80.632 196.196
93.132 196.196
105.632 196.196
118.132 196.196
130.632 196.196
143.132 196.196
155.632 196.196
168.132 196.196
180.632 196.196
193.132 196.196
205.632 196.196
218.132 196.196
230.632 196.196
243.132 196.196
255.632 196.196
55.632 208.696
68.132 208.696
80.632 208.696
93.132 208.696
105.632 208.696
118.132 208.696
130.632 208.696
143.132 208.696
155.632 208.696
168.132 208.696
180.632 208.696
193.132 208.696
205.632 208.696
218.132 208.696
230.632 208.696
243.132 208.696
55.632 221.196
68.132 221.196
80.632 221.196
93.132 221.196
105.632 221.196
118.132 221.196
130.632 221.196
143.132 221.196
155.632 221.196
168.132 221.196
180.632 221.196
193.132 221.196
205.632 221.196
218.132 221.196
230.632 221.196
243.132 221.196
68.132 233.696
80.632 233.696
93.132 233.696
105.632 233.696
118.132 233.696
130.632 233.696
143.132 233.696
155.632 233.696
168.132 233.696
180.632 233.696
193.132 233.696
205.632 233.696
218.132 233.696
230.632 233.696
80.632 246.196
93.132 246.196
105.632 246.196
118.132 246.196
130.632 246.196
143.132 246.196
155.632 246.196
168.132 246.196
180.632 246.196
193.132 246.196
205.632 246.196
218.132 246.196
105.632 258.696
118.132 258.696
130.632 258.696
143.132 258.696
155.632 258.696
168.132 258.696
180.632 258.696
193.132 258.696
143.132 271.196
155.632 271.196
