144.154 31.437
156.654 31.437
106.654 43.937
119.154 43.937
131.654 43.937
144.154 43.937
156.654 43.937
169.154 43.937
181.654 43.937
194.154 43.937
81.654 56.437
94.154 56.437
106.654 56.437
119.154 56.437
131.654 56.437
144.154 56.437
156.654 56.437
169.154 56.437
181.654 56.437
194.154 56.437
206.654 56.437
219.154 56.437
69.154 68.937
81.654 68.937
94.154 68.937
106.654 68.937
119.154 68.937
131.654 68.937
144.154 68.937
156.654 68.937
169.154 68.937
181.654 68.937
194.154 68.937
206.654 68.937
219.154 68.937
231.654 68.937
56.654 81.437
69.154 81.437
81.654 81.437
94.154 81.437
106.654 81.437
119.154 81.437
131.654 81.437
144.154 81.437
156.654 81.437
169.154 81.437
181.654 81.437
194.154 81.437
206.654 81.437
219.154 81.437
231.654 81.437
244.154 81.437
56.654 93.937
69.154 93.937
81.654 93.937
94.154 93.937
106.654 93.937
119.154 93.937
131.654 93.937
144.154 93.937
156.654 93.937
169.154 93.937
181.654 93.937
194.154 93.937
206.654 93.937
219.154 93.937
231.654 93.937
244.154 93.937
44.154 106.437
56.654 106.437
69.154 106.437
81.654 106.437
94.154 106.437
106.654 106.437
119.154 106.437
131.654 106.437
144.154 106.437
156.654 106.437
169.154 106.437
181.654 106.437
194.154 106.437
206.654 106.437
219.154 106.437
231.654 106.437
244.154 106.437
256.654 106.437
44.154 118.937
56.654 118.937
69.154 118.937
81.654 118.937
94.154 118.937
106.654 118.937
119.154 118.937
131.654 118.937
144.154 118.937
156.654 118.937
169.154 118.937
181.654 118.937
194.154 118.937
206.654 118.937
219.154 118.937
231.654 118.937
244.154 118.937
256.654 118.937
44.154 131.437
56.654 131.437
69.154 131.437
81.654 131.437
94.154 131.437
106.654 131.437
119.154 131.437
131.654 131.437
144.154 131.437
156.654 131.437
169.154 131.437
181.654 131.437
194.154 131.437
206.654 131.437
219.154 131.437
231.654 131.437
244.154 131.437
256.654 131.437
31.654 143.937
44.154 143.937
56.654 143.937
69.154 143.937
81.654 143.937
94.154 143.937
106.654 143.937
119.154 143.937
131.654 143.937
144.154 143.937
156.654 143.937
169.154 143.937
181.654 143.937
194.154 143.937
206.654 143.937
219.154 143.937
231.654 143.937
244.154 143.937
256.654 143.937
269.154 143.937
31.654 156.437
44.154 156.437
56.654 156.437
69.154 156.437
81.654 156.437
94.154 156.437
106.654 156.437
119.154 156.437
131.654 156.437
144.154 156.437
156.654 156.437
169.154 156.437
181.654 156.437
194.154 156.437
206.654 156.437
219.154 156.437
231.654 156.437
244.154 156.437
256.654 156.437
269.154 156.437
44.154 168.937
56.654 168.937
69.154 168.937
81.654 168.937
94.154 168.937
106.654 168.937
119.154 168.937
131.654 168.937
144.154 168.937
156.654 168.937
169.154 168.937
181.654 168.937
194.154 168.937
206.654 168.937
219.154 168.937
231.654 168.937
244.154 168.937
256.654 168.937
44.154 181.437
56.654 181.437
69.154 181.437
81.654 181.437
94.154 181.437
106.654 181.437
119.154 181.437
131.654 181.437
144.154 181.437
156.654 181.437
169.154 181.437
181.654 181.437
194.154 181.437
206.654 181.437
219.154 181.437
231.654 181.437
244.154 181.437
256.654 181.437
44.154 193.937
56.654 193.937
69.154 193.937
81.654 193.937
94.154 193.937
106.654 193.937
119.154 193.937
131.654 193.937
144.154 193.937
156.654 193.937
169.154 193.937
181.654 193.937
194.154 193.937
206.654 193.937
219.154 193.937
231.654 193.937
244.154 193.937
256.654 193.937
56.654 206.437
69.154 206.437
81.654 206.437
94.154 206.437
106.654 206.437
119.154 206.437
131.654 206.437
144.154 206.437
156.654 206.437
169.154 206.437
181.654 206.437
194.154 206.437
206.654 206.437
219.154 206.437
231.654 206.437
244.154 206.437
56.654 218.937
69.154 218.937
81.654 218.937
94.154 218.937
106.654 218.937
119.154 218.937
131.654 218.937
144.154 218.937
156.654 218.937
169.154 218.937
181.654 218.937
194.154 218.937
206.654 218.937
219.154 218.937
231.654 218.937
244.154 218.937
69.154 231.437
81.654 231.437
94.154 231.437
106.654 231.437
119.154 231.437
131.654 231.437
144.154 231.437
156.654 231.437
169.154 231.437
181.654 231.437
194.154 231.437
206.654 231.437
219.154 231.437
231.654 231.437
81.654 243.937
94.154 243.937
106.654 243.937
119.154 243.937
131.654 243.937
144.154 243.937
156.654 243.937
169.154 243.937
181.654 243.937
194.154 243.937
206.654 243.937
219.154 243.937
106.654 256.437
119.154 256.437
131.654 256.437
144.154 256.437
156.654 256.437
169.154 256.437
181.654 256.437
194.154 256.437
144.154 268.937
156.654 268.937
