142.921 31.947
155.421 31.947
105.421 44.447
117.921 44.447
130.421 44.447
142.921 44.447
155.421 44.447
167.921 44.447
180.421 44.447
192.921 44.447
80.421 56.947
92.921 56.947
105.421 56.947
117.921 56.947
130.421 56.947
142.921 56.947
155.421 56.947
167.921 56.947
180.421 56.947
192.921 56.947
205.421 56.947
217.921 56.947
67.921 69.447
80.421 69.447
92.921 69.447
105.421 69.447
117.921 69.447
130.421 69.447
142.921 69.447
155.421 69.447
167.921 69.447
180.421 69.447
192.921 69.447
205.421 69.447
217.921 69.447
230.421 69.447
55.421 81.947
67.921 81.947
80.421 81.947
92.921 81.947
105.421 81.947
117.921 81.947
130.421 81.947
142.921 81.947
155.421 81.947
167.921 81.947
180.421 81.947
192.921 81.947
205.421 81.947
217.921 81.947
230.421 81.947
242.921 81.947
55.421 94.447
67.921 94.447
80.421 94.447
92.921 94.447
105.421 94.447
117.921 94.447
130.421 94.447
142.921 94.447
155.421 94.447
167.921 94.447
180.421 94.447
192.921 94.447
205.421 94.447
217.921 94.447
230.421 94.447
242.921 94.447
42.921 106.947
55.421 106.947
67.921 106.947
80.421 106.947
92.921 106.947
105.421 106.947
117.921 106.947
130.421 106.947
142.921 106.947
155.421 106.947
167.921 106.947
180.421 106.947
192.921 106.947
205.421 106.947
217.921 106.947
230.421 106.947
242.921 106.947
255.421 106.947
42.921 119.447
55.421 119.447
67.921 119.447
80.421 119.447
92.921 119.447
105.421 119.447
117.921 119.447
130.421 119.447
142.921 119.447
155.421 119.447
167.921 119.447
180.421 119.447
192.921 119.447
205.421 119.447
217.921 119.447
230.421 119.447
242.921 119.447
255.421 119.447
42.921 131.947
55.421 131.947
67.921 131.947
80.421 131.947
92.921 131.947
105.421 131.947
117.921 131.947
130.421 131.947
142.921 131.947
155.421 131.947
167.921 131.947
180.421 131.947
192.921 131.947
205.421 131.947
217.921 131.947
230.421 131.947
242.921 131.947
255.421 131.947
30.421 144.447
42.921 144.447
55.421 144.447
67.921 144.447
80.421 144.447
92.921 144.447
105.421 144.447
117.921 144.447
130.421 144.447
142.921 144.447
155.421 144.447
167.921 144.447
180.421 144.447
192.921 144.447
205.421 144.447
217.921 144.447
230.421 144.447
242.921 144.447
255.421 144.447
267.921 144.447
30.421 156.947
42.921 156.947
55.421 156.947
67.921 156.947
80.421 156.947
92.921 156.947
105.421 156.947
117.921 156.947
130.421 156.947
142.921 156.947
155.421 156.947
167.921 156.947
180.421 156.947
192.921 156.947
205.421 156.947
217.921 156.947
230.421 156.947
242.921 156.947
255.421 156.947
267.921 156.947
42.921 169.447
55.421 169.447
67.921 169.447
80.421 169.447
92.921 169.447
105.421 169.447
117.921 169.447
130.421 169.447
142.921 169.447
155.421 169.447
167.921 169.447
180.421 169.447
192.921 169.447
205.421 169.447
217.921 169.447
230.421 169.447
242.921 169.447
255.421 169.447
42.921 181.947
55.421 181.947
67.921 181.947
80.421 181.947
92.921 181.947
105.421 181.947
117.921 181.947
130.421 181.947
142.921 181.947
155.421 181.947
167.921 181.947
180.421 181.947
192.921 181.947
205.421 181.947
217.921 181.947
230.421 181.947
242.921 181.947
255.421 181.947
42.921 194.447
55.421 194.447
67.921 194.447
80.421 194.447
92.921 194.447
105.421 194.447
117.921 194.447
130.421 194.447
142.921 194.447
155.421 194.447
167.921 194.447
180.421 194.447
192.921 194.447
205.421 194.447
217.921 194.447
230.421 194.447
242.921 194.447
255.421 194.447
55.421 206.947
67.921 206.947
80.421 206.947
92.921 206.947
105.421 206.947
117.921 206.947
130.421 206.947
142.921 206.947
155.421 206.947
167.921 206.947
180.421 206.947
192.921 206.947
205.421 206.947
217.921 206.947
230.421 206.947
242.921 206.947
55.421 219.447
67.921 219.447
80.421 219.447
92.921 219.447
105.421 219.447
117.921 219.447
130.421 219.447
142.921 219.447
155.421 219.447
167.921 219.447
180.421 219.447
192.921 219.447
205.421 219.447
217.921 219.447
230.421 219.447
242.921 219.447
67.921 231.947
80.421 231.947
92.921 231.947
105.421 231.947
117.921 231.947
130.421 231.947
142.921 231.947
155.421 231.947
167.921 231.947
180.421 231.947
192.921 231.947
205.421 231.947
217.921 231.947
230.421 231.947
80.421 244.447
92.921 244.447
105.421 244.447
117.921 244.447
130.421 244.447
142.921 244.447
155.421 244.447
167.921 244.447
180.421 244.447
192.921 244.447
205.421 244.447
217.921 244.447
105.421 256.947
117.921 256.947
130.421 256.947
142.921 256.947
155.421 256.947
167.921 256.947
180.421 256.947
192.921 256.947
142.921 269.447
155.421 269.447
