144.242 31.401
156.742 31.401
106.742 43.901
119.242 43.901
131.742 43.901
144.242 43.901
156.742 43.901
169.242 43.901
181.742 43.901
194.242 43.901
81.742 56.401
94.242 56.401
106.742 56.401
119.242 56.401
131.742 56.401
144.242 56.401
156.742 56.401
169.242 56.401
181.742 56.401
194.242 56.401
206.742 56.401
219.242 56.401
69.242 68.901
81.742 68.901
94.242 68.901
106.742 68.901
119.242 68.901
131.742 68.901
144.242 68.901
156.742 68.901
169.242 68.901
181.742 68.901
194.242 68.901
206.742 68.901
219.242 68.901
231.742 68.901
56.742 81.401
69.242 81.401
81.742 81.401
94.242 81.401
106.742 81.401
119.242 81.401
131.742 81.401
144.242 81.401
156.742 81.401
169.242 81.401
181.742 81.401
194.242 81.401
206.742 81.401
219.242 81.401
231.742 81.401
244.242 81.401
56.742 93.901
69.242 93.901
81.742 93.901
94.242 93.901
106.742 93.901
119.242 93.901
131.742 93.901
144.242 93.901
156.742 93.901
169.242 93.901
181.742 93.901
194.242 93.901
206.742 93.901
219.242 93.901
231.742 93.901
244.242 93.901
44.242 106.401
56.742 106.401
69.242 106.401
81.742 106.401
94.242 106.401
106.742 106.401
119.242 106.401
131.742 106.401
144.242 106.401
156.742 106.401
169.242 106.401
181.742 106.401
194.242 106.401
206.742 106.401
219.242 106.401
231.742 106.401
244.242 106.401
256.742 106.401
44.242 118.901
56.742 118.901
69.242 118.901
81.742 118.901
94.242 118.901
106.742 118.901
119.242 118.901
131.742 118.901
144.242 118.901
156.742 118.901
169.242 118.901
181.742 118.901
194.242 118.901
206.742 118.901
219.242 118.901
231.742 118.901
244.242 118.901
256.742 118.901
44.242 131.401
56.742 131.401
69.242 131.401
81.742 131.401
94.242 131.401
106.742 131.401
119.242 131.401
131.742 131.401
144.242 131.401
156.742 131.401
169.242 131.401
181.742 131.401
194.242 131.401
206.742 131.401
219.242 131.401
231.742 131.401
244.242 131.401
256.742 131.401
31.742 143.901
44.242 143.901
56.742 143.901
69.242 143.901
81.742 143.901
94.242 143.901
106.742 143.901
119.242 143.901
131.742 143.901
144.242 143.901
156.742 143.901
169.242 143.901
181.742 143.901
194.242 143.901
206.742 143.901
219.242 143.901
231.742 143.901
244.242 143.901
256.742 143.901
269.242 143.901
31.742 156.401
44.242 156.401
56.742 156.401
69.242 156.401
81.742 156.401
94.242 156.401
106.742 156.401
119.242 156.401
131.742 156.401
144.242 156.401
156.742 156.401
169.242 156.401
181.742 156.401
194.242 156.401
206.742 156.401
219.242 156.401
231.742 156.401
244.242 156.401
256.742 156.401
269.242 156.401
44.242 168.901
56.742 168.901
69.242 168.901
81.742 168.901
94.242 168.901
106.742 168.901
119.242 168.901
131.742 168.901
144.242 168.901
156.742 168.901
169.242 168.901
181.742 168.901
194.242 168.901
206.742 168.901
219.242 168.901
231.742 168.901
244.242 168.901
256.742 168.901
44.242 181.401
56.742 181.401
69.242 181.401
81.742 181.401
94.242 181.401
106.742 181.401
119.242 181.401
131.742 181.401
144.242 181.401
156.742 181.401
169.242 181.401
181.742 181.401
194.242 181.401
206.742 181.401
219.242 181.401
231.742 181.401
244.242 181.401
256.742 181.401
44.242 193.901
56.742 193.901
69.242 193.901
81.742 193.901
94.242 193.901
106.742 193.901
119.242 193.901
131.742 193.901
144.242 193.901
156.742 193.901
169.242 193.901
181.742 193.901
194.242 193.901
206.742 193.901
219.242 193.901
231.742 193.901
244.242 193.901
256.742 193.901
56.742 206.401
69.242 206.401
81.742 206.401
94.242 206.401
106.742 206.401
119.242 206.401
131.742 206.401
144.242 206.401
156.742 206.401
169.242 206.401
181.742 206.401
194.242 206.401
206.742 206.401
219.242 206.401
231.742 206.401
244.242 206.401
56.742 218.901
69.242 218.901
81.742 218.901
94.242 218.901
106.742 218.901
119.242 218.901
131.742 218.901
144.242 218.901
156.742 218.901
169.242 218.901
181.742 218.901
194.242 218.901
206.742 218.901
219.242 218.901
231.742 218.901
244.242 218.901
69.242 231.401
81.742 231.401
94.242 231.401
106.742 231.401
119.242 231.401
131.742 231.401
144.242 231.401
156.742 231.401
169.242 231.401
181.742 231.401
194.242 231.401
206.742 231.401
219.242 231.401
231.742 231.401
81.742 243.901
94.242 243.901
106.742 243.901
119.242 243.901
131.742 243.901
144.242 243.901
156.742 243.901
169.242 243.901
181.742 243.901
194.242 243.901
206.742 243.901
219.242 243.901
106.742 256.401
119.242 256.401
131.742 256.401
144.242 256.401
156.742 256.401
169.242 256.401
181.742 256.401
194.242 256.401
144.242 268.901
156.742 268.901
