143.250 30.936
155.750 30.936
105.750 43.436
118.250 43.436
130.750 43.436
143.250 43.436
155.750 43.436
168.250 43.436
180.750 43.436
193.250 43.436
80.750 55.936
93.250 55.936
105.750 55.936
118.250 55.936
130.750 55.936
143.250 55.936
155.750 55.936
168.250 55.936
180.750 55.936
193.250 55.936
205.750 55.936
218.250 55.936
68.250 68.436
80.750 68.436
93.250 68.436
105.750 68.436
118.250 68.436
130.750 68.436
143.250 68.436
155.750 68.436
168.250 68.436
180.750 68.436
193.250 68.436
205.750 68.436
218.250 68.436
230.750 68.436
55.750 80.936
68.250 80.936
80.750 80.936
93.250 80.936
105.750 80.936
118.250 80.936
130.750 80.936
143.250 80.936
155.750 80.936
168.250 80.936
180.750 80.936
193.250 80.936
205.750 80.936
218.250 80.936
230.750 80.936
243.250 80.936
55.750 93.436
68.250 93.436
80.750 93.436
93.250 93.436
105.750 93.436
118.250 93.436
130.750 93.436
143.250 93.436
155.750 93.436
168.250 93.436
180.750 93.436
193.250 93.436
205.750 93.436
218.250 93.436
230.750 93.436
243.250 93.436
43.250 105.936
55.750 105.936
68.250 105.936
80.750 105.936
93.250 105.936
105.750 105.936
118.250 105.936
130.750 105.936
143.250 105.936
155.750 105.936
168.250 105.936
180.750 105.936
193.250 105.936
205.750 105.936
218.250 105.936
230.750 105.936
243.250 105.936
255.750 105.936
43.250 118.436
55.750 118.436
68.250 118.436
80.750 118.436
93.250 118.436
105.750 118.436
118.250 118.436
130.750 118.436
143.250 118.436
155.750 118.436
168.250 118.436
180.750 118.436
193.250 118.436
205.750 118.436
218.250 118.436
230.750 118.436
243.250 118.436
255.750 118.436
43.250 130.936
55.750 130.936
68.250 130.936
80.750 130.936
93.250 130.936
105.750 130.936
118.250 130.936
130.750 130.936
143.250 130.936
155.750 130.936
168.250 130.936
180.750 130.936
193.250 130.936
205.750 130.936
218.250 130.936
230.750 130.936
243.250 130.936
255.750 130.936
30.750 143.436
43.250 143.436
55.750 143.436
68.250 143.436
80.750 143.436
93.250 143.436
105.750 143.436
118.250 143.436
130.750 143.436
143.250 143.436
155.750 143.436
168.250 143.436
180.750 143.436
193.250 143.436
205.750 143.436
218.250 143.436
230.750 143.436
243.250 143.436
255.750 143.436
268.250 143.436
30.750 155.936
43.250 155.936
55.750 155.936
68.250 155.936
80.750 155.936
93.250 155.936
105.750 155.936
118.250 155.936
130.750 155.936
143.250 155.936
155.750 155.936
168.250 155.936
180.750 155.936
193.250 155.936
205.750 155.936
218.250 155.936
230.750 155.936
243.250 155.936
255.750 155.936
268.250 155.936
43.250 168.436
55.750 168.436
68.250 168.436
80.750 168.436
93.250 168.436
105.750 168.436
118.250 168.436
130.750 168.436
143.250 168.436
155.750 168.436
168.250 168.436
180.750 168.436
193.250 168.436
205.750 168.436
218.250 168.436
230.750 168.436
243.250 168.436
255.750 168.436
43.250 180.936
55.750 180.936
68.250 180.936
80.750 180.936
93.250 180.936
105.750 180.936
118.250 180.936
130.750 180.936
143.250 180.936
155.750 180.936
168.250 180.936
180.750 180.936
193.250 180.936
205.750 180.936
218.250 180.936
230.750 180.936
243.250 180.936
255.750 180.936
43.250 193.436
55.750 193.436
68.250 193.436
80.750 193.436
93.250 193.436
105.750 193.436
118.250 193.436
130.750 193.436
143.250 193.436
155.750 193.436
168.250 193.436
180.750 193.436
193.250 193.436
205.750 193.436
218.250 193.436
230.750 193.436
243.250 193.436
255.750 193.436
55.750 205.936
68.250 205.936
80.750 205.936
93.250 205.936
105.750 205.936
118.250 205.936
130.750 205.936
143.250 205.936
155.750 205.936
168.250 205.936
180.750 205.936
193.250 205.936
205.750 205.936
218.250 205.936
230.750 205.936
243.250 205.936
55.750 218.436
68.250 218.436
80.750 218.436
93.250 218.436
105.750 218.436
118.250 218.436
130.750 218.436
143.250 218.436
155.750 218.436
168.250 218.436
180.750 218.436
193.250 218.436
205.750 218.436
218.250 218.436
230.750 218.436
243.250 218.436
68.250 230.936
80.750 230.936
93.250 230.936
105.750 230.936
118.250 230.936
130.750 230.936
143.250 230.936
155.750 230.936
168.250 230.936
180.750 230.936
193.250 230.936
205.750 230.936
218.250 230.936
230.750 230.936
80.750 243.436
93.250 243.436
105.750 243.436
118.250 243.436
130.750 243.436
143.250 243.436
155.750 243.436
168.250 243.436
180.750 243.436
193.250 243.436
205.750 243.436
218.250 243.436
105.750 255.936
118.250 255.936
130.750 255.936
143.250 255.936
155.750 255.936
168.250 255.936
180.750 255.936
193.250 255.936
143.250 268.436
155.750 268.436
