144.293 31.289
156.793 31.289
106.793 43.789
119.293 43.789
131.793 43.789
144.293 43.789
156.793 43.789
169.293 43.789
181.793 43.789
194.293 43.789
81.793 56.289
94.293 56.289
106.793 56.289
119.293 56.289
131.793 56.289
144.293 56.289
156.793 56.289
169.293 56.289
181.793 56.289
194.293 56.289
206.793 56.289
219.293 56.289
69.293 68.789
81.793 68.789
94.293 68.789
106.793 68.789
119.293 68.789
131.793 68.789
144.293 68.789
156.793 68.789
169.293 68.789
181.793 68.789
194.293 68.789
206.793 68.789
219.293 68.789
231.793 68.789
56.793 81.289
69.293 81.289
81.793 81.289
94.293 81.289
106.793 81.289
119.293 81.289
131.793 81.289
144.293 81.289
156.793 81.289
169.293 81.289
181.793 81.289
194.293 81.289
206.793 81.289
219.293 81.289
231.793 81.289
244.293 81.289
56.793 93.789
69.293 93.789
81.793 93.789
94.293 93.789
106.793 93.789
119.293 93.789
131.793 93.789
144.293 93.789
156.793 93.789
169.293 93.789
181.793 93.789
194.293 93.789
206.793 93.789
219.293 93.789
231.793 93.789
244.293 93.789
44.293 106.289
56.793 106.289
69.293 106.289
81.793 106.289
94.293 106.289
106.793 106.289
119.293 106.289
131.793 106.289
144.293 106.289
156.793 106.289
169.293 106.289
181.793 106.289
194.293 106.289
206.793 106.289
219.293 106.289
231.793 106.289
244.293 106.289
256.793 106.289
44.293 118.789
56.793 118.789
69.293 118.789
81.793 118.789
94.293 118.789
106.793 118.789
119.293 118.789
131.793 118.789
144.293 118.789
156.793 118.789
169.293 118.789
181.793 118.789
194.293 118.789
206.793 118.789
219.293 118.789
231.793 118.789
244.293 118.789
256.793 118.789
44.293 131.289
56.793 131.289
69.293 131.289
81.793 131.289
94.293 131.289
106.793 131.289
119.293 131.289
131.793 131.289
144.293 131.289
156.793 131.289
169.293 131.289
181.793 131.289
194.293 131.289
206.793 131.289
219.293 131.289
231.793 131.289
244.293 131.289
256.793 131.289
31.793 143.789
44.293 143.789
56.793 143.789
69.293 143.789
81.793 143.789
94.293 143.789
106.793 143.789
119.293 143.789
131.793 143.789
144.293 143.789
156.793 143.789
169.293 143.789
181.793 143.789
194.293 143.789
206.793 143.789
219.293 143.789
231.793 143.789
244.293 143.789
256.793 143.789
269.293 143.789
31.793 156.289
44.293 156.289
56.793 156.289
69.293 156.289
81.793 156.289
94.293 156.289
106.793 156.289
119.293 156.289
131.793 156.289
144.293 156.289
156.793 156.289
169.293 156.289
181.793 156.289
194.293 156.289
206.793 156.289
219.293 156.289
231.793 156.289
244.293 156.289
256.793 156.289
269.293 156.289
44.293 168.789
56.793 168.789
69.293 168.789
81.793 168.789
94.293 168.789
106.793 168.789
119.293 168.789
131.793 168.789
144.293 168.789
156.793 168.789
169.293 168.789
181.793 168.789
194.293 168.789
206.793 168.789
219.293 168.789
231.793 168.789
244.293 168.789
256.793 168.789
44.293 181.289
56.793 181.289
69.293 181.289
81.793 181.289
94.293 181.289
106.793 181.289
119.293 181.289
131.793 181.289
144.293 181.289
156.793 181.289
169.293 181.289
181.793 181.289
194.293 181.289
206.793 181.289
219.293 181.289
231.793 181.289
244.293 181.289
256.793 181.289
44.293 193.789
56.793 193.789
69.293 193.789
81.793 193.789
94.293 193.789
106.793 193.789
119.293 193.789
131.793 193.789
144.293 193.789
156.793 193.789
169.293 193.789
181.793 193.789
194.293 193.789
206.793 193.789
219.293 193.789
231.793 193.789
244.293 193.789
256.793 193.789
56.793 206.289
69.293 206.289
81.793 206.289
94.293 206.289
106.793 206.289
119.293 206.289
131.793 206.289
144.293 206.289
156.793 206.289
169.293 206.289
181.793 206.289
194.293 206.289
206.793 206.289
219.293 206.289
231.793 206.289
244.293 206.289
56.793 218.789
69.293 218.789
81.793 218.789
94.293 218.789
106.793 218.789
119.293 218.789
131.793 218.789
144.293 218.789
156.793 218.789
169.293 218.789
181.793 218.789
194.293 218.789
206.793 218.789
219.293 218.789
231.793 218.789
244.293 218.789
69.293 231.289
81.793 231.289
94.293 231.289
106.793 231.289
119.293 231.289
131.793 231.289
144.293 231.289
156.793 231.289
169.293 231.289
181.793 231.289
194.293 231.289
206.793 231.289
219.293 231.289
231.793 231.289
81.793 243.789
94.293 243.789
106.793 243.789
119.293 243.789
131.793 243.789
144.293 243.789
156.793 243.789
169.293 243.789
181.793 243.789
194.293 243.789
206.793 243.789
219.293 243.789
106.793 256.289
119.293 256.289
131.793 256.289
144.293 256.289
156.793 256.289
169.293 256.289
181.793 256.289
194.293 256.289
144.293 268.789
156.793 268.789
