144.557 29.981
157.057 29.981
107.057 42.481
119.557 42.481
132.057 42.481
144.557 42.481
157.057 42.481
169.557 42.481
182.057 42.481
194.557 42.481
82.057 54.981
94.557 54.981
107.057 54.981
119.557 54.981
132.057 54.981
144.557 54.981
157.057 54.981
169.557 54.981
182.057 54.981
194.557 54.981
207.057 54.981
219.557 54.981
69.557 67.481
82.057 67.481
94.557 67.481
107.057 67.481
119.557 67.481
132.057 67.481
144.557 67.481
157.057 67.481
169.557 67.481
182.057 67.481
194.557 67.481
207.057 67.481
219.557 67.481
232.057 67.481
57.057 79.981
69.557 79.981
82.057 79.981
94.557 79.981
107.057 79.981
119.557 79.981
132.057 79.981
144.557 79.981
157.057 79.981
169.557 79.981
182.057 79.981
194.557 79.981
207.057 79.981
219.557 79.981
232.057 79.981
244.557 79.981
57.057 92.481
69.557 92.481
82.057 92.481
94.557 92.481
107.057 92.481
119.557 92.481
132.057 92.481
144.557 92.481
157.057 92.481
169.557 92.481
182.057 92.481
194.557 92.481
207.057 92.481
219.557 92.481
232.057 92.481
244.557 92.481
44.557 104.981
57.057 104.981
69.557 104.981
82.057 104.981
94.557 104.981
107.057 104.981
119.557 104.981
132.057 104.981
144.557 104.981
157.057 104.981
169.557 104.981
182.057 104.981
194.557 104.981
207.057 104.981
219.557 104.981
232.057 104.981
244.557 104.981
257.057 104.981
44.557 117.481
57.057 117.481
69.557 117.481
82.057 117.481
94.557 117.481
107.057 117.481
119.557 117.481
132.057 117.481
144.557 117.481
157.057 117.481
169.557 117.481
182.057 117.481
194.557 117.481
207.057 117.481
219.557 117.481
232.057 117.481
244.557 117.481
257.057 117.481
44.557 129.981
57.057 129.981
69.557 129.981
82.057 129.981
94.557 129.981
107.057 129.981
119.557 129.981
132.057 129.981
144.557 129.981
157.057 129.981
169.557 129.981
182.057 129.981
194.557 129.981
207.057 129.981
219.557 129.981
232.057 129.981
244.557 129.981
257.057 129.981
32.057 142.481
44.557 142.481
57.057 142.481
69.557 142.481
82.057 142.481
94.557 142.481
107.057 142.481
119.557 142.481
132.057 142.481
144.557 142.481
157.057 142.481
169.557 142.481
182.057 142.481
194.557 142.481
207.057 142.481
219.557 142.481
232.057 142.481
244.557 142.481
257.057 142.481
269.557 142.481
32.057 154.981
44.557 154.981
57.057 154.981
69.557 154.981
82.057 154.981
94.557 154.981
107.057 154.981
119.557 154.981
132.057 154.981
144.557 154.981
157.057 154.981
169.557 154.981
182.057 154.981
194.557 154.981
207.057 154.981
219.557 154.981
232.057 154.981
244.557 154.981
257.057 154.981
269.557 154.981
44.557 167.481
57.057 167.481
69.557 167.481
82.057 167.481
94.557 167.481
107.057 167.481
119.557 167.481
132.057 167.481
144.557 167.481
157.057 167.481
169.557 167.481
182.057 167.481
194.557 167.481
207.057 167.481
219.557 167.481
232.057 167.481
244.557 167.481
257.057 167.481
44.557 179.981
57.057 179.981
69.557 179.981
82.057 179.981
94.557 179.981
107.057 179.981
119.557 179.981
132.057 179.981
144.557 179.981
157.057 179.981
169.557 179.981
182.057 179.981
194.557 179.981
207.057 179.981
219.557 179.981
232.057 179.981
244.557 179.981
257.057 179.981
44.557 192.481
57.057 192.481
69.557 192.481
82.057 192.481
94.557 192.481
107.057 192.481
119.557 192.481
132.057 192.481
144.557 192.481
157.057 192.481
169.557 192.481
182.057 192.481
194.557 192.481
207.057 192.481
219.557 192.481
232.057 192.481
244.557 192.481
257.057 192.481
57.057 204.981
69.557 204.981
82.057 204.981
94.557 204.981
107.057 204.981
119.557 204.981
132.057 204.981
144.557 204.981
157.057 204.981
169.557 204.981
182.057 204.981
194.557 204.981
207.057 204.981
219.557 204.981
232.057 204.981
244.557 204.981
57.057 217.481
69.557 217.481
82.057 217.481
94.557 217.481
107.057 217.481
119.557 217.481
132.057 217.481
144.557 217.481
157.057 217.481
169.557 217.481
182.057 217.481
194.557 217.481
207.057 217.481
219.557 217.481
232.057 217.481
244.557 217.481
69.557 229.981
82.057 229.981
94.557 229.981
107.057 229.981
119.557 229.981
132.057 229.981
144.557 229.981
157.057 229.981
169.557 229.981
182.057 229.981
194.557 229.981
207.057 229.981
219.557 229.981
232.057 229.981
82.057 242.481
94.557 242.481
107.057 242.481
119.557 242.481
132.057 242.481
144.557 242.481
157.057 242.481
169.557 242.481
182.057 242.481
194.557 242.481
207.057 242.481
219.557 242.481
107.057 254.981
119.557 254.981
132.057 254.981
144.557 254.981
157.057 254.981
169.557 254.981
182.057 254.981
194.557 254.981
144.557 267.481
157.057 267.481
