142.201 29.103
154.895 29.045
105.006 41.931
117.023 42.003
129.967 41.990
142.214 41.932
154.936 41.941
167.150 41.792
179.905 41.928
192.172 41.769
80.031 54.074
92.248 54.239
104.922 54.061
117.291 54.154
129.945 54.152
142.212 54.136
154.885 54.021
167.206 54.179
179.881 54.102
192.190 54.121
204.853 54.140
217.267 54.122
67.339 66.847
79.968 66.972
92.233 66.923
104.894 66.943
117.232 66.867
129.982 66.978
142.062 66.936
154.912 67.041
167.191 66.928
180.010 66.854
192.178 66.878
204.869 66.888
217.139 66.865
229.989 66.894
54.873 79.100
67.230 79.159
79.919 79.205
92.222 79.219
104.970 79.152
117.173 79.080
129.925 79.090
142.098 79.268
154.905 79.171
167.197 79.163
179.870 79.176
192.246 79.215
204.851 79.155
217.174 79.205
229.806 79.106
242.126 79.141
54.994 92.059
67.090 91.881
79.994 92.150
92.155 91.938
104.915 91.926
117.148 91.891
129.988 91.915
142.311 91.932
154.855 91.971
167.095 91.938
179.868 91.921
192.136 91.918
204.832 91.905
217.098 91.983
229.903 91.828
242.069 91.960
42.203 104.309
54.945 104.211
67.238 104.317
79.978 104.118
92.178 104.281
104.863 104.208
117.043 104.162
129.816 104.143
142.100 104.331
154.811 104.317
167.201 104.295
179.982 104.184
192.202 104.263
204.927 104.271
217.087 104.152
229.932 104.152
242.168 104.067
254.850 104.210
42.291 116.910
54.998 116.967
67.242 117.035
79.961 117.083
92.078 116.915
105.044 116.891
117.201 116.861
129.942 116.993
142.147 116.882
154.946 116.973
167.065 116.863
179.855 116.941
191.990 116.980
205.023 117.014
217.117 116.872
230.034 117.031
242.092 116.934
254.828 116.979
42.357 129.268
54.914 129.280
67.253 129.270
79.888 129.241
92.222 129.301
104.946 129.218
117.177 129.361
129.821 129.189
142.173 129.265
154.849 129.337
167.367 129.254
179.988 129.191
192.174 129.247
204.893 129.137
217.271 129.251
229.787 129.304
242.133 129.223
254.850 129.137
29.945 142.001
42.028 141.976
54.924 141.984
67.016 142.073
79.986 141.926
92.203 142.022
104.911 142.068
117.229 142.026
130.021 141.945
142.057 141.922
155.042 141.983
167.160 141.986
180.006 141.947
192.180 141.905
204.961 141.984
217.139 141.972
229.938 141.974
242.015 141.923
254.929 141.983
267.088 141.971
29.970 154.215
42.248 154.300
54.872 154.296
67.218 154.335
79.862 154.435
92.166 154.401
104.809 154.310
117.204 154.375
129.780 154.357
142.152 154.382
154.894 154.301
167.174 154.321
179.834 154.301
192.137 154.225
204.905 154.277
217.095 154.309
229.734 154.285
242.136 154.309
254.860 154.273
267.208 154.236
42.038 166.943
54.953 166.990
67.167 167.013
79.904 166.953
92.068 167.033
104.974 166.931
117.080 166.965
129.919 167.016
142.100 167.048
155.026 167.090
167.035 166.976
179.992 167.008
192.084 167.024
204.956 166.939
217.077 166.942
230.007 167.000
242.133 166.980
254.979 166.983
42.285 179.453
54.988 179.513
67.333 179.464
79.708 179.294
92.201 179.504
104.868 179.447
117.164 179.581
129.816 179.299
142.221 179.428
154.789 179.375
167.249 179.413
179.875 179.383
192.162 179.322
204.741 179.295
217.223 179.280
229.864 179.422
242.078 179.287
254.752 179.346
42.114 192.006
54.996 191.830
67.147 191.991
79.991 192.025
92.129 191.977
104.997 192.000
117.105 191.880
129.950 191.985
142.093 192.157
154.956 192.057
167.052 192.001
179.917 191.982
192.013 191.905
205.011 191.906
217.135 192.129
229.973 191.890
242.108 191.996
254.888 191.948
54.921 204.654
67.179 204.412
79.916 204.334
92.187 204.616
104.925 204.492
117.204 204.537
129.935 204.599
142.175 204.346
154.831 204.645
167.261 204.379
179.843 204.591
192.260 204.379
204.785 204.330
217.146 204.592
229.843 204.484
242.227 204.441
54.894 216.981
67.041 216.996
79.961 217.103
92.144 216.954
104.880 217.081
117.164 217.014
129.903 217.034
142.136 216.957
154.979 217.089
166.925 217.061
179.907 216.998
191.953 217.029
204.970 217.039
217.005 216.888
229.945 216.977
242.029 217.076
67.188 229.507
79.871 229.666
92.237 229.648
104.854 229.579
117.269 229.494
129.790 229.591
142.195 229.601
154.929 229.529
167.168 229.530
179.820 229.648
192.162 229.557
204.841 229.425
217.249 229.506
229.795 229.640
79.976 241.967
92.096 241.961
104.890 242.019
117.227 241.950
129.898 242.072
142.019 242.016
154.896 242.019
167.077 241.964
179.955 241.913
192.084 241.954
204.935 242.057
216.979 242.061
104.789 254.770
117.243 254.630
129.847 254.658
142.186 254.500
154.842 254.687
167.186 254.526
179.789 254.477
192.271 254.400
142.079 267.082
154.866 267.049
