144.102 31.148
156.602 31.148
106.602 43.648
119.102 43.648
131.602 43.648
144.102 43.648
156.602 43.648
169.102 43.648
181.602 43.648
194.102 43.648
81.602 56.148
94.102 56.148
106.602 56.148
119.102 56.148
131.602 56.148
144.102 56.148
156.602 56.148
169.102 56.148
181.602 56.148
194.102 56.148
206.602 56.148
219.102 56.148
69.102 68.648
81.602 68.648
94.102 68.648
106.602 68.648
119.102 68.648
131.602 68.648
144.102 68.648
156.602 68.648
169.102 68.648
181.602 68.648
194.102 68.648
206.602 68.648
219.102 68.648
231.602 68.648
56.602 81.148
69.102 81.148
81.602 81.148
94.102 81.148
106.602 81.148
119.102 81.148
131.602 81.148
144.102 81.148
156.602 81.148
169.102 81.148
181.602 81.148
194.102 81.148
206.602 81.148
219.102 81.148
231.602 81.148
244.102 81.148
56.602 93.648
69.102 93.648
81.602 93.648
94.102 93.648
106.602 93.648
119.102 93.648
131.602 93.648
144.102 93.648
156.602 93.648
169.102 93.648
181.602 93.648
194.102 93.648
206.602 93.648
219.102 93.648
231.602 93.648
244.102 93.648
44.102 106.148
56.602 106.148
69.102 106.148
81.602 106.148
94.102 106.148
106.602 106.148
119.102 106.148
131.602 106.148
144.102 106.148
156.602 106.148
169.102 106.148
181.602 106.148
194.102 106.148
206.602 106.148
219.102 106.148
231.602 106.148
244.102 106.148
256.602 106.148
44.102 118.648
56.602 118.648
69.102 118.648
81.602 118.648
94.102 118.648
106.602 118.648
119.102 118.648
131.602 118.648
144.102 118.648
156.602 118.648
169.102 118.648
181.602 118.648
194.102 118.648
206.602 118.648
219.102 118.648
231.602 118.648
244.102 118.648
256.602 118.648
44.102 131.148
56.602 131.148
69.102 131.148
81.602 131.148
94.102 131.148
106.602 131.148
119.102 131.148
131.602 131.148
144.102 131.148
156.602 131.148
169.102 131.148
181.602 131.148
194.102 131.148
206.602 131.148
219.102 131.148
231.602 131.148
244.102 131.148
256.602 131.148
31.602 143.648
44.102 143.648
56.602 143.648
69.102 143.648
81.602 143.648
94.102 143.648
106.602 143.648
119.102 143.648
131.602 143.648
144.102 143.648
156.602 143.648
169.102 143.648
181.602 143.648
194.102 143.648
206.602 143.648
219.102 143.648
231.602 143.648
244.102 143.648
256.602 143.648
269.102 143.648
31.602 156.148
44.102 156.148
56.602 156.148
69.102 156.148
81.602 156.148
94.102 156.148
106.602 156.148
119.102 156.148
131.602 156.148
144.102 156.148
156.602 156.148
169.102 156.148
181.602 156.148
194.102 156.148
206.602 156.148
219.102 156.148
231.602 156.148
244.102 156.148
256.602 156.148
269.102 156.148
44.102 168.648
56.602 168.648
69.102 168.648
81.602 168.648
94.102 168.648
106.602 168.648
119.102 168.648
131.602 168.648
144.102 168.648
156.602 168.648
169.102 168.648
181.602 168.648
194.102 168.648
206.602 168.648
219.102 168.648
231.602 168.648
244.102 168.648
256.602 168.648
44.102 181.148
56.602 181.148
69.102 181.148
81.602 181.148
94.102 181.148
106.602 181.148
119.102 181.148
131.602 181.148
144.102 181.148
156.602 181.148
169.102 181.148
181.602 181.148
194.102 181.148
206.602 181.148
219.102 181.148
231.602 181.148
244.102 181.148
256.602 181.148
44.102 193.648
56.602 193.648
69.102 193.648
81.602 193.648
94.102 193.648
106.602 193.648
119.102 193.648
131.602 193.648
144.102 193.648
156.602 193.648
169.102 193.648
181.602 193.648
194.102 193.648
206.602 193.648
219.102 193.648
231.602 193.648
244.102 193.648
256.602 193.648
56.602 206.148
69.102 206.148
81.602 206.148
94.102 206.148
106.602 206.148
119.102 206.148
131.602 206.148
144.102 206.148
156.602 206.148
169.102 206.148
181.602 206.148
194.102 206.148
206.602 206.148
219.102 206.148
231.602 206.148
244.102 206.148
56.602 218.648
69.102 218.648
81.602 218.648
94.102 218.648
106.602 218.648
119.102 218.648
131.602 218.648
144.102 218.648
156.602 218.648
169.102 218.648
181.602 218.648
194.102 218.648
206.602 218.648
219.102 218.648
231.602 218.648
244.102 218.648
69.102 231.148
81.602 231.148
94.102 231.148
106.602 231.148
119.102 231.148
131.602 231.148
144.102 231.148
156.602 231.148
169.102 231.148
181.602 231.148
194.102 231.148
206.602 231.148
219.102 231.148
231.602 231.148
81.602 243.648
94.102 243.648
106.602 243.648
119.102 243.648
131.602 243.648
144.102 243.648
156.602 243.648
169.102 243.648
181.602 243.648
194.102 243.648
206.602 243.648
219.102 243.648
106.602 256.148
119.102 256.148
131.602 256.148
144.102 256.148
156.602 256.148
169.102 256.148
181.602 256.148
194.102 256.148
144.102 268.648
156.602 268.648
