144.498 29.775
156.952 29.943
107.139 42.203
119.797 42.165
132.052 42.126
144.653 42.188
157.063 42.066
169.724 42.206
182.067 42.027
194.714 42.200
81.973 54.945
94.714 55.035
106.863 54.927
119.782 54.963
132.076 55.021
144.719 54.819
157.046 54.909
169.622 54.857
182.074 54.950
194.600 54.929
206.962 54.936
219.620 54.884
69.735 67.146
81.960 67.115
94.736 67.273
107.078 67.320
119.595 67.296
131.927 67.215
144.670 67.213
157.034 67.068
169.693 67.237
182.144 67.095
194.650 67.214
206.993 67.063
219.692 67.218
232.042 67.081
57.036 80.001
69.710 79.922
82.083 79.926
94.778 80.005
106.931 79.997
119.765 80.057
132.053 79.898
144.769 79.864
157.023 80.037
169.750 79.851
182.102 79.928
194.765 79.901
206.999 79.948
219.785 79.905
232.077 80.000
244.636 79.838
56.903 92.369
69.626 92.279
82.061 92.335
94.668 92.428
106.932 92.221
119.745 92.317
132.018 92.259
144.680 92.322
157.051 92.193
169.587 92.260
181.960 92.185
194.706 92.438
206.988 92.159
219.655 92.294
231.959 92.270
244.675 92.314
44.822 104.859
57.152 104.967
69.835 105.046
82.032 104.976
94.818 105.102
106.979 105.084
119.737 104.906
131.957 104.842
144.697 104.945
156.956 104.908
169.735 104.976
182.062 105.007
194.717 104.886
207.043 104.855
219.671 104.911
232.015 105.010
244.514 104.951
257.002 104.976
44.737 117.414
57.048 117.440
69.854 117.409
82.061 117.512
94.641 117.488
107.040 117.315
119.636 117.374
131.833 117.338
144.602 117.504
157.147 117.318
169.691 117.522
182.123 117.487
194.587 117.331
206.990 117.149
219.624 117.313
231.929 117.204
244.660 117.254
256.921 117.296
44.764 130.014
56.959 129.978
69.839 130.037
81.973 130.209
94.760 129.988
107.043 130.004
119.803 130.075
131.926 129.961
144.553 130.016
157.048 129.952
169.705 129.982
182.137 129.882
194.724 130.083
206.999 129.985
219.749 129.962
231.867 129.993
244.548 129.986
256.990 129.967
32.071 142.457
44.679 142.429
57.041 142.581
69.696 142.515
82.066 142.426
94.701 142.458
106.980 142.586
119.683 142.427
131.996 142.534
144.686 142.413
157.030 142.500
169.676 142.405
182.037 142.535
194.572 142.335
206.947 142.360
219.660 142.349
232.044 142.425
244.744 142.370
256.966 142.218
269.449 142.369
31.973 155.054
44.715 155.079
56.966 154.820
69.757 154.949
81.930 154.926
94.663 155.102
106.963 155.000
119.803 155.003
131.984 154.997
144.715 155.027
156.970 155.086
169.617 155.080
182.107 155.135
194.604 154.889
206.987 155.049
219.347 155.014
232.058 154.955
244.608 154.948
257.002 154.974
269.575 154.934
44.658 167.594
57.013 167.616
69.731 167.497
82.050 167.560
94.641 167.559
106.957 167.581
119.639 167.554
132.065 167.553
144.584 167.483
157.076 167.420
169.562 167.433
182.042 167.535
194.679 167.708
207.138 167.503
219.588 167.393
231.988 167.444
244.585 167.597
257.085 167.353
44.796 180.192
56.999 180.037
69.708 180.067
81.980 180.073
94.803 180.044
107.099 179.896
119.725 180.130
132.002 180.060
144.790 180.143
156.972 180.015
169.660 179.960
182.025 180.045
194.731 180.034
206.935 180.030
219.683 179.908
231.947 180.055
244.743 180.030
257.031 180.035
44.646 192.670
57.090 192.845
69.527 192.722
82.048 192.755
94.598 192.459
106.975 192.744
119.443 192.578
131.975 192.766
144.521 192.457
157.186 192.753
169.683 192.604
182.117 192.698
194.644 192.623
207.095 192.559
219.572 192.732
232.010 192.469
244.744 192.667
257.034 192.473
56.990 205.086
69.697 205.087
81.977 205.071
94.599 205.078
106.963 205.044
119.675 205.152
132.081 204.990
144.687 205.085
156.990 205.091
169.457 205.009
182.051 204.966
194.546 204.948
207.030 205.045
219.485 205.105
232.022 205.080
244.615 205.042
57.162 217.901
69.628 217.657
82.084 217.920
94.604 217.729
106.950 217.927
119.573 217.620
131.993 217.854
144.381 217.745
156.889 217.631
169.429 217.647
182.094 217.659
194.426 217.645
206.986 217.813
219.598 217.643
232.010 217.808
244.345 217.759
69.584 230.148
81.998 230.025
94.648 230.083
107.046 230.050
119.792 230.060
131.960 229.960
144.777 230.064
157.052 230.052
169.544 230.062
182.019 230.042
194.576 230.075
206.979 230.107
219.580 229.978
231.930 230.041
82.066 242.901
94.558 242.795
107.053 242.794
119.412 242.711
132.077 242.761
144.572 242.787
156.875 242.895
169.596 242.696
182.023 242.732
194.480 242.630
207.084 242.792
219.574 242.721
106.897 255.101
119.554 255.070
131.940 255.121
144.563 255.121
157.097 255.000
169.393 255.228
182.043 255.005
194.608 255.187
144.471 267.843
157.019 267.991
