143.721 30.122
156.221 30.122
106.221 42.622
118.721 42.622
131.221 42.622
143.721 42.622
156.221 42.622
168.721 42.622
181.221 42.622
193.721 42.622
81.221 55.122
93.721 55.122
106.221 55.122
118.721 55.122
131.221 55.122
143.721 55.122
156.221 55.122
168.721 55.122
181.221 55.122
193.721 55.122
206.221 55.122
218.721 55.122
68.721 67.622
81.221 67.622
93.721 67.622
106.221 67.622
118.721 67.622
131.221 67.622
143.721 67.622
156.221 67.622
168.721 67.622
181.221 67.622
193.721 67.622
206.221 67.622
218.721 67.622
231.221 67.622
56.221 80.122
68.721 80.122
81.221 80.122
93.721 80.122
106.221 80.122
118.721 80.122
131.221 80.122
143.721 80.122
156.221 80.122
168.721 80.122
181.221 80.122
193.721 80.122
206.221 80.122
218.721 80.122
231.221 80.122
243.721 80.122
56.221 92.622
68.721 92.622
81.221 92.622
93.721 92.622
106.221 92.622
118.721 92.622
131.221 92.622
143.721 92.622
156.221 92.622
168.721 92.622
181.221 92.622
193.721 92.622
206.221 92.622
218.721 92.622
231.221 92.622
243.721 92.622
43.721 105.122
56.221 105.122
68.721 105.122
81.221 105.122
93.721 105.122
106.221 105.122
118.721 105.122
131.221 105.122
143.721 105.122
156.221 105.122
168.721 105.122
181.221 105.122
193.721 105.122
206.221 105.122
218.721 105.122
231.221 105.122
243.721 105.122
256.221 105.122
43.721 117.622
56.221 117.622
68.721 117.622
81.221 117.622
93.721 117.622
106.221 117.622
118.721 117.622
131.221 117.622
143.721 117.622
156.221 117.622
168.721 117.622
181.221 117.622
193.721 117.622
206.221 117.622
218.721 117.622
231.221 117.622
243.721 117.622
256.221 117.622
43.721 130.122
56.221 130.122
68.721 130.122
81.221 130.122
93.721 130.122
106.221 130.122
118.721 130.122
131.221 130.122
143.721 130.122
156.221 130.122
168.721 130.122
181.221 130.122
193.721 130.122
206.221 130.122
218.721 130.122
231.221 130.122
243.721 130.122
256.221 130.122
31.221 142.622
43.721 142.622
56.221 142.622
68.721 142.622
81.221 142.622
93.721 142.622
106.221 142.622
118.721 142.622
131.221 142.622
143.721 142.622
156.221 142.622
168.721 142.622
181.221 142.622
193.721 142.622
206.221 142.622
218.721 142.622
231.221 142.622
243.721 142.622
256.221 142.622
268.721 142.622
31.221 155.122
43.721 155.122
56.221 155.122
68.721 155.122
81.221 155.122
93.721 155.122
106.221 155.122
118.721 155.122
131.221 155.122
143.721 155.122
156.221 155.122
168.721 155.122
181.221 155.122
193.721 155.122
206.221 155.122
218.721 155.122
231.221 155.122
243.721 155.122
256.221 155.122
268.721 155.122
43.721 167.622
56.221 167.622
68.721 167.622
81.221 167.622
93.721 167.622
106.221 167.622
118.721 167.622
131.221 167.622
143.721 167.622
156.221 167.622
168.721 167.622
181.221 167.622
193.721 167.622
206.221 167.622
218.721 167.622
231.221 167.622
243.721 167.622
256.221 167.622
43.721 180.122
56.221 180.122
68.721 180.122
81.221 180.122
93.721 180.122
106.221 180.122
118.721 180.122
131.221 180.122
143.721 180.122
156.221 180.122
168.721 180.122
181.221 180.122
193.721 180.122
206.221 180.122
218.721 180.122
231.221 180.122
243.721 180.122
256.221 180.122
43.721 192.622
56.221 192.622
68.721 192.622
81.221 192.622
93.721 192.622
106.221 192.622
118.721 192.622
131.221 192.622
143.721 192.622
156.221 192.622
168.721 192.622
181.221 192.622
193.721 192.622
206.221 192.622
218.721 192.622
231.221 192.622
243.721 192.622
256.221 192.622
56.221 205.122
68.721 205.122
81.221 205.122
93.721 205.122
106.221 205.122
118.721 205.122
131.221 205.122
143.721 205.122
156.221 205.122
168.721 205.122
181.221 205.122
193.721 205.122
206.221 205.122
218.721 205.122
231.221 205.122
243.721 205.122
56.221 217.622
68.721 217.622
81.221 217.622
93.721 217.622
106.221 217.622
118.721 217.622
131.221 217.622
143.721 217.622
156.221 217.622
168.721 217.622
181.221 217.622
193.721 217.622
206.221 217.622
218.721 217.622
231.221 217.622
243.721 217.622
68.721 230.122
81.221 230.122
93.721 230.122
106.221 230.122
118.721 230.122
131.221 230.122
143.721 230.122
156.221 230.122
168.721 230.122
181.221 230.122
193.721 230.122
206.221 230.122
218.721 230.122
231.221 230.122
81.221 242.622
93.721 242.622
106.221 242.622
118.721 242.622
131.221 242.622
143.721 242.622
156.221 242.622
168.721 242.622
181.221 242.622
193.721 242.622
206.221 242.622
218.721 242.622
106.221 255.122
118.721 255.122
131.221 255.122
143.721 255.122
156.221 255.122
168.721 255.122
181.221 255.122
193.721 255.122
143.721 267.622
156.221 267.622
