144.833 29.927
157.051 29.849
107.028 42.347
119.574 42.295
132.081 42.113
144.748 42.169
156.922 42.105
169.675 42.212
181.893 42.036
194.681 42.227
81.950 55.020
94.908 54.912
106.930 54.996
119.741 54.816
132.057 54.913
144.666 54.955
156.938 54.959
169.767 54.885
182.237 54.872
194.680 54.950
207.008 54.778
219.678 54.873
69.634 67.218
82.030 67.180
94.564 67.333
106.933 67.070
119.791 67.182
132.014 67.190
144.581 67.310
157.054 67.218
169.626 67.194
181.954 67.052
194.755 67.145
207.124 66.941
219.541 67.350
231.927 67.216
56.933 80.018
69.793 79.913
82.083 79.980
94.837 80.056
106.992 79.933
119.678 79.992
132.041 80.051
144.735 79.904
157.054 79.825
169.695 79.897
181.955 79.939
194.803 79.976
207.166 80.030
219.666 79.963
231.989 80.053
244.712 79.812
57.125 92.230
69.695 92.366
81.921 92.213
94.758 92.343
107.132 92.190
119.607 92.197
131.867 92.214
144.634 92.251
157.065 92.048
169.712 92.306
182.092 92.296
194.767 92.127
206.954 92.187
219.761 92.232
231.961 92.148
244.602 92.305
44.742 104.985
57.053 105.036
69.826 105.109
82.050 105.002
94.679 104.893
106.977 104.960
119.729 105.096
131.981 104.995
144.632 104.961
157.132 104.967
169.699 105.002
181.997 105.056
194.691 104.897
206.980 105.027
219.539 104.820
232.024 105.051
244.575 104.865
257.015 104.837
44.761 117.513
57.143 117.407
69.708 117.425
82.060 117.545
94.595 117.409
106.885 117.281
119.626 117.249
132.104 117.270
144.635 117.289
157.032 117.265
169.565 117.409
182.047 117.329
194.572 117.394
207.032 117.236
219.605 117.360
231.956 117.257
244.680 117.338
257.057 117.357
44.734 130.092
56.955 129.965
69.778 130.073
82.071 130.006
94.840 129.972
107.078 129.885
119.591 130.041
131.991 129.909
144.612 130.034
156.990 130.056
169.854 130.027
182.035 129.938
194.695 130.088
207.122 130.012
219.615 130.064
231.872 129.927
244.599 129.950
257.032 130.025
32.081 142.400
44.611 142.453
57.050 142.543
69.702 142.350
82.007 142.275
94.666 142.384
107.106 142.490
119.651 142.427
132.000 142.505
144.676 142.412
157.138 142.610
169.669 142.382
181.912 142.408
194.490 142.478
207.073 142.420
219.621 142.357
232.062 142.303
244.737 142.327
257.145 142.279
269.318 142.333
31.870 154.952
44.684 154.947
57.010 154.988
69.624 154.965
82.026 154.895
94.779 154.917
107.060 155.009
119.706 155.128
131.977 155.063
144.661 155.019
156.987 154.911
169.680 154.889
181.878 154.991
194.601 154.936
207.016 155.023
219.629 154.914
231.997 155.061
244.548 155.032
257.106 154.960
269.576 154.928
44.811 167.787
57.066 167.679
69.715 167.469
81.972 167.442
94.599 167.713
107.102 167.685
119.631 167.536
131.965 167.665
144.615 167.463
156.962 167.437
169.559 167.497
182.001 167.496
194.648 167.663
207.096 167.471
219.587 167.356
232.043 167.455
244.513 167.507
257.055 167.305
44.755 180.174
56.921 180.080
69.810 180.169
81.995 180.038
94.788 180.001
106.944 180.042
119.579 180.100
131.978 179.935
144.628 179.974
157.018 180.074
169.627 179.993
181.993 179.976
194.531 180.045
207.079 179.957
219.606 180.035
232.006 179.992
244.583 180.007
257.047 180.089
44.507 192.515
56.884 192.490
69.607 192.539
81.989 192.823
94.502 192.452
107.035 192.555
119.286 192.390
131.988 192.562
144.505 192.499
156.979 192.623
169.522 192.519
181.906 192.614
194.682 192.509
206.914 192.419
219.569 192.558
231.857 192.494
244.582 192.512
257.055 192.349
56.890 205.157
69.704 205.174
82.011 204.942
94.665 205.110
106.995 204.988
119.681 205.196
132.038 204.977
144.673 205.114
156.990 204.925
169.300 205.145
181.910 204.982
194.628 205.082
206.829 205.029
219.566 205.035
232.040 204.968
244.702 205.082
56.945 218.016
69.753 217.837
82.137 217.902
94.602 217.580
106.959 217.794
119.625 217.658
132.010 217.828
144.573 217.714
156.916 217.811
169.474 217.548
181.864 217.644
194.301 217.763
207.025 217.765
219.433 217.599
232.111 217.663
244.410 217.600
69.670 230.071
81.962 230.049
94.568 230.086
107.037 230.015
119.587 230.061
131.975 230.064
144.508 230.066
156.980 230.082
169.556 230.021
182.077 230.048
194.533 229.957
206.933 230.010
219.660 229.940
232.025 230.035
82.034 242.854
94.731 242.519
107.073 242.937
119.495 242.568
132.041 242.934
144.566 242.722
157.090 242.955
169.508 242.947
182.035 242.892
194.528 242.556
206.959 242.887
219.599 242.647
107.048 255.124
119.441 255.171
132.086 255.152
144.519 255.268
156.991 255.078
169.439 255.148
182.042 255.008
194.504 255.001
144.647 267.507
157.087 267.887
