143.483 30.259
155.983 30.259
105.983 42.759
118.483 42.759
130.983 42.759
143.483 42.759
155.983 42.759
168.483 42.759
180.983 42.759
193.483 42.759
80.983 55.259
93.483 55.259
105.983 55.259
118.483 55.259
130.983 55.259
143.483 55.259
155.983 55.259
168.483 55.259
180.983 55.259
193.483 55.259
205.983 55.259
218.483 55.259
68.483 67.759
80.983 67.759
93.483 67.759
105.983 67.759
118.483 67.759
130.983 67.759
143.483 67.759
155.983 67.759
168.483 67.759
180.983 67.759
193.483 67.759
205.983 67.759
218.483 67.759
230.983 67.759
55.983 80.259
68.483 80.259
80.983 80.259
93.483 80.259
105.983 80.259
118.483 80.259
130.983 80.259
143.483 80.259
155.983 80.259
168.483 80.259
180.983 80.259
193.483 80.259
205.983 80.259
218.483 80.259
230.983 80.259
243.483 80.259
55.983 92.759
68.483 92.759
80.983 92.759
93.483 92.759
105.983 92.759
118.483 92.759
130.983 92.759
143.483 92.759
155.983 92.759
168.483 92.759
180.983 92.759
193.483 92.759
205.983 92.759
218.483 92.759
230.983 92.759
243.483 92.759
43.483 105.259
55.983 105.259
68.483 105.259
80.983 105.259
93.483 105.259
105.983 105.259
118.483 105.259
130.983 105.259
143.483 105.259
155.983 105.259
168.483 105.259
180.983 105.259
193.483 105.259
205.983 105.259
218.483 105.259
230.983 105.259
243.483 105.259
255.983 105.259
43.483 117.759
55.983 117.759
68.483 117.759
80.983 117.759
93.483 117.759
105.983 117.759
118.483 117.759
130.983 117.759
143.483 117.759
155.983 117.759
168.483 117.759
180.983 117.759
193.483 117.759
205.983 117.759
218.483 117.759
230.983 117.759
243.483 117.759
255.983 117.759
43.483 130.259
55.983 130.259
68.483 130.259
80.983 130.259
93.483 130.259
105.983 130.259
118.483 130.259
130.983 130.259
143.483 130.259
155.983 130.259
168.483 130.259
180.983 130.259
193.483 130.259
205.983 130.259
218.483 130.259
230.983 130.259
243.483 130.259
255.983 130.259
30.983 142.759
43.483 142.759
55.983 142.759
68.483 142.759
80.983 142.759
93.483 142.759
105.983 142.759
118.483 142.759
130.983 142.759
143.483 142.759
155.983 142.759
168.483 142.759
180.983 142.759
193.483 142.759
205.983 142.759
218.483 142.759
230.983 142.759
243.483 142.759
255.983 142.759
268.483 142.759
30.983 155.259
43.483 155.259
55.983 155.259
68.483 155.259
80.983 155.259
93.483 155.259
105.983 155.259
118.483 155.259
130.983 155.259
143.483 155.259
155.983 155.259
168.483 155.259
180.983 155.259
193.483 155.259
205.983 155.259
218.483 155.259
230.983 155.259
243.483 155.259
255.983 155.259
268.483 155.259
43.483 167.759
55.983 167.759
68.483 167.759
80.983 167.759
93.483 167.759
105.983 167.759
118.483 167.759
130.983 167.759
143.483 167.759
155.983 167.759
168.483 167.759
180.983 167.759
193.483 167.759
205.983 167.759
218.483 167.759
230.983 167.759
243.483 167.759
255.983 167.759
43.483 180.259
55.983 180.259
68.483 180.259
80.983 180.259
93.483 180.259
105.983 180.259
118.483 180.259
130.983 180.259
143.483 180.259
155.983 180.259
168.483 180.259
180.983 180.259
193.483 180.259
205.983 180.259
218.483 180.259
230.983 180.259
243.483 180.259
255.983 180.259
43.483 192.759
55.983 192.759
68.483 192.759
80.983 192.759
93.483 192.759
105.983 192.759
118.483 192.759
130.983 192.759
143.483 192.759
155.983 192.759
168.483 192.759
180.983 192.759
193.483 192.759
205.983 192.759
218.483 192.759
230.983 192.759
243.483 192.759
255.983 192.759
55.983 205.259
68.483 205.259
80.983 205.259
93.483 205.259
105.983 205.259
118.483 205.259
130.983 205.259
143.483 205.259
155.983 205.259
168.483 205.259
180.983 205.259
193.483 205.259
205.983 205.259
218.483 205.259
230.983 205.259
243.483 205.259
55.983 217.759
68.483 217.759
80.983 217.759
93.483 217.759
105.983 217.759
118.483 217.759
130.983 217.759
143.483 217.759
155.983 217.759
168.483 217.759
180.983 217.759
193.483 217.759
205.983 217.759
218.483 217.759
230.983 217.759
243.483 217.759
68.483 230.259
80.983 230.259
93.483 230.259
105.983 230.259
118.483 230.259
130.983 230.259
143.483 230.259
155.983 230.259
168.483 230.259
180.983 230.259
193.483 230.259
205.983 230.259
218.483 230.259
230.983 230.259
80.983 242.759
93.483 242.759
105.983 242.759
118.483 242.759
130.983 242.759
143.483 242.759
155.983 242.759
168.483 242.759
180.983 242.759
193.483 242.759
205.983 242.759
218.483 242.759
105.983 255.259
118.483 255.259
130.983 255.259
143.483 255.259
155.983 255.259
168.483 255.259
180.983 255.259
193.483 255.259
143.483 267.759
155.983 267.759
