144.557 29.976
157.057 29.976
107.057 42.476
119.557 42.476
132.057 42.476
144.557 42.476
157.057 42.476
169.557 42.476
182.057 42.476
194.557 42.476
82.057 54.976
94.557 54.976
107.057 54.976
119.557 54.976
132.057 54.976
144.557 54.976
157.057 54.976
169.557 54.976
182.057 54.976
194.557 54.976
207.057 54.976
219.557 54.976
69.557 67.476
82.057 67.476
94.557 67.476
107.057 67.476
119.557 67.476
132.057 67.476
144.557 67.476
157.057 67.476
169.557 67.476
182.057 67.476
194.557 67.476
207.057 67.476
219.557 67.476
232.057 67.476
57.057 79.976
69.557 79.976
82.057 79.976
94.557 79.976
107.057 79.976
119.557 79.976
132.057 79.976
144.557 79.976
157.057 79.976
169.557 79.976
182.057 79.976
194.557 79.976
207.057 79.976
219.557 79.976
232.057 79.976
244.557 79.976
57.057 92.476
69.557 92.476
82.057 92.476
94.557 92.476
107.057 92.476
119.557 92.476
132.057 92.476
144.557 92.476
157.057 92.476
169.557 92.476
182.057 92.476
194.557 92.476
207.057 92.476
219.557 92.476
232.057 92.476
244.557 92.476
44.557 104.976
57.057 104.976
69.557 104.976
82.057 104.976
94.557 104.976
107.057 104.976
119.557 104.976
132.057 104.976
144.557 104.976
157.057 104.976
169.557 104.976
182.057 104.976
194.557 104.976
207.057 104.976
219.557 104.976
232.057 104.976
244.557 104.976
257.057 104.976
44.557 117.476
57.057 117.476
69.557 117.476
82.057 117.476
94.557 117.476
107.057 117.476
119.557 117.476
132.057 117.476
144.557 117.476
157.057 117.476
169.557 117.476
182.057 117.476
194.557 117.476
207.057 117.476
219.557 117.476
232.057 117.476
244.557 117.476
257.057 117.476
44.557 129.976
57.057 129.976
69.557 129.976
82.057 129.976
94.557 129.976
107.057 129.976
119.557 129.976
132.057 129.976
144.557 129.976
157.057 129.976
169.557 129.976
182.057 129.976
194.557 129.976
207.057 129.976
219.557 129.976
232.057 129.976
244.557 129.976
257.057 129.976
32.057 142.476
44.557 142.476
57.057 142.476
69.557 142.476
82.057 142.476
94.557 142.476
107.057 142.476
119.557 142.476
132.057 142.476
144.557 142.476
157.057 142.476
169.557 142.476
182.057 142.476
194.557 142.476
207.057 142.476
219.557 142.476
232.057 142.476
244.557 142.476
257.057 142.476
269.557 142.476
32.057 154.976
44.557 154.976
57.057 154.976
69.557 154.976
82.057 154.976
94.557 154.976
107.057 154.976
119.557 154.976
132.057 154.976
144.557 154.976
157.057 154.976
169.557 154.976
182.057 154.976
194.557 154.976
207.057 154.976
219.557 154.976
232.057 154.976
244.557 154.976
257.057 154.976
269.557 154.976
44.557 167.476
57.057 167.476
69.557 167.476
82.057 167.476
94.557 167.476
107.057 167.476
119.557 167.476
132.057 167.476
144.557 167.476
157.057 167.476
169.557 167.476
182.057 167.476
194.557 167.476
207.057 167.476
219.557 167.476
232.057 167.476
244.557 167.476
257.057 167.476
44.557 179.976
57.057 179.976
69.557 179.976
82.057 179.976
94.557 179.976
107.057 179.976
119.557 179.976
132.057 179.976
144.557 179.976
157.057 179.976
169.557 179.976
182.057 179.976
194.557 179.976
207.057 179.976
219.557 179.976
232.057 179.976
244.557 179.976
257.057 179.976
44.557 192.476
57.057 192.476
69.557 192.476
82.057 192.476
94.557 192.476
107.057 192.476
119.557 192.476
132.057 192.476
144.557 192.476
157.057 192.476
169.557 192.476
182.057 192.476
194.557 192.476
207.057 192.476
219.557 192.476
232.057 192.476
244.557 192.476
257.057 192.476
57.057 204.976
69.557 204.976
82.057 204.976
94.557 204.976
107.057 204.976
119.557 204.976
132.057 204.976
144.557 204.976
157.057 204.976
169.557 204.976
182.057 204.976
194.557 204.976
207.057 204.976
219.557 204.976
232.057 204.976
244.557 204.976
57.057 217.476
69.557 217.476
82.057 217.476
94.557 217.476
107.057 217.476
119.557 217.476
132.057 217.476
144.557 217.476
157.057 217.476
169.557 217.476
182.057 217.476
194.557 217.476
207.057 217.476
219.557 217.476
232.057 217.476
244.557 217.476
69.557 229.976
82.057 229.976
94.557 229.976
107.057 229.976
119.557 229.976
132.057 229.976
144.557 229.976
157.057 229.976
169.557 229.976
182.057 229.976
194.557 229.976
207.057 229.976
219.557 229.976
232.057 229.976
82.057 242.476
94.557 242.476
107.057 242.476
119.557 242.476
132.057 242.476
144.557 242.476
157.057 242.476
169.557 242.476
182.057 242.476
194.557 242.476
207.057 242.476
219.557 242.476
107.057 254.976
119.557 254.976
132.057 254.976
144.557 254.976
157.057 254.976
169.557 254.976
182.057 254.976
194.557 254.976
144.557 267.476
157.057 267.476
