144.556 29.977
157.056 29.977
107.056 42.477
119.556 42.477
132.056 42.477
144.556 42.477
157.056 42.477
169.556 42.477
182.056 42.477
194.556 42.477
82.056 54.977
94.556 54.977
107.056 54.977
119.556 54.977
132.056 54.977
144.556 54.977
157.056 54.977
169.556 54.977
182.056 54.977
194.556 54.977
207.056 54.977
219.556 54.977
69.556 67.477
82.056 67.477
94.556 67.477
107.056 67.477
119.556 67.477
132.056 67.477
144.556 67.477
157.056 67.477
169.556 67.477
182.056 67.477
194.556 67.477
207.056 67.477
219.556 67.477
232.056 67.477
57.056 79.977
69.556 79.977
82.056 79.977
94.556 79.977
107.056 79.977
119.556 79.977
132.056 79.977
144.556 79.977
157.056 79.977
169.556 79.977
182.056 79.977
194.556 79.977
207.056 79.977
219.556 79.977
232.056 79.977
244.556 79.977
57.056 92.477
69.556 92.477
82.056 92.477
94.556 92.477
107.056 92.477
119.556 92.477
132.056 92.477
144.556 92.477
157.056 92.477
169.556 92.477
182.056 92.477
194.556 92.477
207.056 92.477
219.556 92.477
232.056 92.477
244.556 92.477
44.556 104.977
57.056 104.977
69.556 104.977
82.056 104.977
94.556 104.977
107.056 104.977
119.556 104.977
132.056 104.977
144.556 104.977
157.056 104.977
169.556 104.977
182.056 104.977
194.556 104.977
207.056 104.977
219.556 104.977
232.056 104.977
244.556 104.977
257.056 104.977
44.556 117.477
57.056 117.477
69.556 117.477
82.056 117.477
94.556 117.477
107.056 117.477
119.556 117.477
132.056 117.477
144.556 117.477
157.056 117.477
169.556 117.477
182.056 117.477
194.556 117.477
207.056 117.477
219.556 117.477
232.056 117.477
244.556 117.477
257.056 117.477
44.556 129.977
57.056 129.977
69.556 129.977
82.056 129.977
94.556 129.977
107.056 129.977
119.556 129.977
132.056 129.977
144.556 129.977
157.056 129.977
169.556 129.977
182.056 129.977
194.556 129.977
207.056 129.977
219.556 129.977
232.056 129.977
244.556 129.977
257.056 129.977
32.056 142.477
44.556 142.477
57.056 142.477
69.556 142.477
82.056 142.477
94.556 142.477
107.056 142.477
119.556 142.477
132.056 142.477
144.556 142.477
157.056 142.477
169.556 142.477
182.056 142.477
194.556 142.477
207.056 142.477
219.556 142.477
232.056 142.477
244.556 142.477
257.056 142.477
269.556 142.477
32.056 154.977
44.556 154.977
57.056 154.977
69.556 154.977
82.056 154.977
94.556 154.977
107.056 154.977
119.556 154.977
132.056 154.977
144.556 154.977
157.056 154.977
169.556 154.977
182.056 154.977
194.556 154.977
207.056 154.977
219.556 154.977
232.056 154.977
244.556 154.977
257.056 154.977
269.556 154.977
44.556 167.477
57.056 167.477
69.556 167.477
82.056 167.477
94.556 167.477
107.056 167.477
119.556 167.477
132.056 167.477
144.556 167.477
157.056 167.477
169.556 167.477
182.056 167.477
194.556 167.477
207.056 167.477
219.556 167.477
232.056 167.477
244.556 167.477
257.056 167.477
44.556 179.977
57.056 179.977
69.556 179.977
82.056 179.977
94.556 179.977
107.056 179.977
119.556 179.977
132.056 179.977
144.556 179.977
157.056 179.977
169.556 179.977
182.056 179.977
194.556 179.977
207.056 179.977
219.556 179.977
232.056 179.977
244.556 179.977
257.056 179.977
44.556 192.477
57.056 192.477
69.556 192.477
82.056 192.477
94.556 192.477
107.056 192.477
119.556 192.477
132.056 192.477
144.556 192.477
157.056 192.477
169.556 192.477
182.056 192.477
194.556 192.477
207.056 192.477
219.556 192.477
232.056 192.477
244.556 192.477
257.056 192.477
57.056 204.977
69.556 204.977
82.056 204.977
94.556 204.977
107.056 204.977
119.556 204.977
132.056 204.977
144.556 204.977
157.056 204.977
169.556 204.977
182.056 204.977
194.556 204.977
207.056 204.977
219.556 204.977
232.056 204.977
244.556 204.977
57.056 217.477
69.556 217.477
82.056 217.477
94.556 217.477
107.056 217.477
119.556 217.477
132.056 217.477
144.556 217.477
157.056 217.477
169.556 217.477
182.056 217.477
194.556 217.477
207.056 217.477
219.556 217.477
232.056 217.477
244.556 217.477
69.556 229.977
82.056 229.977
94.556 229.977
107.056 229.977
119.556 229.977
132.056 229.977
144.556 229.977
157.056 229.977
169.556 229.977
182.056 229.977
194.556 229.977
207.056 229.977
219.556 229.977
232.056 229.977
82.056 242.477
94.556 242.477
107.056 242.477
119.556 242.477
132.056 242.477
144.556 242.477
157.056 242.477
169.556 242.477
182.056 242.477
194.556 242.477
207.056 242.477
219.556 242.477
107.056 254.977
119.556 254.977
132.056 254.977
144.556 254.977
157.056 254.977
169.556 254.977
182.056 254.977
194.556 254.977
144.556 267.477
157.056 267.477
