142.997 34.002
155.726 34.029
105.571 46.405
117.955 46.219
130.616 46.361
142.966 46.274
155.722 46.285
167.940 46.249
180.600 46.344
193.024 46.297
80.684 58.855
92.911 58.970
105.620 58.907
117.981 58.930
130.667 58.841
143.064 59.047
155.738 59.006
168.047 58.914
180.643 58.885
193.028 59.045
205.690 58.951
217.983 59.019
68.101 71.131
80.542 71.205
92.933 71.054
105.509 71.323
118.108 71.153
130.507 71.261
143.065 71.083
155.683 71.205
167.938 71.221
180.638 71.319
193.017 71.271
205.640 71.270
218.052 71.221
230.622 71.312
55.536 83.825
67.895 83.861
80.794 83.926
93.078 84.011
105.580 83.992
118.037 83.999
130.645 83.787
143.040 83.888
155.780 83.920
168.063 83.987
180.832 83.960
193.134 83.922
205.786 83.926
218.086 83.937
230.738 83.864
243.050 84.032
55.609 96.172
67.962 96.037
80.615 96.215
92.928 96.095
105.737 96.351
117.932 96.094
130.679 96.124
142.991 95.981
155.740 96.269
167.957 96.101
180.639 96.228
193.180 96.062
205.776 96.262
218.013 96.073
230.669 96.279
243.113 96.156
42.991 108.931
55.633 108.745
67.984 108.943
80.709 108.812
92.955 108.980
105.724 108.852
117.971 108.878
130.663 108.768
143.047 108.950
155.756 108.835
168.074 108.892
180.683 108.828
192.979 108.950
205.866 108.751
218.038 109.022
230.870 108.862
242.955 109.059
255.629 108.832
42.949 120.945
55.749 121.131
68.010 121.053
80.581 121.133
92.974 121.083
105.715 121.228
118.075 120.939
130.707 121.135
143.011 121.068
155.716 121.167
168.060 121.069
180.722 121.057
193.119 120.989
205.604 121.072
217.893 120.960
230.536 121.211
243.121 121.051
255.689 121.200
43.047 133.841
55.612 133.779
67.924 133.805
80.444 133.822
92.989 133.846
105.600 133.777
118.038 133.812
130.515 133.855
143.014 133.809
155.695 133.785
168.039 133.937
180.679 133.846
192.987 133.878
205.736 133.744
218.052 134.028
230.676 133.834
243.000 133.997
255.750 133.805
30.754 146.123
43.024 146.002
55.717 146.081
67.990 146.044
80.670 146.103
92.955 146.055
105.704 146.128
117.892 146.111
130.777 146.095
143.094 146.107
155.721 146.119
168.035 146.131
180.756 146.167
192.981 146.088
205.721 146.088
217.978 145.940
230.734 146.112
242.958 145.985
255.774 146.185
268.046 145.944
30.702 158.830
43.056 158.857
55.660 158.654
67.986 158.870
80.714 158.727
93.042 158.881
105.803 158.877
118.014 158.933
130.658 158.817
143.045 158.911
155.649 158.749
168.051 158.996
180.658 158.719
192.982 158.913
205.738 158.804
218.102 158.838
230.789 158.798
243.105 158.786
255.812 158.757
268.127 158.877
42.951 170.966
55.750 171.093
67.973 170.976
80.756 171.190
93.081 171.003
105.732 171.129
118.054 170.995
130.665 171.128
143.011 170.941
155.803 171.149
168.092 170.997
180.823 171.093
192.988 170.911
205.794 171.206
217.946 170.952
230.754 171.190
242.908 170.966
255.783 171.193
42.991 183.788
55.654 183.744
67.892 183.751
80.663 183.667
93.073 183.766
105.772 183.744
117.982 183.743
130.811 183.759
143.088 183.869
155.690 183.608
168.096 183.715
180.634 183.759
193.071 183.858
205.730 183.772
218.007 183.830
230.828 183.795
242.976 183.764
255.690 183.604
42.950 196.042
55.722 196.037
67.964 195.933
80.828 196.023
92.992 196.021
105.742 195.967
117.938 195.999
130.834 195.934
143.033 195.907
155.752 196.115
168.094 196.024
180.809 196.016
192.940 196.144
205.770 196.067
217.866 195.985
230.817 195.991
243.078 195.894
255.797 195.984
55.655 208.580
68.066 208.631
80.700 208.588
93.069 208.550
105.749 208.497
118.037 208.686
130.547 208.551
143.035 208.690
155.753 208.655
168.041 208.641
180.791 208.602
193.029 208.690
205.715 208.664
218.116 208.780
230.699 208.713
243.078 208.803
55.809 221.059
67.981 221.112
80.731 221.137
93.005 221.164
105.813 220.906
117.922 221.000
130.756 220.971
143.017 221.055
155.941 221.015
168.036 221.022
180.824 221.083
192.948 220.872
205.900 220.907
218.073 221.087
230.874 220.997
243.033 220.933
67.923 233.537
80.689 233.433
92.974 233.448
105.734 233.503
118.060 233.397
130.794 233.385
142.933 233.591
155.741 233.548
168.057 233.505
180.721 233.460
192.969 233.602
205.729 233.609
218.044 233.630
230.743 233.654
80.810 246.039
93.027 245.958
105.824 246.074
117.847 246.003
130.921 246.041
142.940 245.985
155.760 246.068
167.980 246.073
180.845 245.977
192.972 246.022
205.907 246.029
217.989 246.048
105.725 258.371
118.101 258.353
130.821 258.335
143.001 258.364
155.773 258.407
168.087 258.452
180.719 258.502
193.114 258.436
143.013 271.087
155.823 270.998
