144.558 29.982
157.058 29.982
107.058 42.482
119.558 42.482
132.058 42.482
144.558 42.482
157.058 42.482
169.558 42.482
182.058 42.482
194.558 42.482
82.058 54.982
94.558 54.982
107.058 54.982
119.558 54.982
132.058 54.982
144.558 54.982
157.058 54.982
169.558 54.982
182.058 54.982
194.558 54.982
207.058 54.982
219.558 54.982
69.558 67.482
82.058 67.482
94.558 67.482
107.058 67.482
119.558 67.482
132.058 67.482
144.558 67.482
157.058 67.482
169.558 67.482
182.058 67.482
194.558 67.482
207.058 67.482
219.558 67.482
232.058 67.482
57.058 79.982
69.558 79.982
82.058 79.982
94.558 79.982
107.058 79.982
119.558 79.982
132.058 79.982
144.558 79.982
157.058 79.982
169.558 79.982
182.058 79.982
194.558 79.982
207.058 79.982
219.558 79.982
232.058 79.982
244.558 79.982
57.058 92.482
69.558 92.482
82.058 92.482
94.558 92.482
107.058 92.482
119.558 92.482
132.058 92.482
144.558 92.482
157.058 92.482
169.558 92.482
182.058 92.482
194.558 92.482
207.058 92.482
219.558 92.482
232.058 92.482
244.558 92.482
44.558 104.982
57.058 104.982
69.558 104.982
82.058 104.982
94.558 104.982
107.058 104.982
119.558 104.982
132.058 104.982
144.558 104.982
157.058 104.982
169.558 104.982
182.058 104.982
194.558 104.982
207.058 104.982
219.558 104.982
232.058 104.982
244.558 104.982
257.058 104.982
44.558 117.482
57.058 117.482
69.558 117.482
82.058 117.482
94.558 117.482
107.058 117.482
119.558 117.482
132.058 117.482
144.558 117.482
157.058 117.482
169.558 117.482
182.058 117.482
194.558 117.482
207.058 117.482
219.558 117.482
232.058 117.482
244.558 117.482
257.058 117.482
44.558 129.982
57.058 129.982
69.558 129.982
82.058 129.982
94.558 129.982
107.058 129.982
119.558 129.982
132.058 129.982
144.558 129.982
157.058 129.982
169.558 129.982
182.058 129.982
194.558 129.982
207.058 129.982
219.558 129.982
232.058 129.982
244.558 129.982
257.058 129.982
32.058 142.482
44.558 142.482
57.058 142.482
69.558 142.482
82.058 142.482
94.558 142.482
107.058 142.482
119.558 142.482
132.058 142.482
144.558 142.482
157.058 142.482
169.558 142.482
182.058 142.482
194.558 142.482
207.058 142.482
219.558 142.482
232.058 142.482
244.558 142.482
257.058 142.482
269.558 142.482
32.058 154.982
44.558 154.982
57.058 154.982
69.558 154.982
82.058 154.982
94.558 154.982
107.058 154.982
119.558 154.982
132.058 154.982
144.558 154.982
157.058 154.982
169.558 154.982
182.058 154.982
194.558 154.982
207.058 154.982
219.558 154.982
232.058 154.982
244.558 154.982
257.058 154.982
269.558 154.982
44.558 167.482
57.058 167.482
69.558 167.482
82.058 167.482
94.558 167.482
107.058 167.482
119.558 167.482
132.058 167.482
144.558 167.482
157.058 167.482
169.558 167.482
182.058 167.482
194.558 167.482
207.058 167.482
219.558 167.482
232.058 167.482
244.558 167.482
257.058 167.482
44.558 179.982
57.058 179.982
69.558 179.982
82.058 179.982
94.558 179.982
107.058 179.982
119.558 179.982
132.058 179.982
144.558 179.982
157.058 179.982
169.558 179.982
182.058 179.982
194.558 179.982
207.058 179.982
219.558 179.982
232.058 179.982
244.558 179.982
257.058 179.982
44.558 192.482
57.058 192.482
69.558 192.482
82.058 192.482
94.558 192.482
107.058 192.482
119.558 192.482
132.058 192.482
144.558 192.482
157.058 192.482
169.558 192.482
182.058 192.482
194.558 192.482
207.058 192.482
219.558 192.482
232.058 192.482
244.558 192.482
257.058 192.482
57.058 204.982
69.558 204.982
82.058 204.982
94.558 204.982
107.058 204.982
119.558 204.982
132.058 204.982
144.558 204.982
157.058 204.982
169.558 204.982
182.058 204.982
194.558 204.982
207.058 204.982
219.558 204.982
232.058 204.982
244.558 204.982
57.058 217.482
69.558 217.482
82.058 217.482
94.558 217.482
107.058 217.482
119.558 217.482
132.058 217.482
144.558 217.482
157.058 217.482
169.558 217.482
182.058 217.482
194.558 217.482
207.058 217.482
219.558 217.482
232.058 217.482
244.558 217.482
69.558 229.982
82.058 229.982
94.558 229.982
107.058 229.982
119.558 229.982
132.058 229.982
144.558 229.982
157.058 229.982
169.558 229.982
182.058 229.982
194.558 229.982
207.058 229.982
219.558 229.982
232.058 229.982
82.058 242.482
94.558 242.482
107.058 242.482
119.558 242.482
132.058 242.482
144.558 242.482
157.058 242.482
169.558 242.482
182.058 242.482
194.558 242.482
207.058 242.482
219.558 242.482
107.058 254.982
119.558 254.982
132.058 254.982
144.558 254.982
157.058 254.982
169.558 254.982
182.058 254.982
194.558 254.982
144.558 267.482
157.058 267.482
