143.809 30.459
156.309 30.459
106.309 42.959
118.809 42.959
131.309 42.959
143.809 42.959
156.309 42.959
168.809 42.959
181.309 42.959
193.809 42.959
81.309 55.459
93.809 55.459
106.309 55.459
118.809 55.459
131.309 55.459
143.809 55.459
156.309 55.459
168.809 55.459
181.309 55.459
193.809 55.459
206.309 55.459
218.809 55.459
68.809 67.959
81.309 67.959
93.809 67.959
106.309 67.959
118.809 67.959
131.309 67.959
143.809 67.959
156.309 67.959
168.809 67.959
181.309 67.959
193.809 67.959
206.309 67.959
218.809 67.959
231.309 67.959
56.309 80.459
68.809 80.459
81.309 80.459
93.809 80.459
106.309 80.459
118.809 80.459
131.309 80.459
143.809 80.459
156.309 80.459
168.809 80.459
181.309 80.459
193.809 80.459
206.309 80.459
218.809 80.459
231.309 80.459
243.809 80.459
56.309 92.959
68.809 92.959
81.309 92.959
93.809 92.959
106.309 92.959
118.809 92.959
131.309 92.959
143.809 92.959
156.309 92.959
168.809 92.959
181.309 92.959
193.809 92.959
206.309 92.959
218.809 92.959
231.309 92.959
243.809 92.959
43.809 105.459
56.309 105.459
68.809 105.459
81.309 105.459
93.809 105.459
106.309 105.459
118.809 105.459
131.309 105.459
143.809 105.459
156.309 105.459
168.809 105.459
181.309 105.459
193.809 105.459
206.309 105.459
218.809 105.459
231.309 105.459
243.809 105.459
256.309 105.459
43.809 117.959
56.309 117.959
68.809 117.959
81.309 117.959
93.809 117.959
106.309 117.959
118.809 117.959
131.309 117.959
143.809 117.959
156.309 117.959
168.809 117.959
181.309 117.959
193.809 117.959
206.309 117.959
218.809 117.959
231.309 117.959
243.809 117.959
256.309 117.959
43.809 130.459
56.309 130.459
68.809 130.459
81.309 130.459
93.809 130.459
106.309 130.459
118.809 130.459
131.309 130.459
143.809 130.459
156.309 130.459
168.809 130.459
181.309 130.459
193.809 130.459
206.309 130.459
218.809 130.459
231.309 130.459
243.809 130.459
256.309 130.459
31.309 142.959
43.809 142.959
56.309 142.959
68.809 142.959
81.309 142.959
93.809 142.959
106.309 142.959
118.809 142.959
131.309 142.959
143.809 142.959
156.309 142.959
168.809 142.959
181.309 142.959
193.809 142.959
206.309 142.959
218.809 142.959
231.309 142.959
243.809 142.959
256.309 142.959
268.809 142.959
31.309 155.459
43.809 155.459
56.309 155.459
68.809 155.459
81.309 155.459
93.809 155.459
106.309 155.459
118.809 155.459
131.309 155.459
143.809 155.459
156.309 155.459
168.809 155.459
181.309 155.459
193.809 155.459
206.309 155.459
218.809 155.459
231.309 155.459
243.809 155.459
256.309 155.459
268.809 155.459
43.809 167.959
56.309 167.959
68.809 167.959
81.309 167.959
93.809 167.959
106.309 167.959
118.809 167.959
131.309 167.959
143.809 167.959
156.309 167.959
168.809 167.959
181.309 167.959
193.809 167.959
206.309 167.959
218.809 167.959
231.309 167.959
243.809 167.959
256.309 167.959
43.809 180.459
56.309 180.459
68.809 180.459
81.309 180.459
93.809 180.459
106.309 180.459
118.809 180.459
131.309 180.459
143.809 180.459
156.309 180.459
168.809 180.459
181.309 180.459
193.809 180.459
206.309 180.459
218.809 180.459
231.309 180.459
243.809 180.459
256.309 180.459
43.809 192.959
56.309 192.959
68.809 192.959
81.309 192.959
93.809 192.959
106.309 192.959
118.809 192.959
131.309 192.959
143.809 192.959
156.309 192.959
168.809 192.959
181.309 192.959
193.809 192.959
206.309 192.959
218.809 192.959
231.309 192.959
243.809 192.959
256.309 192.959
56.309 205.459
68.809 205.459
81.309 205.459
93.809 205.459
106.309 205.459
118.809 205.459
131.309 205.459
143.809 205.459
156.309 205.459
168.809 205.459
181.309 205.459
193.809 205.459
206.309 205.459
218.809 205.459
231.309 205.459
243.809 205.459
56.309 217.959
68.809 217.959
81.309 217.959
93.809 217.959
106.309 217.959
118.809 217.959
131.309 217.959
143.809 217.959
156.309 217.959
168.809 217.959
181.309 217.959
193.809 217.959
206.309 217.959
218.809 217.959
231.309 217.959
243.809 217.959
68.809 230.459
81.309 230.459
93.809 230.459
106.309 230.459
118.809 230.459
131.309 230.459
143.809 230.459
156.309 230.459
168.809 230.459
181.309 230.459
193.809 230.459
206.309 230.459
218.809 230.459
231.309 230.459
81.309 242.959
93.809 242.959
106.309 242.959
118.809 242.959
131.309 242.959
143.809 242.959
156.309 242.959
168.809 242.959
181.309 242.959
193.809 242.959
206.309 242.959
218.809 242.959
106.309 255.459
118.809 255.459
131.309 255.459
143.809 255.459
156.309 255.459
168.809 255.459
181.309 255.459
193.809 255.459
143.809 267.959
156.309 267.959
