143.064 33.983
155.688 33.957
105.568 46.378
117.929 46.293
130.636 46.337
143.092 46.151
155.614 46.330
167.995 46.219
180.704 46.303
193.084 46.340
80.723 58.932
93.035 58.984
105.471 59.004
117.981 58.846
130.724 59.009
142.948 59.078
155.714 59.055
168.021 58.942
180.803 59.042
192.960 58.910
205.911 58.917
218.072 58.952
68.026 71.104
80.693 71.178
93.089 71.257
105.628 71.331
118.050 71.154
130.656 71.326
142.933 71.134
155.618 71.306
168.140 71.153
180.664 71.231
193.049 71.156
205.794 71.157
218.071 71.168
230.706 71.299
55.704 83.917
67.934 83.976
80.804 83.808
92.995 84.069
105.660 83.953
118.112 83.931
130.777 83.961
142.947 84.082
155.858 83.842
167.962 83.944
180.787 83.732
193.033 83.984
205.807 84.001
217.998 84.058
230.797 83.881
243.139 83.949
55.733 96.163
68.128 96.005
80.672 96.229
93.001 96.082
105.710 96.234
117.942 96.048
130.687 96.289
142.996 96.150
155.652 96.193
168.059 96.172
180.686 96.161
193.031 95.979
205.607 96.238
218.090 96.256
230.668 96.282
243.094 96.217
42.989 108.985
55.537 108.780
67.978 108.955
80.748 108.922
93.114 108.970
105.601 108.754
117.996 108.903
130.747 108.845
143.002 108.903
155.680 108.921
167.991 108.823
180.778 108.884
192.946 109.013
205.838 108.950
218.034 109.014
230.771 108.785
243.096 109.040
255.745 108.891
42.983 120.989
55.744 121.096
67.960 121.003
80.748 121.187
93.016 121.091
105.656 121.181
117.992 120.943
130.622 121.134
142.974 121.033
155.690 121.199
168.185 121.003
180.640 121.253
193.093 120.986
205.739 121.113
218.072 121.003
230.707 121.074
243.049 121.040
255.641 121.180
43.026 133.907
55.701 133.689
67.969 133.774
80.648 133.858
92.970 133.983
105.749 133.830
117.969 133.839
130.634 133.776
142.987 133.914
155.646 133.830
168.107 133.919
180.742 133.740
192.963 134.009
205.755 133.848
218.059 134.002
230.799 133.860
242.995 133.924
255.873 133.772
30.739 146.020
42.899 145.978
55.800 146.071
67.898 146.069
80.689 146.037
92.875 146.017
105.755 145.992
118.065 146.034
130.652 146.132
143.083 146.123
155.731 146.053
168.072 146.053
180.806 146.062
193.046 146.016
205.752 146.060
217.980 146.049
230.794 146.092
243.208 145.970
255.851 146.131
268.090 145.987
30.616 158.730
43.030 158.927
55.673 158.770
68.068 158.817
80.621 158.745
92.956 158.845
105.708 158.758
117.991 158.863
130.754 158.744
142.984 158.793
155.653 158.733
167.967 158.935
180.796 158.845
193.021 158.907
205.833 158.938
218.135 158.857
230.689 158.766
243.083 158.888
255.680 158.890
267.973 158.876
42.945 171.031
55.646 171.075
67.922 171.075
80.664 171.017
93.040 171.008
105.749 171.006
117.976 171.034
130.849 171.011
143.010 171.027
155.630 171.069
168.056 171.040
180.862 171.069
193.018 171.158
205.720 170.948
218.126 170.899
230.927 171.064
242.904 171.010
255.771 171.123
43.070 183.637
55.709 183.709
67.985 183.642
80.708 183.659
93.046 183.951
105.661 183.725
118.044 183.594
130.697 183.594
142.912 183.744
155.617 183.475
168.017 183.683
180.686 183.741
193.049 183.836
205.755 183.781
218.042 183.887
230.768 183.856
242.965 183.908
255.564 183.734
42.969 195.925
55.808 195.986
67.954 196.034
80.820 195.908
93.048 196.109
105.970 196.050
118.017 196.168
130.830 195.972
142.917 196.003
155.790 196.019
167.976 195.862
180.892 196.052
193.130 195.979
205.826 195.938
218.003 196.009
230.787 196.080
242.987 195.982
255.787 196.036
55.697 208.676
68.034 208.380
80.743 208.668
93.195 208.652
105.752 208.720
118.080 208.704
130.737 208.531
143.052 208.689
155.717 208.681
168.012 208.683
180.808 208.713
193.121 208.813
205.750 208.588
218.189 208.754
230.757 208.717
243.107 208.744
55.861 220.943
67.866 221.042
80.797 220.957
93.000 220.965
105.740 220.986
118.029 221.023
130.952 221.051
143.056 220.969
155.898 221.102
168.010 221.022
180.724 220.989
193.025 220.977
205.922 221.097
218.055 220.926
230.858 221.008
243.016 220.992
68.107 233.650
80.745 233.427
93.083 233.483
105.796 233.512
118.070 233.632
130.687 233.635
143.102 233.486
155.778 233.611
168.063 233.486
180.813 233.591
193.163 233.585
205.797 233.556
218.065 233.570
230.707 233.564
80.756 246.039
92.959 246.065
105.885 246.030
117.905 245.985
130.834 246.045
142.893 245.975
155.819 246.022
168.008 246.052
180.900 246.012
192.959 246.019
205.870 246.009
217.941 246.088
105.703 258.358
117.973 258.401
130.653 258.481
143.115 258.485
155.713 258.480
168.125 258.461
180.679 258.477
193.156 258.400
143.030 271.013
155.849 270.983
