143.750 19.250
156.250 19.250
106.250 31.750
118.750 31.750
131.250 31.750
143.750 31.750
156.250 31.750
168.750 31.750
181.250 31.750
193.750 31.750
81.250 44.250
93.750 44.250
106.250 44.250
118.750 44.250
131.250 44.250
143.750 44.250
156.250 44.250
168.750 44.250
181.250 44.250
193.750 44.250
206.250 44.250
218.750 44.250
68.750 56.750
81.250 56.750
93.750 56.750
106.250 56.750
118.750 56.750
131.250 56.750
143.750 56.750
156.250 56.750
168.750 56.750
181.250 56.750
193.750 56.750
206.250 56.750
218.750 56.750
231.250 56.750
56.250 69.250
68.750 69.250
81.250 69.250
93.750 69.250
106.250 69.250
118.750 69.250
131.250 69.250
143.750 69.250
156.250 69.250
168.750 69.250
181.250 69.250
193.750 69.250
206.250 69.250
218.750 69.250
231.250 69.250
243.750 69.250
56.250 81.750
68.750 81.750
81.250 81.750
93.750 81.750
106.250 81.750
118.750 81.750
131.250 81.750
143.750 81.750
156.250 81.750
168.750 81.750
181.250 81.750
193.750 81.750
206.250 81.750
218.750 81.750
231.250 81.750
243.750 81.750
43.750 94.250
56.250 94.250
68.750 94.250
81.250 94.250
93.750 94.250
106.250 94.250
118.750 94.250
131.250 94.250
143.750 94.250
156.250 94.250
168.750 94.250
181.250 94.250
193.750 94.250
206.250 94.250
218.750 94.250
231.250 94.250
243.750 94.250
256.250 94.250
43.750 106.750
56.250 106.750
68.750 106.750
81.250 106.750
93.750 106.750
106.250 106.750
118.750 106.750
131.250 106.750
143.750 106.750
156.250 106.750
168.750 106.750
181.250 106.750
193.750 106.750
206.250 106.750
218.750 106.750
231.250 106.750
243.750 106.750
256.250 106.750
43.750 119.250
56.250 119.250
68.750 119.250
81.250 119.250
93.750 119.250
106.250 119.250
118.750 119.250
131.250 119.250
143.750 119.250
156.250 119.250
168.750 119.250
181.250 119.250
193.750 119.250
206.250 119.250
218.750 119.250
231.250 119.250
243.750 119.250
256.250 119.250
31.250 131.750
43.750 131.750
56.250 131.750
68.750 131.750
81.250 131.750
93.750 131.750
106.250 131.750
118.750 131.750
131.250 131.750
143.750 131.750
156.250 131.750
168.750 131.750
181.250 131.750
193.750 131.750
206.250 131.750
218.750 131.750
231.250 131.750
243.750 131.750
256.250 131.750
268.750 131.750
31.250 144.250
43.750 144.250
56.250 144.250
68.750 144.250
81.250 144.250
93.750 144.250
106.250 144.250
118.750 144.250
131.250 144.250
143.750 144.250
156.250 144.250
168.750 144.250
181.250 144.250
193.750 144.250
206.250 144.250
218.750 144.250
231.250 144.250
243.750 144.250
256.250 144.250
268.750 144.250
43.750 156.750
56.250 156.750
68.750 156.750
81.250 156.750
93.750 156.750
106.250 156.750
118.750 156.750
131.250 156.750
143.750 156.750
156.250 156.750
168.750 156.750
181.250 156.750
193.750 156.750
206.250 156.750
218.750 156.750
231.250 156.750
243.750 156.750
256.250 156.750
43.750 169.250
56.250 169.250
68.750 169.250
81.250 169.250
93.750 169.250
106.250 169.250
118.750 169.250
131.250 169.250
143.750 169.250
156.250 169.250
168.750 169.250
181.250 169.250
193.750 169.250
206.250 169.250
218.750 169.250
231.250 169.250
243.750 169.250
256.250 169.250
43.750 181.750
56.250 181.750
68.750 181.750
81.250 181.750
93.750 181.750
106.250 181.750
118.750 181.750
131.250 181.750
143.750 181.750
156.250 181.750
168.750 181.750
181.250 181.750
193.750 181.750
206.250 181.750
218.750 181.750
231.250 181.750
243.750 181.750
256.250 181.750
56.250 194.250
68.750 194.250
81.250 194.250
93.750 194.250
106.250 194.250
118.750 194.250
131.250 194.250
143.750 194.250
156.250 194.250
168.750 194.250
181.250 194.250
193.750 194.250
206.250 194.250
218.750 194.250
231.250 194.250
243.750 194.250
56.250 206.750
68.750 206.750
81.250 206.750
93.750 206.750
106.250 206.750
118.750 206.750
131.250 206.750
143.750 206.750
156.250 206.750
168.750 206.750
181.250 206.750
193.750 206.750
206.250 206.750
218.750 206.750
231.250 206.750
243.750 206.750
68.750 219.250
81.250 219.250
93.750 219.250
106.250 219.250
118.750 219.250
131.250 219.250
143.750 219.250
156.250 219.250
168.750 219.250
181.250 219.250
193.750 219.250
206.250 219.250
218.750 219.250
231.250 219.250
81.250 231.750
93.750 231.750
106.250 231.750
118.750 231.750
131.250 231.750
143.750 231.750
156.250 231.750
168.750 231.750
181.250 231.750
193.750 231.750
206.250 231.750
218.750 231.750
106.250 244.250
118.750 244.250
131.250 244.250
143.750 244.250
156.250 244.250
168.750 244.250
181.250 244.250
193.750 244.250
143.750 256.750
156.250 256.750
