1.447879530233788046e+02 3.198801396628421401e+01
1.572879530233788046e+02 3.198801396628421401e+01
1.072879530233788046e+02 4.448801396628419980e+01
1.197879530233788046e+02 4.448801396628419980e+01
1.322879530233788046e+02 4.448801396628419980e+01
1.447879530233788046e+02 4.448801396628419980e+01
1.572879530233788046e+02 4.448801396628419980e+01
1.697879530233788046e+02 4.448801396628419980e+01
1.822879530233788046e+02 4.448801396628419980e+01
1.947879530233788046e+02 4.448801396628419980e+01
8.228795302337880457e+01 5.698801396628419980e+01
9.478795302337880457e+01 5.698801396628419980e+01
1.072879530233788046e+02 5.698801396628419980e+01
1.197879530233788046e+02 5.698801396628419980e+01
1.322879530233788046e+02 5.698801396628419980e+01
1.447879530233788046e+02 5.698801396628419980e+01
1.572879530233788046e+02 5.698801396628419980e+01
1.697879530233788046e+02 5.698801396628419980e+01
1.822879530233788046e+02 5.698801396628419980e+01
1.947879530233788046e+02 5.698801396628419980e+01
2.072879530233788046e+02 5.698801396628419980e+01
2.197879530233788046e+02 5.698801396628419980e+01
6.978795302337880457e+01 6.948801396628419980e+01
8.228795302337880457e+01 6.948801396628419980e+01
9.478795302337880457e+01 6.948801396628419980e+01
1.072879530233788046e+02 6.948801396628419980e+01
1.197879530233788046e+02 6.948801396628419980e+01
1.322879530233788046e+02 6.948801396628419980e+01
1.447879530233788046e+02 6.948801396628419980e+01
1.572879530233788046e+02 6.948801396628419980e+01
1.697879530233788046e+02 6.948801396628419980e+01
1.822879530233788046e+02 6.948801396628419980e+01
1.947879530233788046e+02 6.948801396628419980e+01
2.072879530233788046e+02 6.948801396628419980e+01
2.197879530233788046e+02 6.948801396628419980e+01
2.322879530233788046e+02 6.948801396628419980e+01
5.728795302337880457e+01 8.198801396628419980e+01
6.978795302337880457e+01 8.198801396628419980e+01
8.228795302337880457e+01 8.198801396628419980e+01
9.478795302337880457e+01 8.198801396628419980e+01
1.072879530233788046e+02 8.198801396628419980e+01
1.197879530233788046e+02 8.198801396628419980e+01
1.322879530233788046e+02 8.198801396628419980e+01
1.447879530233788046e+02 8.198801396628419980e+01
1.572879530233788046e+02 8.198801396628419980e+01
1.697879530233788046e+02 8.198801396628419980e+01
1.822879530233788046e+02 8.198801396628419980e+01
1.947879530233788046e+02 8.198801396628419980e+01
2.072879530233788046e+02 8.198801396628419980e+01
2.197879530233788046e+02 8.198801396628419980e+01
2.322879530233788046e+02 8.198801396628419980e+01
2.447879530233788046e+02 8.198801396628419980e+01
5.728795302337880457e+01 9.448801396628419980e+01
6.978795302337880457e+01 9.448801396628419980e+01
8.228795302337880457e+01 9.448801396628419980e+01
9.478795302337880457e+01 9.448801396628419980e+01
1.072879530233788046e+02 9.448801396628419980e+01
1.197879530233788046e+02 9.448801396628419980e+01
1.322879530233788046e+02 9.448801396628419980e+01
1.447879530233788046e+02 9.448801396628419980e+01
1.572879530233788046e+02 9.448801396628419980e+01
1.697879530233788046e+02 9.448801396628419980e+01
1.822879530233788046e+02 9.448801396628419980e+01
1.947879530233788046e+02 9.448801396628419980e+01
2.072879530233788046e+02 9.448801396628419980e+01
2.197879530233788046e+02 9.448801396628419980e+01
2.322879530233788046e+02 9.448801396628419980e+01
2.447879530233788046e+02 9.448801396628419980e+01
4.478795302337880457e+01 1.069880139662841998e+02
5.728795302337880457e+01 1.069880139662841998e+02
6.978795302337880457e+01 1.069880139662841998e+02
8.228795302337880457e+01 1.069880139662841998e+02
9.478795302337880457e+01 1.069880139662841998e+02
1.072879530233788046e+02 1.069880139662841998e+02
1.197879530233788046e+02 1.069880139662841998e+02
1.322879530233788046e+02 1.069880139662841998e+02
1.447879530233788046e+02 1.069880139662841998e+02
1.572879530233788046e+02 1.069880139662841998e+02
1.697879530233788046e+02 1.069880139662841998e+02
1.822879530233788046e+02 1.069880139662841998e+02
1.947879530233788046e+02 1.069880139662841998e+02
2.072879530233788046e+02 1.069880139662841998e+02
2.197879530233788046e+02 1.069880139662841998e+02
2.322879530233788046e+02 1.069880139662841998e+02
2.447879530233788046e+02 1.069880139662841998e+02
2.572879530233788046e+02 1.069880139662841998e+02
4.478795302337880457e+01 1.194880139662841998e+02
5.728795302337880457e+01 1.194880139662841998e+02
6.978795302337880457e+01 1.194880139662841998e+02
8.228795302337880457e+01 1.194880139662841998e+02
9.478795302337880457e+01 1.194880139662841998e+02
1.072879530233788046e+02 1.194880139662841998e+02
1.197879530233788046e+02 1.194880139662841998e+02
1.322879530233788046e+02 1.194880139662841998e+02
1.447879530233788046e+02 1.194880139662841998e+02
1.572879530233788046e+02 1.194880139662841998e+02
1.697879530233788046e+02 1.194880139662841998e+02
1.822879530233788046e+02 1.194880139662841998e+02
1.947879530233788046e+02 1.194880139662841998e+02
2.072879530233788046e+02 1.194880139662841998e+02
2.197879530233788046e+02 1.194880139662841998e+02
2.322879530233788046e+02 1.194880139662841998e+02
2.447879530233788046e+02 1.194880139662841998e+02
2.572879530233788046e+02 1.194880139662841998e+02
4.478795302337880457e+01 1.319880139662841998e+02
5.728795302337880457e+01 1.319880139662841998e+02
6.978795302337880457e+01 1.319880139662841998e+02
8.228795302337880457e+01 1.319880139662841998e+02
9.478795302337880457e+01 1.319880139662841998e+02
1.072879530233788046e+02 1.319880139662841998e+02
1.197879530233788046e+02 1.319880139662841998e+02
1.322879530233788046e+02 1.319880139662841998e+02
1.447879530233788046e+02 1.319880139662841998e+02
1.572879530233788046e+02 1.319880139662841998e+02
1.697879530233788046e+02 1.319880139662841998e+02
1.822879530233788046e+02 1.319880139662841998e+02
1.947879530233788046e+02 1.319880139662841998e+02
2.072879530233788046e+02 1.319880139662841998e+02
2.197879530233788046e+02 1.319880139662841998e+02
2.322879530233788046e+02 1.319880139662841998e+02
2.447879530233788046e+02 1.319880139662841998e+02
2.572879530233788046e+02 1.319880139662841998e+02
3.228795302337881878e+01 1.444880139662841998e+02
4.478795302337880457e+01 1.444880139662841998e+02
5.728795302337880457e+01 1.444880139662841998e+02
6.978795302337880457e+01 1.444880139662841998e+02
8.228795302337880457e+01 1.444880139662841998e+02
9.478795302337880457e+01 1.444880139662841998e+02
1.072879530233788046e+02 1.444880139662841998e+02
1.197879530233788046e+02 1.444880139662841998e+02
1.322879530233788046e+02 1.444880139662841998e+02
1.447879530233788046e+02 1.444880139662841998e+02
1.572879530233788046e+02 1.444880139662841998e+02
1.697879530233788046e+02 1.444880139662841998e+02
1.822879530233788046e+02 1.444880139662841998e+02
1.947879530233788046e+02 1.444880139662841998e+02
2.072879530233788046e+02 1.444880139662841998e+02
2.197879530233788046e+02 1.444880139662841998e+02
2.322879530233788046e+02 1.444880139662841998e+02
2.447879530233788046e+02 1.444880139662841998e+02
2.572879530233788046e+02 1.444880139662841998e+02
2.697879530233788046e+02 1.444880139662841998e+02
3.228795302337881878e+01 1.569880139662841998e+02
4.478795302337880457e+01 1.569880139662841998e+02
5.728795302337880457e+01 1.569880139662841998e+02
6.978795302337880457e+01 1.569880139662841998e+02
8.228795302337880457e+01 1.569880139662841998e+02
9.478795302337880457e+01 1.569880139662841998e+02
1.072879530233788046e+02 1.569880139662841998e+02
1.197879530233788046e+02 1.569880139662841998e+02
1.322879530233788046e+02 1.569880139662841998e+02
1.447879530233788046e+02 1.569880139662841998e+02
1.572879530233788046e+02 1.569880139662841998e+02
1.697879530233788046e+02 1.569880139662841998e+02
1.822879530233788046e+02 1.569880139662841998e+02
1.947879530233788046e+02 1.569880139662841998e+02
2.072879530233788046e+02 1.569880139662841998e+02
2.197879530233788046e+02 1.569880139662841998e+02
2.322879530233788046e+02 1.569880139662841998e+02
2.447879530233788046e+02 1.569880139662841998e+02
2.572879530233788046e+02 1.569880139662841998e+02
2.697879530233788046e+02 1.569880139662841998e+02
4.478795302337880457e+01 1.694880139662841998e+02
5.728795302337880457e+01 1.694880139662841998e+02
6.978795302337880457e+01 1.694880139662841998e+02
8.228795302337880457e+01 1.694880139662841998e+02
9.478795302337880457e+01 1.694880139662841998e+02
1.072879530233788046e+02 1.694880139662841998e+02
1.197879530233788046e+02 1.694880139662841998e+02
1.322879530233788046e+02 1.694880139662841998e+02
1.447879530233788046e+02 1.694880139662841998e+02
1.572879530233788046e+02 1.694880139662841998e+02
1.697879530233788046e+02 1.694880139662841998e+02
1.822879530233788046e+02 1.694880139662841998e+02
1.947879530233788046e+02 1.694880139662841998e+02
2.072879530233788046e+02 1.694880139662841998e+02
2.197879530233788046e+02 1.694880139662841998e+02
2.322879530233788046e+02 1.694880139662841998e+02
2.447879530233788046e+02 1.694880139662841998e+02
2.572879530233788046e+02 1.694880139662841998e+02
4.478795302337880457e+01 1.819880139662841998e+02
5.728795302337880457e+01 1.819880139662841998e+02
6.978795302337880457e+01 1.819880139662841998e+02
8.228795302337880457e+01 1.819880139662841998e+02
9.478795302337880457e+01 1.819880139662841998e+02
1.072879530233788046e+02 1.819880139662841998e+02
1.197879530233788046e+02 1.819880139662841998e+02
1.322879530233788046e+02 1.819880139662841998e+02
1.447879530233788046e+02 1.819880139662841998e+02
1.572879530233788046e+02 1.819880139662841998e+02
1.697879530233788046e+02 1.819880139662841998e+02
1.822879530233788046e+02 1.819880139662841998e+02
1.947879530233788046e+02 1.819880139662841998e+02
2.072879530233788046e+02 1.819880139662841998e+02
2.197879530233788046e+02 1.819880139662841998e+02
2.322879530233788046e+02 1.819880139662841998e+02
2.447879530233788046e+02 1.819880139662841998e+02
2.572879530233788046e+02 1.819880139662841998e+02
4.478795302337880457e+01 1.944880139662841998e+02
5.728795302337880457e+01 1.944880139662841998e+02
6.978795302337880457e+01 1.944880139662841998e+02
8.228795302337880457e+01 1.944880139662841998e+02
9.478795302337880457e+01 1.944880139662841998e+02
1.072879530233788046e+02 1.944880139662841998e+02
1.197879530233788046e+02 1.944880139662841998e+02
1.322879530233788046e+02 1.944880139662841998e+02
1.447879530233788046e+02 1.944880139662841998e+02
1.572879530233788046e+02 1.944880139662841998e+02
1.697879530233788046e+02 1.944880139662841998e+02
1.822879530233788046e+02 1.944880139662841998e+02
1.947879530233788046e+02 1.944880139662841998e+02
2.072879530233788046e+02 1.944880139662841998e+02
2.197879530233788046e+02 1.944880139662841998e+02
2.322879530233788046e+02 1.944880139662841998e+02
2.447879530233788046e+02 1.944880139662841998e+02
2.572879530233788046e+02 1.944880139662841998e+02
5.728795302337880457e+01 2.069880139662841998e+02
6.978795302337880457e+01 2.069880139662841998e+02
8.228795302337880457e+01 2.069880139662841998e+02
9.478795302337880457e+01 2.069880139662841998e+02
1.072879530233788046e+02 2.069880139662841998e+02
1.197879530233788046e+02 2.069880139662841998e+02
1.322879530233788046e+02 2.069880139662841998e+02
1.447879530233788046e+02 2.069880139662841998e+02
1.572879530233788046e+02 2.069880139662841998e+02
1.697879530233788046e+02 2.069880139662841998e+02
1.822879530233788046e+02 2.069880139662841998e+02
1.947879530233788046e+02 2.069880139662841998e+02
2.072879530233788046e+02 2.069880139662841998e+02
2.197879530233788046e+02 2.069880139662841998e+02
2.322879530233788046e+02 2.069880139662841998e+02
2.447879530233788046e+02 2.069880139662841998e+02
5.728795302337880457e+01 2.194880139662841998e+02
6.978795302337880457e+01 2.194880139662841998e+02
8.228795302337880457e+01 2.194880139662841998e+02
9.478795302337880457e+01 2.194880139662841998e+02
1.072879530233788046e+02 2.194880139662841998e+02
1.197879530233788046e+02 2.194880139662841998e+02
1.322879530233788046e+02 2.194880139662841998e+02
1.447879530233788046e+02 2.194880139662841998e+02
1.572879530233788046e+02 2.194880139662841998e+02
1.697879530233788046e+02 2.194880139662841998e+02
1.822879530233788046e+02 2.194880139662841998e+02
1.947879530233788046e+02 2.194880139662841998e+02
2.072879530233788046e+02 2.194880139662841998e+02
2.197879530233788046e+02 2.194880139662841998e+02
2.322879530233788046e+02 2.194880139662841998e+02
2.447879530233788046e+02 2.194880139662841998e+02
6.978795302337880457e+01 2.319880139662841998e+02
8.228795302337880457e+01 2.319880139662841998e+02
9.478795302337880457e+01 2.319880139662841998e+02
1.072879530233788046e+02 2.319880139662841998e+02
1.197879530233788046e+02 2.319880139662841998e+02
1.322879530233788046e+02 2.319880139662841998e+02
1.447879530233788046e+02 2.319880139662841998e+02
1.572879530233788046e+02 2.319880139662841998e+02
1.697879530233788046e+02 2.319880139662841998e+02
1.822879530233788046e+02 2.319880139662841998e+02
1.947879530233788046e+02 2.319880139662841998e+02
2.072879530233788046e+02 2.319880139662841998e+02
2.197879530233788046e+02 2.319880139662841998e+02
2.322879530233788046e+02 2.319880139662841998e+02
8.228795302337880457e+01 2.444880139662841998e+02
9.478795302337880457e+01 2.444880139662841998e+02
1.072879530233788046e+02 2.444880139662841998e+02
1.197879530233788046e+02 2.444880139662841998e+02
1.322879530233788046e+02 2.444880139662841998e+02
1.447879530233788046e+02 2.444880139662841998e+02
1.572879530233788046e+02 2.444880139662841998e+02
1.697879530233788046e+02 2.444880139662841998e+02
1.822879530233788046e+02 2.444880139662841998e+02
1.947879530233788046e+02 2.444880139662841998e+02
2.072879530233788046e+02 2.444880139662841998e+02
2.197879530233788046e+02 2.444880139662841998e+02
1.072879530233788046e+02 2.569880139662841998e+02
1.197879530233788046e+02 2.569880139662841998e+02
1.322879530233788046e+02 2.569880139662841998e+02
1.447879530233788046e+02 2.569880139662841998e+02
1.572879530233788046e+02 2.569880139662841998e+02
1.697879530233788046e+02 2.569880139662841998e+02
1.822879530233788046e+02 2.569880139662841998e+02
1.947879530233788046e+02 2.569880139662841998e+02
1.447879530233788046e+02 2.694880139662841998e+02
1.572879530233788046e+02 2.694880139662841998e+02
