-8.276054927292086916e-02
-8.880255827637513477e-02
-2.844290261048174062e-02
-9.613705041345170510e-02
-5.520628952984138471e-02
-1.167589854599560967e-01
3.618841363710826459e-02
6.902833164801221166e-02
7.824224733523454933e-02
1.062101632368905035e-01
1.123754872873528321e-01
-8.867784016153919258e-02
-3.135041531906206796e-02
3.387033184326641855e-02
7.185830870307453877e-02
8.270283835388829441e-02
9.222828669339588892e-02
1.046787836807616251e-01
7.603228935453816562e-02
9.788291883345007216e-02
-4.824216830041596488e-02
-8.262990515666293612e-02
5.984456335274900007e-02
7.143145287678689948e-02
6.094100987534562669e-02
9.323707537415230895e-02
1.110530012657032217e-01
1.221478673958218547e-01
1.065425285802709121e-01
5.917372059455298233e-02
7.393240369017992086e-02
-4.167309923113095976e-02
-1.013939368303307248e-01
5.586170035369711351e-02
5.440920106338452411e-02
7.392529781935995581e-02
1.029682285824762983e-01
1.189842255134325039e-01
1.175095689153303063e-01
1.154717195930444473e-01
8.628932026908496533e-02
1.012624646399359063e-01
-5.660679572648520674e-02
8.589636379150808465e-02
6.921313751118458868e-02
5.870335535620407191e-02
5.765148180849825194e-02
8.849608627352402446e-02
1.043656022898478003e-01
1.198737656750130526e-01
9.931946129149321623e-02
5.819295412606162454e-02
4.761537446021726211e-02
-1.546223221610659379e-02
-1.587656870596547698e-01
3.322737223901473663e-02
3.228152922634704158e-02
4.250957035533542427e-02
6.917235630358535559e-02
6.552736332828217047e-02
8.399284176959287418e-02
6.160283046713918575e-02
6.396764146396151374e-02
1.001627000464130196e-01
-1.373994343756941017e-01
-1.484988126231161776e-01
-6.059709038355399948e-04
9.782263468941775411e-03
4.094460049308922683e-02
4.585927324442046205e-02
4.524295140067663423e-02
5.160992612026660958e-02
2.730317379261528246e-02
3.987821020933755845e-02
-1.754395874754404241e-02
-1.442087383658429978e-01
-8.420584472096037665e-02
-1.458570580423444452e-01
-5.772344714819897804e-02
-1.326966829869020460e-03
5.790755247872016176e-03
-3.070913530968735761e-05
-9.998325255535494421e-03
1.109084821666812999e-02
-1.289649345467135944e-01
6.161138349831160599e-02
-9.776349487789422199e-02
-8.469256101176882157e-02
-8.788788865307710363e-02
-4.173889676537454602e-02
-1.035651363056345337e-01
-1.998930210427893317e-01
8.001724654303726814e-02
1.481484718866271366e-01
-2.024735639807573664e-02
9.031691177155301564e-02
4.557057357192102753e-02
