1.217804908293667748e-01
5.076383214221236867e-02
-1.793506967090210957e-01
1.096772989593417513e-01
1.477779061549884532e-01
-1.989966313276625709e-01
4.253122956294032309e-02
-7.088390964172647246e-02
3.831875313894305551e-02
-1.799467951170590496e-01
-3.946545833766190725e-05
-1.242537415881845159e-01
6.820742234471174892e-02
-1.632055053421919422e-01
-5.922617891741650820e-02
-3.432402255803959634e-02
1.940865007174049153e-02
3.307201647193604849e-02
-6.629179742418044030e-02
-3.260624633962209279e-02
-6.281064883621541306e-02
-1.103018416656630918e-01
-9.180607581582000964e-02
-1.126897141196547825e-02
7.020345314291981387e-02
9.183280630725401683e-02
6.763453074625486172e-02
9.884253701125811364e-02
1.067226107614922398e-01
9.672200873322295278e-04
-3.247339507491027455e-02
-8.480416190421576073e-02
-1.632708583159047100e-01
5.572886530570138330e-02
-6.565083928357712956e-03
6.047936922670258536e-02
8.528094491997678661e-02
9.864630455797655795e-02
1.076250290555371830e-01
5.822739979418695144e-02
1.160262909905675488e-01
4.496406364221402358e-02
-1.148168250133976553e-01
-5.298910611020961337e-02
2.664599148222041372e-02
3.229281629260138259e-02
8.153458886911592318e-02
9.286313539232669834e-02
9.708213113306439490e-02
1.083922253371612382e-01
9.946537569963270764e-02
7.251751088479482799e-02
6.902754102371166933e-02
-6.153193775458642989e-02
-8.113751488353115882e-02
3.497569374920510288e-02
-6.021238320164556262e-03
6.211061682422169827e-02
8.514272390862086259e-02
1.075996464453907453e-01
9.946441820979536053e-02
5.269637574800972724e-02
9.246603788937665658e-02
6.919205200453812377e-02
-1.065242365350900083e-01
-5.365669480851323336e-02
-4.535289947993506599e-02
-2.330433765808756150e-02
4.339873785381308940e-02
5.298834125472487444e-02
8.356668293674707204e-02
6.133309702149657150e-02
8.980624754849145241e-02
8.919118567485162519e-02
5.709179062429810964e-02
-9.453544716996152564e-02
1.052691638216846082e-01
-7.295591537241827296e-02
1.764395019977754459e-03
2.496066854900759469e-02
6.316485644466691973e-02
3.588080618150606138e-02
4.882583301536234238e-02
5.122579897210055577e-02
-1.027641322483582031e-01
-1.177794047704257968e-02
-1.568030667720858931e-02
-1.918298028175783460e-02
8.910271091412139133e-03
7.707839018546714695e-03
1.857746277487602737e-02
3.692932126354737249e-02
-3.055024585804449327e-02
1.830933398559376341e-02
1.171296173767304438e-01
-1.093252773448693746e-02
-4.463347241506508689e-02
