1.539638736242875811e-02
-1.417669609768946147e-02
-2.241204859250153433e-02
1.114830571791044188e-02
4.294390230875383407e-02
1.026514919615061361e-01
-1.296423231378432406e-02
4.162910484926769447e-03
5.384052240147980256e-02
2.245626987477418977e-03
3.153224243806491273e-02
7.540668945784843868e-02
7.505408265570666371e-02
-4.601519409667473998e-02
-7.711555337712718006e-02
-6.336151200359010915e-02
-8.993942896191740866e-02
-1.032714267593716068e-01
-8.564328437997109633e-02
-5.226865421697185488e-02
-6.197190644088971384e-02
6.093736800743385779e-02
-3.948564621660147905e-02
-5.035232706283613441e-02
-6.601121565039487493e-02
-2.528136791048913104e-02
-4.380511424560774858e-02
-3.310235856737872573e-02
8.242068940349922676e-04
3.837217063897617204e-03
-1.422478411306573980e-02
2.384294561790971378e-02
1.002424333350129815e-01
-1.978557515350009080e-02
-6.919217625735821220e-02
-3.023671324975480551e-02
-5.712768973330351052e-02
-2.311384685486738214e-02
-3.844013745278548368e-03
-3.445102250671087940e-02
-2.798116742846157995e-02
1.338496009386400641e-02
5.715996449330705553e-02
-6.653760084823528292e-03
-2.339291171941184494e-02
-3.601741771933807124e-02
-3.327359132156554322e-02
-8.453575680147482063e-02
-6.256074291413679656e-02
-3.550554763070418174e-02
-5.485812809404406326e-02
-3.267212561279312505e-02
-1.108196198955639991e-02
4.503474220088230645e-02
3.513868955734201355e-02
-9.506830943759060626e-02
-5.666070065986218013e-02
-3.662685765024313589e-02
-5.514349047923397529e-02
-1.013086473826297768e-01
-6.045600560577737287e-02
-3.627642887668400956e-02
-4.288095856934465849e-02
-2.823262630048300678e-02
1.202053630764583630e-01
4.074195754673658187e-02
-7.426518557325363645e-02
-3.240249223135184542e-02
-8.967640652030063608e-02
-7.029414001746991936e-02
-3.822896516033157804e-02
-7.238046428853356362e-02
-1.745184731017465629e-02
-2.385698246042850315e-02
2.027103084957740387e-02
8.870030644651151486e-02
1.211920825461734325e-01
-1.159087782104852860e-01
-8.779626595716792659e-02
-8.090476824820318213e-02
-7.168090076390043475e-02
-1.420682014905990664e-01
-9.384203694681300667e-02
1.813877007402868446e-04
4.833591994137046571e-02
1.045785299802346330e-01
-2.803811499395235905e-03
-5.532253203355819160e-02
-5.470537464871176592e-02
8.433558597941662183e-02
1.599223873380713479e-01
2.364280229672632572e-01
-1.546505029022578366e-02
1.080609905991166825e-01
2.970246327402086273e-01
-2.823428248144265740e-01
-2.078199120621268547e-01
