-7.770441371838586464e-02
-9.854890007440754440e-02
-3.002822954934777910e-02
-5.360559995873031419e-02
-4.992623143486343840e-02
-1.014140282341663563e-01
4.001243066653873554e-02
8.397091237482466608e-02
8.078039216531769651e-02
1.124362578197065088e-01
3.685628167790756804e-02
-3.056276502937366538e-02
-2.120460995267382451e-02
2.681822569939813425e-02
8.412719620389634556e-02
8.698455612682046145e-02
9.342880472106666889e-02
9.712222908713517844e-02
1.084970379389192247e-01
5.841580326218068914e-02
-1.057357384255434990e-01
-7.581176946538886741e-02
5.997007552023956439e-03
7.201473821377514517e-02
5.351261528425706876e-02
1.068812359961054115e-01
1.087670004286756670e-01
1.289818320663653484e-01
6.143681915437040897e-02
8.815442963579837865e-02
9.796429647820188713e-02
-7.317652929153327379e-02
-7.074101947794930734e-02
5.699644878780901064e-02
6.037399025037105960e-02
8.697576062384292095e-02
1.025120001120859159e-01
1.191377458163077746e-01
1.226699302415016207e-01
1.160536683474843039e-01
8.335978701760062004e-02
9.468067181411246591e-02
-1.040881706356392017e-01
3.917505617050152933e-02
3.304913643182625510e-02
3.214999058470594667e-02
5.765286128506651175e-02
9.384905514001253002e-02
1.101172802432082432e-01
9.796469013033431983e-02
8.525817507549249274e-02
6.571349536078402442e-02
4.321533029514484925e-02
-7.354846948631275916e-03
-1.643098641458066445e-01
2.281974924194350718e-02
2.931980922326615779e-02
6.684995234979242140e-02
4.400384196036270790e-02
8.599837227216386437e-02
7.274558383632359626e-02
6.700098500071277607e-02
8.408705183022509300e-02
7.542581237518719561e-02
-1.488138578528733214e-01
-1.473203605452474141e-01
-2.097651470279572258e-02
-1.705082325530802786e-02
3.052597620369526532e-02
5.173482868155487163e-02
5.980738687103090423e-02
5.089590694004599708e-02
3.602828501741156542e-02
5.073841993822387347e-02
-3.302773458136896295e-02
-1.679066551717584843e-01
-1.479099234502505300e-01
-9.594661319986749759e-02
-5.222586386099677125e-02
-8.532276182784952201e-03
-5.271027231641306141e-03
-1.079970331439376353e-02
-2.340120258764873812e-02
-2.123613980526984583e-03
-1.143437488169853633e-01
7.877503412410993833e-02
-2.458192306359376772e-02
-4.195968096980596390e-02
-4.602655367300120121e-02
-2.102118262462206524e-02
-9.076410400147505442e-02
-6.088749931369594193e-02
2.500307611389402176e-02
8.127612755437141345e-02
1.371493766568428196e-01
7.898705412414257221e-02
-1.222899872729383414e-02
