2.976559316246761566e-02
-3.821972805922679850e-02
-1.457757175403220917e-01
-9.544212818452657565e-02
6.627825108454084291e-02
2.159760056506625503e-01
4.286984485652808874e-02
1.613181585211087843e-01
1.530580383779971965e-01
-1.137020073191653130e-01
2.610096434974240043e-01
-1.086407430011793601e-01
1.413362978988269292e-01
-2.771591237328692725e-01
-1.444767207881770925e-02
-2.592383940673325116e-01
-3.372843905002088916e-02
-2.444224221722549051e-02
-7.107736196138300655e-02
-3.744933624953689782e-02
9.046072767348940780e-02
8.696713845025186296e-02
-5.245518940396804927e-03
6.506983288050026404e-02
1.293190726563380952e-02
4.618954532287122133e-02
1.016692358975322848e-02
-3.808882718362809061e-02
-3.082568536203009191e-02
-3.122859479217444945e-02
-7.057890576858392995e-02
-1.264586860840558394e-02
9.725588649709668299e-02
-9.353778624870330571e-02
-7.880357963857052839e-02
-1.009385000231723811e-01
-5.975053137843291950e-02
-7.957619376748735485e-02
-4.710534863051550614e-02
-1.999124824008453871e-02
8.860913249729193263e-04
-2.141385046375407150e-02
1.572135249184586359e-02
-3.381592733385100497e-02
-2.378939592346070164e-02
-3.646911080103697189e-02
-5.528467549879033383e-02
-2.555453591988017178e-02
-3.419278109938992533e-02
-2.860041016500054073e-02
-1.840243050140779116e-02
-2.284635855923921113e-02
2.434343888118987997e-02
8.501981539940631216e-02
3.499317904406924057e-02
-1.525451384678445238e-02
-3.050438743553115367e-02
-6.818516169245934788e-02
-6.285333910838819538e-02
-5.225627387620455921e-02
-5.335306688739884645e-02
-7.145779654327109875e-02
-3.112221427422755607e-02
2.327570843430320363e-02
1.056907857246506682e-01
3.257154337197698535e-02
-6.432096008424362243e-02
-5.790875001231285402e-02
-6.798782679453768685e-02
-7.114791234279735366e-02
-3.333719715754315110e-02
-5.688808168111850194e-02
-1.628278177381668052e-02
-1.856411285814243625e-02
2.947412975652056316e-02
6.329232664905146133e-02
-1.834030779698746227e-02
-1.973814050382729016e-02
-6.375020582548250603e-02
-5.798004863160814704e-02
-5.612839353432146766e-02
-5.410139288870094432e-02
-3.932451075192601453e-02
-3.794877380664108627e-03
3.218911005135030590e-02
1.369028462143031220e-02
-6.310197596332113579e-02
-6.268581498587683098e-02
-5.611709542062169598e-02
-1.173322470580923094e-01
-3.938902172281266018e-02
1.102745624315873696e-01
2.019764112217375604e-02
2.810395264869983145e-02
-1.137797768386014392e-03
5.934882341860761579e-02
8.279370009530515051e-02
