-8.743785462471358183e-02
-1.050865740888090732e-01
-1.713207938322889104e-02
-6.456272639526954016e-02
-6.646584757270122823e-02
-6.970619860996087047e-02
3.930837679225047260e-02
8.937167713030516603e-02
8.521234761843053673e-02
1.254801656886261052e-01
3.415489244847410427e-02
-3.414263069573886256e-02
-5.986008696221099129e-02
3.833730345926281147e-02
8.850483643258952315e-02
8.695516509842837749e-02
9.799082695159366807e-02
9.484689182536451546e-02
1.176045031038027572e-01
4.729788439053608795e-02
-1.028342355193063717e-01
-6.786800615754579047e-02
4.310276299818890239e-02
6.334819707465175198e-02
6.497250720495829912e-02
1.147289678543239738e-01
1.179785145735327556e-01
1.243963948724902402e-01
7.258552751612426523e-02
1.031532617636872762e-01
8.310065473089058019e-02
-9.298632184860552985e-02
-8.543653996863151412e-02
5.212443194634123339e-02
6.855393352232137805e-02
9.007250173455783049e-02
1.049236610196120911e-01
1.217613969175450200e-01
1.252019537930459669e-01
1.168290021618712399e-01
8.913712756799772874e-02
1.178760428978127550e-01
-1.231330156209022586e-01
2.787246071752074589e-02
3.476144588412599656e-02
4.251743987595631852e-02
6.643951640988515761e-02
1.010893286806856806e-01
1.209395277112426254e-01
1.028080184739746800e-01
8.834022653878424725e-02
7.202586027779959987e-02
4.486304527157217170e-02
-5.146531038752493598e-03
-1.168928212659707117e-01
1.811383799670442888e-03
3.193365607342416729e-02
6.004686070803579023e-02
5.584925106075807472e-02
9.344091668581827603e-02
6.587577087807439113e-02
7.898948162600478995e-02
8.398059175198402393e-02
8.310349413769166360e-02
-1.456144360863976805e-01
-1.240902081858333977e-01
-1.507205272713144951e-02
1.725515846129730899e-02
3.473142490694624412e-02
4.838695083890169613e-02
6.564321924272778497e-02
4.882453720100418670e-02
4.291306353432470383e-02
4.929455489592856482e-02
-4.012657617656156805e-02
-1.699421727342764477e-01
-1.905617808587752593e-01
-7.491082072485995280e-02
-3.554561801718528896e-02
4.021718279971371254e-03
1.189783401694394400e-02
-4.144467418074940755e-03
-4.546656035140348578e-03
1.355865677227239934e-02
-1.055663165677463572e-01
-1.571033642740173692e-03
-2.478941617824876112e-02
-7.236638947070737904e-02
-3.213218916111872797e-02
-5.661137976296636010e-02
-1.033845780188340641e-01
-7.705489105041536668e-02
2.249980217924794565e-02
8.269980098596488305e-02
1.187239058703975780e-01
9.640400080464574251e-02
5.442436673893200939e-03
