4.237292392638727923e-02
2.372031107972055047e-02
-3.990856683203052035e-02
2.269454618893464518e-02
6.811115758216515492e-02
6.124461771428550000e-02
2.185007407439332368e-03
-8.415109265715725942e-03
3.895608443175044289e-02
7.569321251824732977e-02
7.736754122421514446e-02
6.433655038111273095e-02
7.041463183920809721e-02
-4.281045642140162560e-02
-1.141352146448990079e-02
-2.554887269279241743e-02
-6.643033040900667152e-02
-7.677374477627441074e-02
-3.620801345176989650e-02
-1.881308223248356545e-02
-3.487534174822751881e-02
2.627425382665724007e-02
-1.853451407426606398e-02
-3.121241627433933661e-03
-5.462501237478291360e-02
-7.604227663823555361e-02
-3.357720504369142434e-02
-9.940062276300809518e-02
9.043135262173027100e-02
-1.064584965846531589e-01
-1.541260319020625914e-02
2.733133957253653518e-02
4.177449990888018605e-02
4.816735472866141149e-03
-1.400393645445277557e-02
-4.133654366872294150e-02
-4.060332652305082002e-02
1.056926534457577720e-02
-1.475831697700360871e-02
-4.744082865972402280e-02
-1.054029906796437668e-02
7.202975452063902287e-03
3.924042762802766593e-02
1.294042668568929320e-02
-5.891005616169769227e-03
-3.844525684938297078e-02
-2.490585608589858391e-02
-4.210968212210175476e-02
-5.721774190819365474e-02
-5.578724439238918337e-02
-3.421184008289092360e-02
-4.969177357337217077e-03
1.636752942654829540e-02
1.458132967480449578e-02
-3.661987993057066321e-02
-6.565881605688091149e-02
-4.260927704278843348e-02
-4.572415079366871221e-02
-7.630531735890970502e-02
-4.116380766077404330e-02
-4.696652520583034784e-02
-5.761131106796960055e-02
-2.022825172678750782e-02
2.960817264425345818e-02
1.659325799458827994e-02
-2.971483208777193213e-02
-1.196442484892922403e-01
-1.612828271598953922e-02
-7.576517863726942026e-02
-5.963463272954495908e-02
-5.591496996628221583e-02
-7.971912743311398986e-02
-1.414381480145292767e-02
-4.000702585996854938e-02
1.585470401408877600e-02
1.381645665272755209e-02
1.329836934708107099e-01
-2.012120578656212688e-01
-7.160292782966744263e-02
-6.602932716014098258e-02
-7.703579617782457811e-02
-8.935760435264128443e-02
-7.175758952154999426e-02
2.100637724703682124e-02
-1.041428838715156846e-02
2.183130041159204449e-01
-1.395896648925028238e-01
-9.223850436389346985e-02
-7.730782113355069707e-02
-1.072488659601634475e-01
1.094539452905321161e-02
7.358364401369960062e-02
8.185037990065466285e-03
2.003068235599619537e-02
4.268121125682074191e-02
9.390125194573928358e-02
9.886496840074485148e-02
